Date,2nd Ave Cycletrack,NB,SB
01/01/2015 12:00:00 AM,3,0,3
01/01/2015 01:00:00 AM,9,0,9
01/01/2015 02:00:00 AM,2,0,2
01/01/2015 03:00:00 AM,0,0,0
01/01/2015 04:00:00 AM,0,0,0
01/01/2015 05:00:00 AM,0,0,0
01/01/2015 06:00:00 AM,2,1,1
01/01/2015 07:00:00 AM,4,1,3
01/01/2015 08:00:00 AM,2,0,2
01/01/2015 09:00:00 AM,5,0,5
01/01/2015 10:00:00 AM,6,2,4
01/01/2015 11:00:00 AM,8,4,4
01/01/2015 12:00:00 PM,2,0,2
01/01/2015 01:00:00 PM,10,5,5
01/01/2015 02:00:00 PM,10,4,6
01/01/2015 03:00:00 PM,10,6,4
01/01/2015 04:00:00 PM,12,6,6
01/01/2015 05:00:00 PM,4,1,3
01/01/2015 06:00:00 PM,2,1,1
01/01/2015 07:00:00 PM,4,0,4
01/01/2015 08:00:00 PM,0,0,0
01/01/2015 09:00:00 PM,2,0,2
01/01/2015 10:00:00 PM,1,0,1
01/01/2015 11:00:00 PM,2,1,1
01/02/2015 12:00:00 AM,1,1,0
01/02/2015 01:00:00 AM,1,1,0
01/02/2015 02:00:00 AM,5,5,0
01/02/2015 03:00:00 AM,0,0,0
01/02/2015 04:00:00 AM,3,3,0
01/02/2015 05:00:00 AM,2,0,2
01/02/2015 06:00:00 AM,14,7,7
01/02/2015 07:00:00 AM,16,6,10
01/02/2015 08:00:00 AM,31,9,22
01/02/2015 09:00:00 AM,21,6,15
01/02/2015 10:00:00 AM,18,5,13
01/02/2015 11:00:00 AM,15,4,11
01/02/2015 12:00:00 PM,14,6,8
01/02/2015 01:00:00 PM,20,2,18
01/02/2015 02:00:00 PM,16,10,6
01/02/2015 03:00:00 PM,30,7,23
01/02/2015 04:00:00 PM,35,13,22
01/02/2015 05:00:00 PM,43,15,28
01/02/2015 06:00:00 PM,14,7,7
01/02/2015 07:00:00 PM,6,2,4
01/02/2015 08:00:00 PM,3,1,2
01/02/2015 09:00:00 PM,0,0,0
01/02/2015 10:00:00 PM,6,3,3
01/02/2015 11:00:00 PM,3,1,2
01/03/2015 12:00:00 AM,4,0,4
01/03/2015 01:00:00 AM,3,3,0
01/03/2015 02:00:00 AM,2,2,0
01/03/2015 03:00:00 AM,0,0,0
01/03/2015 04:00:00 AM,1,0,1
01/03/2015 05:00:00 AM,1,0,1
01/03/2015 06:00:00 AM,1,0,1
01/03/2015 07:00:00 AM,6,3,3
01/03/2015 08:00:00 AM,5,0,5
01/03/2015 09:00:00 AM,5,2,3
01/03/2015 10:00:00 AM,12,3,9
01/03/2015 11:00:00 AM,10,1,9
01/03/2015 12:00:00 PM,12,2,10
01/03/2015 01:00:00 PM,15,8,7
01/03/2015 02:00:00 PM,18,9,9
01/03/2015 03:00:00 PM,10,5,5
01/03/2015 04:00:00 PM,13,6,7
01/03/2015 05:00:00 PM,11,1,10
01/03/2015 06:00:00 PM,8,3,5
01/03/2015 07:00:00 PM,5,1,4
01/03/2015 08:00:00 PM,7,2,5
01/03/2015 09:00:00 PM,8,1,7
01/03/2015 10:00:00 PM,8,3,5
01/03/2015 11:00:00 PM,2,1,1
01/04/2015 12:00:00 AM,2,0,2
01/04/2015 01:00:00 AM,1,0,1
01/04/2015 02:00:00 AM,1,0,1
01/04/2015 03:00:00 AM,1,0,1
01/04/2015 04:00:00 AM,1,0,1
01/04/2015 05:00:00 AM,1,1,0
01/04/2015 06:00:00 AM,3,1,2
01/04/2015 07:00:00 AM,2,0,2
01/04/2015 08:00:00 AM,3,1,2
01/04/2015 09:00:00 AM,5,3,2
01/04/2015 10:00:00 AM,3,2,1
01/04/2015 11:00:00 AM,1,1,0
01/04/2015 12:00:00 PM,9,3,6
01/04/2015 01:00:00 PM,10,0,10
01/04/2015 02:00:00 PM,8,2,6
01/04/2015 03:00:00 PM,3,1,2
01/04/2015 04:00:00 PM,7,5,2
01/04/2015 05:00:00 PM,25,14,11
01/04/2015 06:00:00 PM,2,0,2
01/04/2015 07:00:00 PM,2,1,1
01/04/2015 08:00:00 PM,1,0,1
01/04/2015 09:00:00 PM,7,3,4
01/04/2015 10:00:00 PM,5,2,3
01/04/2015 11:00:00 PM,0,0,0
01/05/2015 12:00:00 AM,1,1,0
01/05/2015 01:00:00 AM,0,0,0
01/05/2015 02:00:00 AM,1,0,1
01/05/2015 03:00:00 AM,1,1,0
01/05/2015 04:00:00 AM,0,0,0
01/05/2015 05:00:00 AM,9,5,4
01/05/2015 06:00:00 AM,21,10,11
01/05/2015 07:00:00 AM,33,15,18
01/05/2015 08:00:00 AM,68,19,49
01/05/2015 09:00:00 AM,37,14,23
01/05/2015 10:00:00 AM,17,4,13
01/05/2015 11:00:00 AM,14,6,8
01/05/2015 12:00:00 PM,20,8,12
01/05/2015 01:00:00 PM,18,7,11
01/05/2015 02:00:00 PM,15,5,10
01/05/2015 03:00:00 PM,32,9,23
01/05/2015 04:00:00 PM,50,11,39
01/05/2015 05:00:00 PM,93,29,64
01/05/2015 06:00:00 PM,43,12,31
01/05/2015 07:00:00 PM,17,5,12
01/05/2015 08:00:00 PM,9,1,8
01/05/2015 09:00:00 PM,6,0,6
01/05/2015 10:00:00 PM,1,0,1
01/05/2015 11:00:00 PM,1,1,0
01/06/2015 12:00:00 AM,5,4,1
01/06/2015 01:00:00 AM,1,1,0
01/06/2015 02:00:00 AM,0,0,0
01/06/2015 03:00:00 AM,2,1,1
01/06/2015 04:00:00 AM,2,2,0
01/06/2015 05:00:00 AM,10,2,8
01/06/2015 06:00:00 AM,38,17,21
01/06/2015 07:00:00 AM,53,21,32
01/06/2015 08:00:00 AM,102,29,73
01/06/2015 09:00:00 AM,62,23,39
01/06/2015 10:00:00 AM,34,6,28
01/06/2015 11:00:00 AM,26,11,15
01/06/2015 12:00:00 PM,15,8,7
01/06/2015 01:00:00 PM,39,19,20
01/06/2015 02:00:00 PM,31,12,19
01/06/2015 03:00:00 PM,35,13,22
01/06/2015 04:00:00 PM,80,17,63
01/06/2015 05:00:00 PM,99,33,66
01/06/2015 06:00:00 PM,68,31,37
01/06/2015 07:00:00 PM,24,8,16
01/06/2015 08:00:00 PM,10,6,4
01/06/2015 09:00:00 PM,11,3,8
01/06/2015 10:00:00 PM,4,1,3
01/06/2015 11:00:00 PM,8,1,7
01/07/2015 12:00:00 AM,0,0,0
01/07/2015 01:00:00 AM,3,0,3
01/07/2015 02:00:00 AM,0,0,0
01/07/2015 03:00:00 AM,0,0,0
01/07/2015 04:00:00 AM,1,0,1
01/07/2015 05:00:00 AM,6,3,3
01/07/2015 06:00:00 AM,38,17,21
01/07/2015 07:00:00 AM,53,19,34
01/07/2015 08:00:00 AM,108,31,77
01/07/2015 09:00:00 AM,66,21,45
01/07/2015 10:00:00 AM,39,12,27
01/07/2015 11:00:00 AM,29,13,16
01/07/2015 12:00:00 PM,32,11,21
01/07/2015 01:00:00 PM,24,8,16
01/07/2015 02:00:00 PM,27,10,17
01/07/2015 03:00:00 PM,43,12,31
01/07/2015 04:00:00 PM,74,22,52
01/07/2015 05:00:00 PM,134,50,84
01/07/2015 06:00:00 PM,61,20,41
01/07/2015 07:00:00 PM,18,9,9
01/07/2015 08:00:00 PM,10,4,6
01/07/2015 09:00:00 PM,4,1,3
01/07/2015 10:00:00 PM,2,0,2
01/07/2015 11:00:00 PM,3,0,3
01/08/2015 12:00:00 AM,4,0,4
01/08/2015 01:00:00 AM,2,0,2
01/08/2015 02:00:00 AM,1,1,0
01/08/2015 03:00:00 AM,1,0,1
01/08/2015 04:00:00 AM,1,1,0
01/08/2015 05:00:00 AM,7,1,6
01/08/2015 06:00:00 AM,30,11,19
01/08/2015 07:00:00 AM,46,11,35
01/08/2015 08:00:00 AM,103,34,69
01/08/2015 09:00:00 AM,68,19,49
01/08/2015 10:00:00 AM,39,16,23
01/08/2015 11:00:00 AM,37,8,29
01/08/2015 12:00:00 PM,24,5,19
01/08/2015 01:00:00 PM,30,11,19
01/08/2015 02:00:00 PM,24,11,13
01/08/2015 03:00:00 PM,37,12,25
01/08/2015 04:00:00 PM,66,21,45
01/08/2015 05:00:00 PM,113,30,83
01/08/2015 06:00:00 PM,63,26,37
01/08/2015 07:00:00 PM,27,11,16
01/08/2015 08:00:00 PM,12,7,5
01/08/2015 09:00:00 PM,3,1,2
01/08/2015 10:00:00 PM,6,1,5
01/08/2015 11:00:00 PM,4,1,3
01/09/2015 12:00:00 AM,5,0,5
01/09/2015 01:00:00 AM,2,0,2
01/09/2015 02:00:00 AM,2,1,1
01/09/2015 03:00:00 AM,0,0,0
01/09/2015 04:00:00 AM,1,0,1
01/09/2015 05:00:00 AM,6,4,2
01/09/2015 06:00:00 AM,26,11,15
01/09/2015 07:00:00 AM,52,15,37
01/09/2015 08:00:00 AM,83,29,54
01/09/2015 09:00:00 AM,54,15,39
01/09/2015 10:00:00 AM,23,9,14
01/09/2015 11:00:00 AM,23,9,14
01/09/2015 12:00:00 PM,31,15,16
01/09/2015 01:00:00 PM,26,13,13
01/09/2015 02:00:00 PM,25,9,16
01/09/2015 03:00:00 PM,36,10,26
01/09/2015 04:00:00 PM,69,18,51
01/09/2015 05:00:00 PM,119,48,71
01/09/2015 06:00:00 PM,56,20,36
01/09/2015 07:00:00 PM,24,7,17
01/09/2015 08:00:00 PM,8,5,3
01/09/2015 09:00:00 PM,6,0,6
01/09/2015 10:00:00 PM,2,0,2
01/09/2015 11:00:00 PM,6,3,3
01/10/2015 12:00:00 AM,7,1,6
01/10/2015 01:00:00 AM,0,0,0
01/10/2015 02:00:00 AM,1,1,0
01/10/2015 03:00:00 AM,0,0,0
01/10/2015 04:00:00 AM,0,0,0
01/10/2015 05:00:00 AM,0,0,0
01/10/2015 06:00:00 AM,4,1,3
01/10/2015 07:00:00 AM,4,2,2
01/10/2015 08:00:00 AM,11,3,8
01/10/2015 09:00:00 AM,11,1,10
01/10/2015 10:00:00 AM,4,1,3
01/10/2015 11:00:00 AM,17,1,16
01/10/2015 12:00:00 PM,11,2,9
01/10/2015 01:00:00 PM,15,8,7
01/10/2015 02:00:00 PM,18,4,14
01/10/2015 03:00:00 PM,17,6,11
01/10/2015 04:00:00 PM,12,4,8
01/10/2015 05:00:00 PM,17,8,9
01/10/2015 06:00:00 PM,13,9,4
01/10/2015 07:00:00 PM,6,3,3
01/10/2015 08:00:00 PM,9,5,4
01/10/2015 09:00:00 PM,12,8,4
01/10/2015 10:00:00 PM,15,12,3
01/10/2015 11:00:00 PM,0,0,0
01/11/2015 12:00:00 AM,7,3,4
01/11/2015 01:00:00 AM,1,0,1
01/11/2015 02:00:00 AM,0,0,0
01/11/2015 03:00:00 AM,1,0,1
01/11/2015 04:00:00 AM,1,1,0
01/11/2015 05:00:00 AM,1,1,0
01/11/2015 06:00:00 AM,3,2,1
01/11/2015 07:00:00 AM,5,1,4
01/11/2015 08:00:00 AM,8,6,2
01/11/2015 09:00:00 AM,4,0,4
01/11/2015 10:00:00 AM,6,2,4
01/11/2015 11:00:00 AM,7,1,6
01/11/2015 12:00:00 PM,11,5,6
01/11/2015 01:00:00 PM,10,1,9
01/11/2015 02:00:00 PM,15,6,9
01/11/2015 03:00:00 PM,12,3,9
01/11/2015 04:00:00 PM,4,1,3
01/11/2015 05:00:00 PM,7,1,6
01/11/2015 06:00:00 PM,4,1,3
01/11/2015 07:00:00 PM,2,0,2
01/11/2015 08:00:00 PM,3,1,2
01/11/2015 09:00:00 PM,4,0,4
01/11/2015 10:00:00 PM,3,1,2
01/11/2015 11:00:00 PM,0,0,0
01/12/2015 12:00:00 AM,2,0,2
01/12/2015 01:00:00 AM,0,0,0
01/12/2015 02:00:00 AM,0,0,0
01/12/2015 03:00:00 AM,0,0,0
01/12/2015 04:00:00 AM,0,0,0
01/12/2015 05:00:00 AM,13,4,9
01/12/2015 06:00:00 AM,30,15,15
01/12/2015 07:00:00 AM,46,14,32
01/12/2015 08:00:00 AM,81,21,60
01/12/2015 09:00:00 AM,66,22,44
01/12/2015 10:00:00 AM,28,11,17
01/12/2015 11:00:00 AM,25,12,13
01/12/2015 12:00:00 PM,20,11,9
01/12/2015 01:00:00 PM,25,8,17
01/12/2015 02:00:00 PM,22,10,12
01/12/2015 03:00:00 PM,39,10,29
01/12/2015 04:00:00 PM,78,24,54
01/12/2015 05:00:00 PM,106,39,67
01/12/2015 06:00:00 PM,62,27,35
01/12/2015 07:00:00 PM,20,9,11
01/12/2015 08:00:00 PM,10,2,8
01/12/2015 09:00:00 PM,11,2,9
01/12/2015 10:00:00 PM,4,1,3
01/12/2015 11:00:00 PM,3,2,1
01/13/2015 12:00:00 AM,1,0,1
01/13/2015 01:00:00 AM,3,0,3
01/13/2015 02:00:00 AM,1,0,1
01/13/2015 03:00:00 AM,1,0,1
01/13/2015 04:00:00 AM,1,0,1
01/13/2015 05:00:00 AM,8,2,6
01/13/2015 06:00:00 AM,27,9,18
01/13/2015 07:00:00 AM,63,23,40
01/13/2015 08:00:00 AM,96,25,71
01/13/2015 09:00:00 AM,68,17,51
01/13/2015 10:00:00 AM,28,11,17
01/13/2015 11:00:00 AM,33,15,18
01/13/2015 12:00:00 PM,31,14,17
01/13/2015 01:00:00 PM,26,9,17
01/13/2015 02:00:00 PM,19,11,8
01/13/2015 03:00:00 PM,39,13,26
01/13/2015 04:00:00 PM,82,22,60
01/13/2015 05:00:00 PM,109,40,69
01/13/2015 06:00:00 PM,61,31,30
01/13/2015 07:00:00 PM,26,11,15
01/13/2015 08:00:00 PM,13,3,10
01/13/2015 09:00:00 PM,7,2,5
01/13/2015 10:00:00 PM,7,4,3
01/13/2015 11:00:00 PM,3,0,3
01/14/2015 12:00:00 AM,0,0,0
01/14/2015 01:00:00 AM,2,0,2
01/14/2015 02:00:00 AM,1,0,1
01/14/2015 03:00:00 AM,0,0,0
01/14/2015 04:00:00 AM,1,1,0
01/14/2015 05:00:00 AM,9,3,6
01/14/2015 06:00:00 AM,27,13,14
01/14/2015 07:00:00 AM,53,17,36
01/14/2015 08:00:00 AM,92,33,59
01/14/2015 09:00:00 AM,56,16,40
01/14/2015 10:00:00 AM,25,8,17
01/14/2015 11:00:00 AM,28,11,17
01/14/2015 12:00:00 PM,24,10,14
01/14/2015 01:00:00 PM,43,16,27
01/14/2015 02:00:00 PM,25,9,16
01/14/2015 03:00:00 PM,47,12,35
01/14/2015 04:00:00 PM,65,17,48
01/14/2015 05:00:00 PM,121,45,76
01/14/2015 06:00:00 PM,68,28,40
01/14/2015 07:00:00 PM,30,14,16
01/14/2015 08:00:00 PM,12,3,9
01/14/2015 09:00:00 PM,12,5,7
01/14/2015 10:00:00 PM,6,2,4
01/14/2015 11:00:00 PM,0,0,0
01/15/2015 12:00:00 AM,4,2,2
01/15/2015 01:00:00 AM,4,1,3
01/15/2015 02:00:00 AM,0,0,0
01/15/2015 03:00:00 AM,1,0,1
01/15/2015 04:00:00 AM,3,1,2
01/15/2015 05:00:00 AM,0,0,0
01/15/2015 06:00:00 AM,17,10,7
01/15/2015 07:00:00 AM,37,15,22
01/15/2015 08:00:00 AM,77,16,61
01/15/2015 09:00:00 AM,53,14,39
01/15/2015 10:00:00 AM,31,9,22
01/15/2015 11:00:00 AM,20,9,11
01/15/2015 12:00:00 PM,27,12,15
01/15/2015 01:00:00 PM,20,9,11
01/15/2015 02:00:00 PM,11,6,5
01/15/2015 03:00:00 PM,28,8,20
01/15/2015 04:00:00 PM,58,15,43
01/15/2015 05:00:00 PM,79,24,55
01/15/2015 06:00:00 PM,45,21,24
01/15/2015 07:00:00 PM,16,6,10
01/15/2015 08:00:00 PM,7,0,7
01/15/2015 09:00:00 PM,4,2,2
01/15/2015 10:00:00 PM,4,0,4
01/15/2015 11:00:00 PM,2,0,2
01/16/2015 12:00:00 AM,2,0,2
01/16/2015 01:00:00 AM,0,0,0
01/16/2015 02:00:00 AM,0,0,0
01/16/2015 03:00:00 AM,0,0,0
01/16/2015 04:00:00 AM,1,0,1
01/16/2015 05:00:00 AM,6,2,4
01/16/2015 06:00:00 AM,16,6,10
01/16/2015 07:00:00 AM,40,13,27
01/16/2015 08:00:00 AM,57,18,39
01/16/2015 09:00:00 AM,52,17,35
01/16/2015 10:00:00 AM,22,6,16
01/16/2015 11:00:00 AM,30,8,22
01/16/2015 12:00:00 PM,17,13,4
01/16/2015 01:00:00 PM,29,12,17
01/16/2015 02:00:00 PM,32,7,25
01/16/2015 03:00:00 PM,41,12,29
01/16/2015 04:00:00 PM,68,29,39
01/16/2015 05:00:00 PM,83,35,48
01/16/2015 06:00:00 PM,59,17,42
01/16/2015 07:00:00 PM,12,3,9
01/16/2015 08:00:00 PM,8,4,4
01/16/2015 09:00:00 PM,5,4,1
01/16/2015 10:00:00 PM,10,4,6
01/16/2015 11:00:00 PM,7,1,6
01/17/2015 12:00:00 AM,4,0,4
01/17/2015 01:00:00 AM,1,0,1
01/17/2015 02:00:00 AM,2,0,2
01/17/2015 03:00:00 AM,0,0,0
01/17/2015 04:00:00 AM,2,1,1
01/17/2015 05:00:00 AM,4,1,3
01/17/2015 06:00:00 AM,3,2,1
01/17/2015 07:00:00 AM,1,0,1
01/17/2015 08:00:00 AM,4,1,3
01/17/2015 09:00:00 AM,5,2,3
01/17/2015 10:00:00 AM,5,0,5
01/17/2015 11:00:00 AM,5,3,2
01/17/2015 12:00:00 PM,15,7,8
01/17/2015 01:00:00 PM,8,6,2
01/17/2015 02:00:00 PM,13,3,10
01/17/2015 03:00:00 PM,15,9,6
01/17/2015 04:00:00 PM,10,3,7
01/17/2015 05:00:00 PM,10,5,5
01/17/2015 06:00:00 PM,5,1,4
01/17/2015 07:00:00 PM,5,1,4
01/17/2015 08:00:00 PM,5,1,4
01/17/2015 09:00:00 PM,1,0,1
01/17/2015 10:00:00 PM,0,0,0
01/17/2015 11:00:00 PM,8,2,6
01/18/2015 12:00:00 AM,4,1,3
01/18/2015 01:00:00 AM,1,0,1
01/18/2015 02:00:00 AM,1,0,1
01/18/2015 03:00:00 AM,0,0,0
01/18/2015 04:00:00 AM,2,1,1
01/18/2015 05:00:00 AM,5,2,3
01/18/2015 06:00:00 AM,5,2,3
01/18/2015 07:00:00 AM,6,0,6
01/18/2015 08:00:00 AM,2,0,2
01/18/2015 09:00:00 AM,6,2,4
01/18/2015 10:00:00 AM,9,1,8
01/18/2015 11:00:00 AM,11,3,8
01/18/2015 12:00:00 PM,4,1,3
01/18/2015 01:00:00 PM,7,5,2
01/18/2015 02:00:00 PM,5,1,4
01/18/2015 03:00:00 PM,8,2,6
01/18/2015 04:00:00 PM,32,15,17
01/18/2015 05:00:00 PM,9,2,7
01/18/2015 06:00:00 PM,33,31,2
01/18/2015 07:00:00 PM,4,1,3
01/18/2015 08:00:00 PM,5,1,4
01/18/2015 09:00:00 PM,5,2,3
01/18/2015 10:00:00 PM,4,2,2
01/18/2015 11:00:00 PM,4,1,3
01/19/2015 12:00:00 AM,1,0,1
01/19/2015 01:00:00 AM,2,0,2
01/19/2015 02:00:00 AM,2,0,2
01/19/2015 03:00:00 AM,1,0,1
01/19/2015 04:00:00 AM,3,0,3
01/19/2015 05:00:00 AM,7,5,2
01/19/2015 06:00:00 AM,12,4,8
01/19/2015 07:00:00 AM,15,3,12
01/19/2015 08:00:00 AM,43,14,29
01/19/2015 09:00:00 AM,30,6,24
01/19/2015 10:00:00 AM,20,7,13
01/19/2015 11:00:00 AM,14,5,9
01/19/2015 12:00:00 PM,24,8,16
01/19/2015 01:00:00 PM,19,9,10
01/19/2015 02:00:00 PM,24,8,16
01/19/2015 03:00:00 PM,33,12,21
01/19/2015 04:00:00 PM,45,9,36
01/19/2015 05:00:00 PM,51,19,32
01/19/2015 06:00:00 PM,38,12,26
01/19/2015 07:00:00 PM,15,4,11
01/19/2015 08:00:00 PM,3,1,2
01/19/2015 09:00:00 PM,7,2,5
01/19/2015 10:00:00 PM,4,0,4
01/19/2015 11:00:00 PM,4,1,3
01/20/2015 12:00:00 AM,0,0,0
01/20/2015 01:00:00 AM,3,0,3
01/20/2015 02:00:00 AM,1,0,1
01/20/2015 03:00:00 AM,0,0,0
01/20/2015 04:00:00 AM,1,1,0
01/20/2015 05:00:00 AM,7,3,4
01/20/2015 06:00:00 AM,27,12,15
01/20/2015 07:00:00 AM,65,19,46
01/20/2015 08:00:00 AM,103,28,75
01/20/2015 09:00:00 AM,57,20,37
01/20/2015 10:00:00 AM,24,8,16
01/20/2015 11:00:00 AM,30,9,21
01/20/2015 12:00:00 PM,21,10,11
01/20/2015 01:00:00 PM,24,9,15
01/20/2015 02:00:00 PM,32,15,17
01/20/2015 03:00:00 PM,41,10,31
01/20/2015 04:00:00 PM,86,22,64
01/20/2015 05:00:00 PM,116,47,69
01/20/2015 06:00:00 PM,63,23,40
01/20/2015 07:00:00 PM,19,7,12
01/20/2015 08:00:00 PM,14,3,11
01/20/2015 09:00:00 PM,11,4,7
01/20/2015 10:00:00 PM,10,1,9
01/20/2015 11:00:00 PM,3,1,2
01/21/2015 12:00:00 AM,2,0,2
01/21/2015 01:00:00 AM,0,0,0
01/21/2015 02:00:00 AM,1,0,1
01/21/2015 03:00:00 AM,0,0,0
01/21/2015 04:00:00 AM,0,0,0
01/21/2015 05:00:00 AM,4,1,3
01/21/2015 06:00:00 AM,29,13,16
01/21/2015 07:00:00 AM,51,16,35
01/21/2015 08:00:00 AM,97,25,72
01/21/2015 09:00:00 AM,52,17,35
01/21/2015 10:00:00 AM,30,8,22
01/21/2015 11:00:00 AM,26,12,14
01/21/2015 12:00:00 PM,26,10,16
01/21/2015 01:00:00 PM,22,9,13
01/21/2015 02:00:00 PM,33,10,23
01/21/2015 03:00:00 PM,51,15,36
01/21/2015 04:00:00 PM,73,16,57
01/21/2015 05:00:00 PM,98,33,65
01/21/2015 06:00:00 PM,61,20,41
01/21/2015 07:00:00 PM,28,8,20
01/21/2015 08:00:00 PM,8,7,1
01/21/2015 09:00:00 PM,13,2,11
01/21/2015 10:00:00 PM,5,3,2
01/21/2015 11:00:00 PM,3,0,3
01/22/2015 12:00:00 AM,2,0,2
01/22/2015 01:00:00 AM,2,0,2
01/22/2015 02:00:00 AM,1,1,0
01/22/2015 03:00:00 AM,1,0,1
01/22/2015 04:00:00 AM,2,2,0
01/22/2015 05:00:00 AM,4,1,3
01/22/2015 06:00:00 AM,27,14,13
01/22/2015 07:00:00 AM,55,18,37
01/22/2015 08:00:00 AM,72,26,46
01/22/2015 09:00:00 AM,40,9,31
01/22/2015 10:00:00 AM,26,9,17
01/22/2015 11:00:00 AM,28,11,17
01/22/2015 12:00:00 PM,33,10,23
01/22/2015 01:00:00 PM,28,10,18
01/22/2015 02:00:00 PM,34,8,26
01/22/2015 03:00:00 PM,41,14,27
01/22/2015 04:00:00 PM,64,22,42
01/22/2015 05:00:00 PM,85,25,60
01/22/2015 06:00:00 PM,55,22,33
01/22/2015 07:00:00 PM,12,2,10
01/22/2015 08:00:00 PM,11,3,8
01/22/2015 09:00:00 PM,11,4,7
01/22/2015 10:00:00 PM,2,0,2
01/22/2015 11:00:00 PM,6,3,3
01/23/2015 12:00:00 AM,5,0,5
01/23/2015 01:00:00 AM,1,0,1
01/23/2015 02:00:00 AM,1,0,1
01/23/2015 03:00:00 AM,1,0,1
01/23/2015 04:00:00 AM,2,2,0
01/23/2015 05:00:00 AM,6,2,4
01/23/2015 06:00:00 AM,17,8,9
01/23/2015 07:00:00 AM,41,14,27
01/23/2015 08:00:00 AM,71,25,46
01/23/2015 09:00:00 AM,46,17,29
01/23/2015 10:00:00 AM,26,11,15
01/23/2015 11:00:00 AM,20,8,12
01/23/2015 12:00:00 PM,22,10,12
01/23/2015 01:00:00 PM,26,15,11
01/23/2015 02:00:00 PM,22,12,10
01/23/2015 03:00:00 PM,26,7,19
01/23/2015 04:00:00 PM,54,15,39
01/23/2015 05:00:00 PM,79,25,54
01/23/2015 06:00:00 PM,39,14,25
01/23/2015 07:00:00 PM,14,7,7
01/23/2015 08:00:00 PM,9,2,7
01/23/2015 09:00:00 PM,7,3,4
01/23/2015 10:00:00 PM,7,1,6
01/23/2015 11:00:00 PM,4,1,3
01/24/2015 12:00:00 AM,3,1,2
01/24/2015 01:00:00 AM,0,0,0
01/24/2015 02:00:00 AM,1,1,0
01/24/2015 03:00:00 AM,0,0,0
01/24/2015 04:00:00 AM,3,1,2
01/24/2015 05:00:00 AM,0,0,0
01/24/2015 06:00:00 AM,2,1,1
01/24/2015 07:00:00 AM,3,2,1
01/24/2015 08:00:00 AM,8,4,4
01/24/2015 09:00:00 AM,11,5,6
01/24/2015 10:00:00 AM,3,1,2
01/24/2015 11:00:00 AM,16,3,13
01/24/2015 12:00:00 PM,15,5,10
01/24/2015 01:00:00 PM,11,6,5
01/24/2015 02:00:00 PM,21,5,16
01/24/2015 03:00:00 PM,20,3,17
01/24/2015 04:00:00 PM,14,4,10
01/24/2015 05:00:00 PM,20,7,13
01/24/2015 06:00:00 PM,13,5,8
01/24/2015 07:00:00 PM,8,4,4
01/24/2015 08:00:00 PM,3,0,3
01/24/2015 09:00:00 PM,4,1,3
01/24/2015 10:00:00 PM,11,5,6
01/24/2015 11:00:00 PM,5,2,3
01/25/2015 12:00:00 AM,2,0,2
01/25/2015 01:00:00 AM,4,0,4
01/25/2015 02:00:00 AM,2,1,1
01/25/2015 03:00:00 AM,3,0,3
01/25/2015 04:00:00 AM,2,0,2
01/25/2015 05:00:00 AM,1,0,1
01/25/2015 06:00:00 AM,3,1,2
01/25/2015 07:00:00 AM,2,1,1
01/25/2015 08:00:00 AM,4,0,4
01/25/2015 09:00:00 AM,15,9,6
01/25/2015 10:00:00 AM,13,3,10
01/25/2015 11:00:00 AM,15,3,12
01/25/2015 12:00:00 PM,37,5,32
01/25/2015 01:00:00 PM,29,8,21
01/25/2015 02:00:00 PM,34,12,22
01/25/2015 03:00:00 PM,26,10,16
01/25/2015 04:00:00 PM,16,7,9
01/25/2015 05:00:00 PM,18,5,13
01/25/2015 06:00:00 PM,10,6,4
01/25/2015 07:00:00 PM,8,2,6
01/25/2015 08:00:00 PM,6,2,4
01/25/2015 09:00:00 PM,3,0,3
01/25/2015 10:00:00 PM,2,0,2
01/25/2015 11:00:00 PM,0,0,0
01/26/2015 12:00:00 AM,2,0,2
01/26/2015 01:00:00 AM,0,0,0
01/26/2015 02:00:00 AM,0,0,0
01/26/2015 03:00:00 AM,1,0,1
01/26/2015 04:00:00 AM,1,0,1
01/26/2015 05:00:00 AM,12,4,8
01/26/2015 06:00:00 AM,35,13,22
01/26/2015 07:00:00 AM,55,16,39
01/26/2015 08:00:00 AM,92,24,68
01/26/2015 09:00:00 AM,68,14,54
01/26/2015 10:00:00 AM,44,11,33
01/26/2015 11:00:00 AM,28,12,16
01/26/2015 12:00:00 PM,25,6,19
01/26/2015 01:00:00 PM,32,15,17
01/26/2015 02:00:00 PM,35,9,26
01/26/2015 03:00:00 PM,52,14,38
01/26/2015 04:00:00 PM,86,27,59
01/26/2015 05:00:00 PM,123,46,77
01/26/2015 06:00:00 PM,73,30,43
01/26/2015 07:00:00 PM,20,6,14
01/26/2015 08:00:00 PM,12,4,8
01/26/2015 09:00:00 PM,13,3,10
01/26/2015 10:00:00 PM,3,1,2
01/26/2015 11:00:00 PM,3,1,2
01/27/2015 12:00:00 AM,1,1,0
01/27/2015 01:00:00 AM,1,1,0
01/27/2015 02:00:00 AM,1,0,1
01/27/2015 03:00:00 AM,1,0,1
01/27/2015 04:00:00 AM,0,0,0
01/27/2015 05:00:00 AM,8,2,6
01/27/2015 06:00:00 AM,39,19,20
01/27/2015 07:00:00 AM,55,15,40
01/27/2015 08:00:00 AM,106,30,76
01/27/2015 09:00:00 AM,66,15,51
01/27/2015 10:00:00 AM,30,8,22
01/27/2015 11:00:00 AM,23,9,14
01/27/2015 12:00:00 PM,31,10,21
01/27/2015 01:00:00 PM,27,11,16
01/27/2015 02:00:00 PM,27,8,19
01/27/2015 03:00:00 PM,39,9,30
01/27/2015 04:00:00 PM,84,24,60
01/27/2015 05:00:00 PM,90,30,60
01/27/2015 06:00:00 PM,70,29,41
01/27/2015 07:00:00 PM,26,5,21
01/27/2015 08:00:00 PM,9,4,5
01/27/2015 09:00:00 PM,5,1,4
01/27/2015 10:00:00 PM,4,3,1
01/27/2015 11:00:00 PM,3,2,1
01/28/2015 12:00:00 AM,4,1,3
01/28/2015 01:00:00 AM,1,0,1
01/28/2015 02:00:00 AM,2,0,2
01/28/2015 03:00:00 AM,1,0,1
01/28/2015 04:00:00 AM,1,0,1
01/28/2015 05:00:00 AM,12,3,9
01/28/2015 06:00:00 AM,25,13,12
01/28/2015 07:00:00 AM,53,17,36
01/28/2015 08:00:00 AM,95,29,66
01/28/2015 09:00:00 AM,58,20,38
01/28/2015 10:00:00 AM,34,8,26
01/28/2015 11:00:00 AM,25,11,14
01/28/2015 12:00:00 PM,22,7,15
01/28/2015 01:00:00 PM,22,8,14
01/28/2015 02:00:00 PM,23,10,13
01/28/2015 03:00:00 PM,45,16,29
01/28/2015 04:00:00 PM,60,9,51
01/28/2015 05:00:00 PM,120,43,77
01/28/2015 06:00:00 PM,71,22,49
01/28/2015 07:00:00 PM,23,13,10
01/28/2015 08:00:00 PM,12,3,9
01/28/2015 09:00:00 PM,13,5,8
01/28/2015 10:00:00 PM,6,2,4
01/28/2015 11:00:00 PM,3,0,3
01/29/2015 12:00:00 AM,2,1,1
01/29/2015 01:00:00 AM,1,0,1
01/29/2015 02:00:00 AM,1,0,1
01/29/2015 03:00:00 AM,0,0,0
01/29/2015 04:00:00 AM,2,2,0
01/29/2015 05:00:00 AM,12,3,9
01/29/2015 06:00:00 AM,33,22,11
01/29/2015 07:00:00 AM,55,20,35
01/29/2015 08:00:00 AM,103,28,75
01/29/2015 09:00:00 AM,78,30,48
01/29/2015 10:00:00 AM,30,11,19
01/29/2015 11:00:00 AM,22,7,15
01/29/2015 12:00:00 PM,29,10,19
01/29/2015 01:00:00 PM,32,12,20
01/29/2015 02:00:00 PM,33,8,25
01/29/2015 03:00:00 PM,41,12,29
01/29/2015 04:00:00 PM,87,23,64
01/29/2015 05:00:00 PM,106,41,65
01/29/2015 06:00:00 PM,71,24,47
01/29/2015 07:00:00 PM,32,10,22
01/29/2015 08:00:00 PM,12,5,7
01/29/2015 09:00:00 PM,5,0,5
01/29/2015 10:00:00 PM,12,2,10
01/29/2015 11:00:00 PM,4,1,3
01/30/2015 12:00:00 AM,3,1,2
01/30/2015 01:00:00 AM,0,0,0
01/30/2015 02:00:00 AM,0,0,0
01/30/2015 03:00:00 AM,0,0,0
01/30/2015 04:00:00 AM,3,2,1
01/30/2015 05:00:00 AM,12,4,8
01/30/2015 06:00:00 AM,30,13,17
01/30/2015 07:00:00 AM,55,17,38
01/30/2015 08:00:00 AM,90,29,61
01/30/2015 09:00:00 AM,48,12,36
01/30/2015 10:00:00 AM,34,15,19
01/30/2015 11:00:00 AM,25,12,13
01/30/2015 12:00:00 PM,26,13,13
01/30/2015 01:00:00 PM,33,10,23
01/30/2015 02:00:00 PM,34,15,19
01/30/2015 03:00:00 PM,41,14,27
01/30/2015 04:00:00 PM,70,18,52
01/30/2015 05:00:00 PM,93,25,68
01/30/2015 06:00:00 PM,55,24,31
01/30/2015 07:00:00 PM,23,7,16
01/30/2015 08:00:00 PM,12,4,8
01/30/2015 09:00:00 PM,11,4,7
01/30/2015 10:00:00 PM,13,7,6
01/30/2015 11:00:00 PM,6,1,5
01/31/2015 12:00:00 AM,5,1,4
01/31/2015 01:00:00 AM,0,0,0
01/31/2015 02:00:00 AM,0,0,0
01/31/2015 03:00:00 AM,0,0,0
01/31/2015 04:00:00 AM,0,0,0
01/31/2015 05:00:00 AM,2,2,0
01/31/2015 06:00:00 AM,3,1,2
01/31/2015 07:00:00 AM,3,2,1
01/31/2015 08:00:00 AM,15,2,13
01/31/2015 09:00:00 AM,6,2,4
01/31/2015 10:00:00 AM,12,5,7
01/31/2015 11:00:00 AM,25,14,11
01/31/2015 12:00:00 PM,16,7,9
01/31/2015 01:00:00 PM,19,8,11
01/31/2015 02:00:00 PM,24,4,20
01/31/2015 03:00:00 PM,30,13,17
01/31/2015 04:00:00 PM,23,11,12
01/31/2015 05:00:00 PM,16,7,9
01/31/2015 06:00:00 PM,9,2,7
01/31/2015 07:00:00 PM,10,3,7
01/31/2015 08:00:00 PM,0,0,0
01/31/2015 09:00:00 PM,6,5,1
01/31/2015 10:00:00 PM,4,1,3
01/31/2015 11:00:00 PM,10,1,9
02/01/2015 12:00:00 AM,1,0,1
02/01/2015 01:00:00 AM,2,1,1
02/01/2015 02:00:00 AM,10,4,6
02/01/2015 03:00:00 AM,1,0,1
02/01/2015 04:00:00 AM,0,0,0
02/01/2015 05:00:00 AM,2,0,2
02/01/2015 06:00:00 AM,1,0,1
02/01/2015 07:00:00 AM,7,2,5
02/01/2015 08:00:00 AM,6,4,2
02/01/2015 09:00:00 AM,6,1,5
02/01/2015 10:00:00 AM,8,5,3
02/01/2015 11:00:00 AM,7,4,3
02/01/2015 12:00:00 PM,15,5,10
02/01/2015 01:00:00 PM,15,3,12
02/01/2015 02:00:00 PM,15,2,13
02/01/2015 03:00:00 PM,5,1,4
02/01/2015 04:00:00 PM,5,2,3
02/01/2015 05:00:00 PM,2,0,2
02/01/2015 06:00:00 PM,3,0,3
02/01/2015 07:00:00 PM,9,3,6
02/01/2015 08:00:00 PM,18,4,14
02/01/2015 09:00:00 PM,5,1,4
02/01/2015 10:00:00 PM,3,2,1
02/01/2015 11:00:00 PM,5,0,5
02/02/2015 12:00:00 AM,6,4,2
02/02/2015 01:00:00 AM,2,0,2
02/02/2015 02:00:00 AM,0,0,0
02/02/2015 03:00:00 AM,2,0,2
02/02/2015 04:00:00 AM,1,0,1
02/02/2015 05:00:00 AM,10,5,5
02/02/2015 06:00:00 AM,28,14,14
02/02/2015 07:00:00 AM,44,17,27
02/02/2015 08:00:00 AM,62,19,43
02/02/2015 09:00:00 AM,32,10,22
02/02/2015 10:00:00 AM,28,10,18
02/02/2015 11:00:00 AM,13,5,8
02/02/2015 12:00:00 PM,12,7,5
02/02/2015 01:00:00 PM,21,9,12
02/02/2015 02:00:00 PM,16,4,12
02/02/2015 03:00:00 PM,43,13,30
02/02/2015 04:00:00 PM,52,10,42
02/02/2015 05:00:00 PM,92,27,65
02/02/2015 06:00:00 PM,39,15,24
02/02/2015 07:00:00 PM,19,4,15
02/02/2015 08:00:00 PM,14,6,8
02/02/2015 09:00:00 PM,5,1,4
02/02/2015 10:00:00 PM,3,0,3
02/02/2015 11:00:00 PM,4,2,2
02/03/2015 12:00:00 AM,0,0,0
02/03/2015 01:00:00 AM,1,0,1
02/03/2015 02:00:00 AM,0,0,0
02/03/2015 03:00:00 AM,0,0,0
02/03/2015 04:00:00 AM,1,1,0
02/03/2015 05:00:00 AM,9,3,6
02/03/2015 06:00:00 AM,24,11,13
02/03/2015 07:00:00 AM,50,18,32
02/03/2015 08:00:00 AM,96,28,68
02/03/2015 09:00:00 AM,51,18,33
02/03/2015 10:00:00 AM,25,9,16
02/03/2015 11:00:00 AM,25,9,16
02/03/2015 12:00:00 PM,15,7,8
02/03/2015 01:00:00 PM,20,3,17
02/03/2015 02:00:00 PM,22,8,14
02/03/2015 03:00:00 PM,41,17,24
02/03/2015 04:00:00 PM,78,16,62
02/03/2015 05:00:00 PM,104,32,72
02/03/2015 06:00:00 PM,56,24,32
02/03/2015 07:00:00 PM,16,3,13
02/03/2015 08:00:00 PM,12,3,9
02/03/2015 09:00:00 PM,11,5,6
02/03/2015 10:00:00 PM,4,2,2
02/03/2015 11:00:00 PM,3,0,3
02/04/2015 12:00:00 AM,2,0,2
02/04/2015 01:00:00 AM,1,0,1
02/04/2015 02:00:00 AM,0,0,0
02/04/2015 03:00:00 AM,0,0,0
02/04/2015 04:00:00 AM,1,0,1
02/04/2015 05:00:00 AM,7,3,4
02/04/2015 06:00:00 AM,35,18,17
02/04/2015 07:00:00 AM,47,12,35
02/04/2015 08:00:00 AM,93,32,61
02/04/2015 09:00:00 AM,45,13,32
02/04/2015 10:00:00 AM,36,7,29
02/04/2015 11:00:00 AM,20,6,14
02/04/2015 12:00:00 PM,33,11,22
02/04/2015 01:00:00 PM,26,10,16
02/04/2015 02:00:00 PM,22,6,16
02/04/2015 03:00:00 PM,41,9,32
02/04/2015 04:00:00 PM,58,10,48
02/04/2015 05:00:00 PM,90,32,58
02/04/2015 06:00:00 PM,46,13,33
02/04/2015 07:00:00 PM,12,2,10
02/04/2015 08:00:00 PM,7,2,5
02/04/2015 09:00:00 PM,7,5,2
02/04/2015 10:00:00 PM,4,2,2
02/04/2015 11:00:00 PM,3,0,3
02/05/2015 12:00:00 AM,2,2,0
02/05/2015 01:00:00 AM,0,0,0
02/05/2015 02:00:00 AM,2,1,1
02/05/2015 03:00:00 AM,3,0,3
02/05/2015 04:00:00 AM,2,1,1
02/05/2015 05:00:00 AM,4,2,2
02/05/2015 06:00:00 AM,17,9,8
02/05/2015 07:00:00 AM,38,15,23
02/05/2015 08:00:00 AM,54,19,35
02/05/2015 09:00:00 AM,36,15,21
02/05/2015 10:00:00 AM,26,10,16
02/05/2015 11:00:00 AM,24,9,15
02/05/2015 12:00:00 PM,25,10,15
02/05/2015 01:00:00 PM,15,7,8
02/05/2015 02:00:00 PM,16,6,10
02/05/2015 03:00:00 PM,20,4,16
02/05/2015 04:00:00 PM,49,10,39
02/05/2015 05:00:00 PM,86,27,59
02/05/2015 06:00:00 PM,46,14,32
02/05/2015 07:00:00 PM,16,7,9
02/05/2015 08:00:00 PM,7,3,4
02/05/2015 09:00:00 PM,7,3,4
02/05/2015 10:00:00 PM,3,2,1
02/05/2015 11:00:00 PM,4,0,4
02/06/2015 12:00:00 AM,2,1,1
02/06/2015 01:00:00 AM,0,0,0
02/06/2015 02:00:00 AM,1,1,0
02/06/2015 03:00:00 AM,0,0,0
02/06/2015 04:00:00 AM,1,1,0
02/06/2015 05:00:00 AM,7,5,2
02/06/2015 06:00:00 AM,14,8,6
02/06/2015 07:00:00 AM,30,14,16
02/06/2015 08:00:00 AM,68,24,44
02/06/2015 09:00:00 AM,23,9,14
02/06/2015 10:00:00 AM,25,10,15
02/06/2015 11:00:00 AM,10,3,7
02/06/2015 12:00:00 PM,19,12,7
02/06/2015 01:00:00 PM,14,7,7
02/06/2015 02:00:00 PM,23,10,13
02/06/2015 03:00:00 PM,26,6,20
02/06/2015 04:00:00 PM,46,6,40
02/06/2015 05:00:00 PM,61,17,44
02/06/2015 06:00:00 PM,35,8,27
02/06/2015 07:00:00 PM,18,9,9
02/06/2015 08:00:00 PM,5,3,2
02/06/2015 09:00:00 PM,7,2,5
02/06/2015 10:00:00 PM,8,2,6
02/06/2015 11:00:00 PM,7,1,6
02/07/2015 12:00:00 AM,4,3,1
02/07/2015 01:00:00 AM,2,0,2
02/07/2015 02:00:00 AM,1,1,0
02/07/2015 03:00:00 AM,1,0,1
02/07/2015 04:00:00 AM,0,0,0
02/07/2015 05:00:00 AM,3,1,2
02/07/2015 06:00:00 AM,0,0,0
02/07/2015 07:00:00 AM,2,2,0
02/07/2015 08:00:00 AM,3,0,3
02/07/2015 09:00:00 AM,5,3,2
02/07/2015 10:00:00 AM,4,2,2
02/07/2015 11:00:00 AM,14,6,8
02/07/2015 12:00:00 PM,11,4,7
02/07/2015 01:00:00 PM,8,2,6
02/07/2015 02:00:00 PM,9,2,7
02/07/2015 03:00:00 PM,9,3,6
02/07/2015 04:00:00 PM,8,7,1
02/07/2015 05:00:00 PM,3,0,3
02/07/2015 06:00:00 PM,8,1,7
02/07/2015 07:00:00 PM,6,3,3
02/07/2015 08:00:00 PM,4,1,3
02/07/2015 09:00:00 PM,2,0,2
02/07/2015 10:00:00 PM,4,2,2
02/07/2015 11:00:00 PM,4,0,4
02/08/2015 12:00:00 AM,2,0,2
02/08/2015 01:00:00 AM,2,0,2
02/08/2015 02:00:00 AM,0,0,0
02/08/2015 03:00:00 AM,0,0,0
02/08/2015 04:00:00 AM,0,0,0
02/08/2015 05:00:00 AM,2,1,1
02/08/2015 06:00:00 AM,5,1,4
02/08/2015 07:00:00 AM,1,0,1
02/08/2015 08:00:00 AM,4,3,1
02/08/2015 09:00:00 AM,9,5,4
02/08/2015 10:00:00 AM,11,2,9
02/08/2015 11:00:00 AM,19,8,11
02/08/2015 12:00:00 PM,36,11,25
02/08/2015 01:00:00 PM,21,8,13
02/08/2015 02:00:00 PM,12,5,7
02/08/2015 03:00:00 PM,14,6,8
02/08/2015 04:00:00 PM,20,8,12
02/08/2015 05:00:00 PM,12,1,11
02/08/2015 06:00:00 PM,6,0,6
02/08/2015 07:00:00 PM,9,2,7
02/08/2015 08:00:00 PM,3,2,1
02/08/2015 09:00:00 PM,6,2,4
02/08/2015 10:00:00 PM,5,4,1
02/08/2015 11:00:00 PM,3,1,2
02/09/2015 12:00:00 AM,1,0,1
02/09/2015 01:00:00 AM,3,0,3
02/09/2015 02:00:00 AM,2,1,1
02/09/2015 03:00:00 AM,1,0,1
02/09/2015 04:00:00 AM,0,0,0
02/09/2015 05:00:00 AM,13,4,9
02/09/2015 06:00:00 AM,28,11,17
02/09/2015 07:00:00 AM,50,15,35
02/09/2015 08:00:00 AM,76,20,56
02/09/2015 09:00:00 AM,38,10,28
02/09/2015 10:00:00 AM,26,6,20
02/09/2015 11:00:00 AM,19,8,11
02/09/2015 12:00:00 PM,21,10,11
02/09/2015 01:00:00 PM,17,6,11
02/09/2015 02:00:00 PM,20,3,17
02/09/2015 03:00:00 PM,33,9,24
02/09/2015 04:00:00 PM,56,14,42
02/09/2015 05:00:00 PM,88,37,51
02/09/2015 06:00:00 PM,61,20,41
02/09/2015 07:00:00 PM,17,4,13
02/09/2015 08:00:00 PM,8,3,5
02/09/2015 09:00:00 PM,2,0,2
02/09/2015 10:00:00 PM,3,3,0
02/09/2015 11:00:00 PM,4,1,3
02/10/2015 12:00:00 AM,2,0,2
02/10/2015 01:00:00 AM,0,0,0
02/10/2015 02:00:00 AM,4,2,2
02/10/2015 03:00:00 AM,0,0,0
02/10/2015 04:00:00 AM,0,0,0
02/10/2015 05:00:00 AM,4,1,3
02/10/2015 06:00:00 AM,34,16,18
02/10/2015 07:00:00 AM,45,15,30
02/10/2015 08:00:00 AM,95,30,65
02/10/2015 09:00:00 AM,68,18,50
02/10/2015 10:00:00 AM,26,11,15
02/10/2015 11:00:00 AM,27,12,15
02/10/2015 12:00:00 PM,27,11,16
02/10/2015 01:00:00 PM,23,11,12
02/10/2015 02:00:00 PM,32,8,24
02/10/2015 03:00:00 PM,41,9,32
02/10/2015 04:00:00 PM,70,18,52
02/10/2015 05:00:00 PM,95,37,58
02/10/2015 06:00:00 PM,63,22,41
02/10/2015 07:00:00 PM,23,13,10
02/10/2015 08:00:00 PM,9,0,9
02/10/2015 09:00:00 PM,3,1,2
02/10/2015 10:00:00 PM,7,1,6
02/10/2015 11:00:00 PM,5,1,4
02/11/2015 12:00:00 AM,3,1,2
02/11/2015 01:00:00 AM,2,0,2
02/11/2015 02:00:00 AM,1,0,1
02/11/2015 03:00:00 AM,0,0,0
02/11/2015 04:00:00 AM,0,0,0
02/11/2015 05:00:00 AM,12,4,8
02/11/2015 06:00:00 AM,33,20,13
02/11/2015 07:00:00 AM,52,11,41
02/11/2015 08:00:00 AM,96,28,68
02/11/2015 09:00:00 AM,51,11,40
02/11/2015 10:00:00 AM,33,11,22
02/11/2015 11:00:00 AM,22,12,10
02/11/2015 12:00:00 PM,33,11,22
02/11/2015 01:00:00 PM,35,17,18
02/11/2015 02:00:00 PM,31,14,17
02/11/2015 03:00:00 PM,35,5,30
02/11/2015 04:00:00 PM,90,26,64
02/11/2015 05:00:00 PM,96,31,65
02/11/2015 06:00:00 PM,71,24,47
02/11/2015 07:00:00 PM,23,8,15
02/11/2015 08:00:00 PM,16,6,10
02/11/2015 09:00:00 PM,6,3,3
02/11/2015 10:00:00 PM,6,4,2
02/11/2015 11:00:00 PM,2,1,1
02/12/2015 12:00:00 AM,2,0,2
02/12/2015 01:00:00 AM,0,0,0
02/12/2015 02:00:00 AM,1,1,0
02/12/2015 03:00:00 AM,1,0,1
02/12/2015 04:00:00 AM,1,1,0
02/12/2015 05:00:00 AM,7,1,6
02/12/2015 06:00:00 AM,24,12,12
02/12/2015 07:00:00 AM,44,13,31
02/12/2015 08:00:00 AM,83,21,62
02/12/2015 09:00:00 AM,63,17,46
02/12/2015 10:00:00 AM,29,8,21
02/12/2015 11:00:00 AM,25,13,12
02/12/2015 12:00:00 PM,27,11,16
02/12/2015 01:00:00 PM,27,10,17
02/12/2015 02:00:00 PM,22,7,15
02/12/2015 03:00:00 PM,50,16,34
02/12/2015 04:00:00 PM,88,24,64
02/12/2015 05:00:00 PM,100,33,67
02/12/2015 06:00:00 PM,72,24,48
02/12/2015 07:00:00 PM,31,10,21
02/12/2015 08:00:00 PM,15,10,5
02/12/2015 09:00:00 PM,12,3,9
02/12/2015 10:00:00 PM,12,1,11
02/12/2015 11:00:00 PM,3,2,1
02/13/2015 12:00:00 AM,3,1,2
02/13/2015 01:00:00 AM,1,1,0
02/13/2015 02:00:00 AM,4,2,2
02/13/2015 03:00:00 AM,1,0,1
02/13/2015 04:00:00 AM,1,1,0
02/13/2015 05:00:00 AM,9,3,6
02/13/2015 06:00:00 AM,24,13,11
02/13/2015 07:00:00 AM,47,14,33
02/13/2015 08:00:00 AM,86,27,59
02/13/2015 09:00:00 AM,45,13,32
02/13/2015 10:00:00 AM,37,12,25
02/13/2015 11:00:00 AM,23,10,13
02/13/2015 12:00:00 PM,21,8,13
02/13/2015 01:00:00 PM,28,9,19
02/13/2015 02:00:00 PM,37,13,24
02/13/2015 03:00:00 PM,49,11,38
02/13/2015 04:00:00 PM,90,31,59
02/13/2015 05:00:00 PM,103,43,60
02/13/2015 06:00:00 PM,44,19,25
02/13/2015 07:00:00 PM,20,6,14
02/13/2015 08:00:00 PM,9,2,7
02/13/2015 09:00:00 PM,8,5,3
02/13/2015 10:00:00 PM,6,2,4
02/13/2015 11:00:00 PM,0,0,0
02/14/2015 12:00:00 AM,1,0,1
02/14/2015 01:00:00 AM,4,2,2
02/14/2015 02:00:00 AM,3,1,2
02/14/2015 03:00:00 AM,2,1,1
02/14/2015 04:00:00 AM,1,1,0
02/14/2015 05:00:00 AM,1,1,0
02/14/2015 06:00:00 AM,5,1,4
02/14/2015 07:00:00 AM,8,1,7
02/14/2015 08:00:00 AM,7,1,6
02/14/2015 09:00:00 AM,8,3,5
02/14/2015 10:00:00 AM,3,1,2
02/14/2015 11:00:00 AM,8,5,3
02/14/2015 12:00:00 PM,26,14,12
02/14/2015 01:00:00 PM,13,6,7
02/14/2015 02:00:00 PM,20,3,17
02/14/2015 03:00:00 PM,24,5,19
02/14/2015 04:00:00 PM,21,8,13
02/14/2015 05:00:00 PM,13,2,11
02/14/2015 06:00:00 PM,15,7,8
02/14/2015 07:00:00 PM,9,4,5
02/14/2015 08:00:00 PM,10,6,4
02/14/2015 09:00:00 PM,3,2,1
02/14/2015 10:00:00 PM,9,4,5
02/14/2015 11:00:00 PM,2,2,0
02/15/2015 12:00:00 AM,3,2,1
02/15/2015 01:00:00 AM,3,0,3
02/15/2015 02:00:00 AM,1,0,1
02/15/2015 03:00:00 AM,0,0,0
02/15/2015 04:00:00 AM,1,0,1
02/15/2015 05:00:00 AM,2,1,1
02/15/2015 06:00:00 AM,2,1,1
02/15/2015 07:00:00 AM,4,2,2
02/15/2015 08:00:00 AM,5,2,3
02/15/2015 09:00:00 AM,17,2,15
02/15/2015 10:00:00 AM,12,3,9
02/15/2015 11:00:00 AM,28,8,20
02/15/2015 12:00:00 PM,31,10,21
02/15/2015 01:00:00 PM,17,8,9
02/15/2015 02:00:00 PM,22,8,14
02/15/2015 03:00:00 PM,22,7,15
02/15/2015 04:00:00 PM,31,15,16
02/15/2015 05:00:00 PM,11,4,7
02/15/2015 06:00:00 PM,11,4,7
02/15/2015 07:00:00 PM,6,4,2
02/15/2015 08:00:00 PM,7,2,5
02/15/2015 09:00:00 PM,4,3,1
02/15/2015 10:00:00 PM,3,2,1
02/15/2015 11:00:00 PM,6,3,3
02/16/2015 12:00:00 AM,4,1,3
02/16/2015 01:00:00 AM,0,0,0
02/16/2015 02:00:00 AM,2,1,1
02/16/2015 03:00:00 AM,0,0,0
02/16/2015 04:00:00 AM,1,1,0
02/16/2015 05:00:00 AM,4,2,2
02/16/2015 06:00:00 AM,17,8,9
02/16/2015 07:00:00 AM,21,5,16
02/16/2015 08:00:00 AM,46,5,41
02/16/2015 09:00:00 AM,34,11,23
02/16/2015 10:00:00 AM,29,9,20
02/16/2015 11:00:00 AM,26,7,19
02/16/2015 12:00:00 PM,36,13,23
02/16/2015 01:00:00 PM,21,5,16
02/16/2015 02:00:00 PM,27,12,15
02/16/2015 03:00:00 PM,31,7,24
02/16/2015 04:00:00 PM,41,16,25
02/16/2015 05:00:00 PM,49,18,31
02/16/2015 06:00:00 PM,33,9,24
02/16/2015 07:00:00 PM,14,4,10
02/16/2015 08:00:00 PM,9,3,6
02/16/2015 09:00:00 PM,9,4,5
02/16/2015 10:00:00 PM,3,0,3
02/16/2015 11:00:00 PM,1,1,0
02/17/2015 12:00:00 AM,0,0,0
02/17/2015 01:00:00 AM,0,0,0
02/17/2015 02:00:00 AM,1,0,1
02/17/2015 03:00:00 AM,0,0,0
02/17/2015 04:00:00 AM,1,1,0
02/17/2015 05:00:00 AM,12,6,6
02/17/2015 06:00:00 AM,38,18,20
02/17/2015 07:00:00 AM,63,20,43
02/17/2015 08:00:00 AM,98,24,74
02/17/2015 09:00:00 AM,59,20,39
02/17/2015 10:00:00 AM,32,13,19
02/17/2015 11:00:00 AM,24,10,14
02/17/2015 12:00:00 PM,27,7,20
02/17/2015 01:00:00 PM,20,11,9
02/17/2015 02:00:00 PM,29,7,22
02/17/2015 03:00:00 PM,58,14,44
02/17/2015 04:00:00 PM,89,19,70
02/17/2015 05:00:00 PM,106,38,68
02/17/2015 06:00:00 PM,70,26,44
02/17/2015 07:00:00 PM,24,8,16
02/17/2015 08:00:00 PM,18,8,10
02/17/2015 09:00:00 PM,10,2,8
02/17/2015 10:00:00 PM,3,0,3
02/17/2015 11:00:00 PM,4,1,3
02/18/2015 12:00:00 AM,2,0,2
02/18/2015 01:00:00 AM,0,0,0
02/18/2015 02:00:00 AM,0,0,0
02/18/2015 03:00:00 AM,1,0,1
02/18/2015 04:00:00 AM,0,0,0
02/18/2015 05:00:00 AM,10,2,8
02/18/2015 06:00:00 AM,28,14,14
02/18/2015 07:00:00 AM,57,10,47
02/18/2015 08:00:00 AM,102,37,65
02/18/2015 09:00:00 AM,51,18,33
02/18/2015 10:00:00 AM,37,13,24
02/18/2015 11:00:00 AM,23,8,15
02/18/2015 12:00:00 PM,40,16,24
02/18/2015 01:00:00 PM,25,9,16
02/18/2015 02:00:00 PM,23,9,14
02/18/2015 03:00:00 PM,49,12,37
02/18/2015 04:00:00 PM,80,24,56
02/18/2015 05:00:00 PM,132,36,96
02/18/2015 06:00:00 PM,54,20,34
02/18/2015 07:00:00 PM,22,8,14
02/18/2015 08:00:00 PM,21,6,15
02/18/2015 09:00:00 PM,4,1,3
02/18/2015 10:00:00 PM,8,6,2
02/18/2015 11:00:00 PM,6,0,6
02/19/2015 12:00:00 AM,0,0,0
02/19/2015 01:00:00 AM,0,0,0
02/19/2015 02:00:00 AM,0,0,0
02/19/2015 03:00:00 AM,0,0,0
02/19/2015 04:00:00 AM,1,1,0
02/19/2015 05:00:00 AM,6,1,5
02/19/2015 06:00:00 AM,34,16,18
02/19/2015 07:00:00 AM,49,13,36
02/19/2015 08:00:00 AM,75,20,55
02/19/2015 09:00:00 AM,57,21,36
02/19/2015 10:00:00 AM,41,20,21
02/19/2015 11:00:00 AM,23,9,14
02/19/2015 12:00:00 PM,22,9,13
02/19/2015 01:00:00 PM,20,9,11
02/19/2015 02:00:00 PM,14,4,10
02/19/2015 03:00:00 PM,45,11,34
02/19/2015 04:00:00 PM,77,16,61
02/19/2015 05:00:00 PM,102,25,77
02/19/2015 06:00:00 PM,52,19,33
02/19/2015 07:00:00 PM,24,16,8
02/19/2015 08:00:00 PM,13,3,10
02/19/2015 09:00:00 PM,13,3,10
02/19/2015 10:00:00 PM,7,1,6
02/19/2015 11:00:00 PM,6,2,4
02/20/2015 12:00:00 AM,1,0,1
02/20/2015 01:00:00 AM,1,1,0
02/20/2015 02:00:00 AM,0,0,0
02/20/2015 03:00:00 AM,0,0,0
02/20/2015 04:00:00 AM,2,1,1
02/20/2015 05:00:00 AM,7,4,3
02/20/2015 06:00:00 AM,24,12,12
02/20/2015 07:00:00 AM,55,22,33
02/20/2015 08:00:00 AM,67,13,54
02/20/2015 09:00:00 AM,44,15,29
02/20/2015 10:00:00 AM,28,10,18
02/20/2015 11:00:00 AM,24,10,14
02/20/2015 12:00:00 PM,17,9,8
02/20/2015 01:00:00 PM,35,15,20
02/20/2015 02:00:00 PM,29,8,21
02/20/2015 03:00:00 PM,35,8,27
02/20/2015 04:00:00 PM,65,19,46
02/20/2015 05:00:00 PM,109,38,71
02/20/2015 06:00:00 PM,51,23,28
02/20/2015 07:00:00 PM,23,9,14
02/20/2015 08:00:00 PM,6,2,4
02/20/2015 09:00:00 PM,1,0,1
02/20/2015 10:00:00 PM,5,2,3
02/20/2015 11:00:00 PM,4,0,4
02/21/2015 12:00:00 AM,1,0,1
02/21/2015 01:00:00 AM,4,0,4
02/21/2015 02:00:00 AM,6,1,5
02/21/2015 03:00:00 AM,0,0,0
02/21/2015 04:00:00 AM,0,0,0
02/21/2015 05:00:00 AM,1,1,0
02/21/2015 06:00:00 AM,2,1,1
02/21/2015 07:00:00 AM,2,1,1
02/21/2015 08:00:00 AM,8,3,5
02/21/2015 09:00:00 AM,7,2,5
02/21/2015 10:00:00 AM,8,4,4
02/21/2015 11:00:00 AM,16,4,12
02/21/2015 12:00:00 PM,29,9,20
02/21/2015 01:00:00 PM,21,13,8
02/21/2015 02:00:00 PM,20,6,14
02/21/2015 03:00:00 PM,14,1,13
02/21/2015 04:00:00 PM,17,6,11
02/21/2015 05:00:00 PM,28,4,24
02/21/2015 06:00:00 PM,9,4,5
02/21/2015 07:00:00 PM,11,2,9
02/21/2015 08:00:00 PM,9,5,4
02/21/2015 09:00:00 PM,9,5,4
02/21/2015 10:00:00 PM,9,3,6
02/21/2015 11:00:00 PM,10,3,7
02/22/2015 12:00:00 AM,2,0,2
02/22/2015 01:00:00 AM,2,1,1
02/22/2015 02:00:00 AM,3,1,2
02/22/2015 03:00:00 AM,0,0,0
02/22/2015 04:00:00 AM,1,0,1
02/22/2015 05:00:00 AM,1,1,0
02/22/2015 06:00:00 AM,2,0,2
02/22/2015 07:00:00 AM,16,1,15
02/22/2015 08:00:00 AM,12,0,12
02/22/2015 09:00:00 AM,18,6,12
02/22/2015 10:00:00 AM,13,1,12
02/22/2015 11:00:00 AM,18,5,13
02/22/2015 12:00:00 PM,30,14,16
02/22/2015 01:00:00 PM,42,22,20
02/22/2015 02:00:00 PM,31,17,14
02/22/2015 03:00:00 PM,17,11,6
02/22/2015 04:00:00 PM,40,31,9
02/22/2015 05:00:00 PM,24,11,13
02/22/2015 06:00:00 PM,25,17,8
02/22/2015 07:00:00 PM,6,2,4
02/22/2015 08:00:00 PM,6,2,4
02/22/2015 09:00:00 PM,2,1,1
02/22/2015 10:00:00 PM,3,0,3
02/22/2015 11:00:00 PM,1,0,1
02/23/2015 12:00:00 AM,1,0,1
02/23/2015 01:00:00 AM,0,0,0
02/23/2015 02:00:00 AM,1,0,1
02/23/2015 03:00:00 AM,0,0,0
02/23/2015 04:00:00 AM,0,0,0
02/23/2015 05:00:00 AM,12,5,7
02/23/2015 06:00:00 AM,31,12,19
02/23/2015 07:00:00 AM,58,20,38
02/23/2015 08:00:00 AM,103,25,78
02/23/2015 09:00:00 AM,67,24,43
02/23/2015 10:00:00 AM,29,8,21
02/23/2015 11:00:00 AM,20,4,16
02/23/2015 12:00:00 PM,23,4,19
02/23/2015 01:00:00 PM,23,10,13
02/23/2015 02:00:00 PM,27,9,18
02/23/2015 03:00:00 PM,40,13,27
02/23/2015 04:00:00 PM,68,15,53
02/23/2015 05:00:00 PM,139,43,96
02/23/2015 06:00:00 PM,63,24,39
02/23/2015 07:00:00 PM,20,7,13
02/23/2015 08:00:00 PM,16,8,8
02/23/2015 09:00:00 PM,4,0,4
02/23/2015 10:00:00 PM,1,0,1
02/23/2015 11:00:00 PM,5,0,5
02/24/2015 12:00:00 AM,2,0,2
02/24/2015 01:00:00 AM,2,0,2
02/24/2015 02:00:00 AM,1,1,0
02/24/2015 03:00:00 AM,1,0,1
02/24/2015 04:00:00 AM,1,1,0
02/24/2015 05:00:00 AM,7,4,3
02/24/2015 06:00:00 AM,36,16,20
02/24/2015 07:00:00 AM,62,24,38
02/24/2015 08:00:00 AM,114,27,87
02/24/2015 09:00:00 AM,55,23,32
02/24/2015 10:00:00 AM,37,9,28
02/24/2015 11:00:00 AM,19,3,16
02/24/2015 12:00:00 PM,33,13,20
02/24/2015 01:00:00 PM,23,6,17
02/24/2015 02:00:00 PM,38,13,25
02/24/2015 03:00:00 PM,44,14,30
02/24/2015 04:00:00 PM,85,24,61
02/24/2015 05:00:00 PM,123,37,86
02/24/2015 06:00:00 PM,62,24,38
02/24/2015 07:00:00 PM,20,12,8
02/24/2015 08:00:00 PM,10,4,6
02/24/2015 09:00:00 PM,9,1,8
02/24/2015 10:00:00 PM,9,2,7
02/24/2015 11:00:00 PM,3,1,2
02/25/2015 12:00:00 AM,2,1,1
02/25/2015 01:00:00 AM,1,0,1
02/25/2015 02:00:00 AM,0,0,0
02/25/2015 03:00:00 AM,0,0,0
02/25/2015 04:00:00 AM,0,0,0
02/25/2015 05:00:00 AM,5,1,4
02/25/2015 06:00:00 AM,26,12,14
02/25/2015 07:00:00 AM,40,14,26
02/25/2015 08:00:00 AM,90,21,69
02/25/2015 09:00:00 AM,53,20,33
02/25/2015 10:00:00 AM,32,10,22
02/25/2015 11:00:00 AM,26,10,16
02/25/2015 12:00:00 PM,32,9,23
02/25/2015 01:00:00 PM,15,8,7
02/25/2015 02:00:00 PM,21,7,14
02/25/2015 03:00:00 PM,32,10,22
02/25/2015 04:00:00 PM,60,17,43
02/25/2015 05:00:00 PM,107,33,74
02/25/2015 06:00:00 PM,55,14,41
02/25/2015 07:00:00 PM,25,5,20
02/25/2015 08:00:00 PM,8,3,5
02/25/2015 09:00:00 PM,9,4,5
02/25/2015 10:00:00 PM,4,2,2
02/25/2015 11:00:00 PM,4,1,3
02/26/2015 12:00:00 AM,0,0,0
02/26/2015 01:00:00 AM,1,0,1
02/26/2015 02:00:00 AM,1,0,1
02/26/2015 03:00:00 AM,1,0,1
02/26/2015 04:00:00 AM,3,1,2
02/26/2015 05:00:00 AM,11,4,7
02/26/2015 06:00:00 AM,32,16,16
02/26/2015 07:00:00 AM,48,13,35
02/26/2015 08:00:00 AM,80,17,63
02/26/2015 09:00:00 AM,50,12,38
02/26/2015 10:00:00 AM,25,11,14
02/26/2015 11:00:00 AM,23,9,14
02/26/2015 12:00:00 PM,25,10,15
02/26/2015 01:00:00 PM,17,10,7
02/26/2015 02:00:00 PM,27,11,16
02/26/2015 03:00:00 PM,42,12,30
02/26/2015 04:00:00 PM,64,19,45
02/26/2015 05:00:00 PM,96,37,59
02/26/2015 06:00:00 PM,44,17,27
02/26/2015 07:00:00 PM,30,11,19
02/26/2015 08:00:00 PM,10,3,7
02/26/2015 09:00:00 PM,10,4,6
02/26/2015 10:00:00 PM,10,3,7
02/26/2015 11:00:00 PM,5,2,3
02/27/2015 12:00:00 AM,2,0,2
02/27/2015 01:00:00 AM,2,0,2
02/27/2015 02:00:00 AM,0,0,0
02/27/2015 03:00:00 AM,0,0,0
02/27/2015 04:00:00 AM,2,1,1
02/27/2015 05:00:00 AM,7,2,5
02/27/2015 06:00:00 AM,25,12,13
02/27/2015 07:00:00 AM,43,11,32
02/27/2015 08:00:00 AM,54,17,37
02/27/2015 09:00:00 AM,33,14,19
02/27/2015 10:00:00 AM,29,11,18
02/27/2015 11:00:00 AM,13,5,8
02/27/2015 12:00:00 PM,14,3,11
02/27/2015 01:00:00 PM,30,12,18
02/27/2015 02:00:00 PM,27,9,18
02/27/2015 03:00:00 PM,29,6,23
02/27/2015 04:00:00 PM,62,19,43
02/27/2015 05:00:00 PM,75,17,58
02/27/2015 06:00:00 PM,47,12,35
02/27/2015 07:00:00 PM,17,7,10
02/27/2015 08:00:00 PM,9,4,5
02/27/2015 09:00:00 PM,8,2,6
02/27/2015 10:00:00 PM,4,2,2
02/27/2015 11:00:00 PM,3,1,2
02/28/2015 12:00:00 AM,3,1,2
02/28/2015 01:00:00 AM,4,0,4
02/28/2015 02:00:00 AM,1,0,1
02/28/2015 03:00:00 AM,1,1,0
02/28/2015 04:00:00 AM,0,0,0
02/28/2015 05:00:00 AM,0,0,0
02/28/2015 06:00:00 AM,7,3,4
02/28/2015 07:00:00 AM,3,3,0
02/28/2015 08:00:00 AM,9,3,6
02/28/2015 09:00:00 AM,15,4,11
02/28/2015 10:00:00 AM,32,7,25
02/28/2015 11:00:00 AM,27,6,21
02/28/2015 12:00:00 PM,35,16,19
02/28/2015 01:00:00 PM,35,12,23
02/28/2015 02:00:00 PM,36,24,12
02/28/2015 03:00:00 PM,33,16,17
02/28/2015 04:00:00 PM,23,16,7
02/28/2015 05:00:00 PM,21,13,8
02/28/2015 06:00:00 PM,21,5,16
02/28/2015 07:00:00 PM,8,5,3
02/28/2015 08:00:00 PM,7,4,3
02/28/2015 09:00:00 PM,9,2,7
02/28/2015 10:00:00 PM,4,2,2
02/28/2015 11:00:00 PM,8,0,8
03/01/2015 12:00:00 AM,6,1,5
03/01/2015 01:00:00 AM,1,0,1
03/01/2015 02:00:00 AM,0,0,0
03/01/2015 03:00:00 AM,3,2,1
03/01/2015 04:00:00 AM,1,0,1
03/01/2015 05:00:00 AM,0,0,0
03/01/2015 06:00:00 AM,3,1,2
03/01/2015 07:00:00 AM,2,2,0
03/01/2015 08:00:00 AM,8,1,7
03/01/2015 09:00:00 AM,17,1,16
03/01/2015 10:00:00 AM,38,6,32
03/01/2015 11:00:00 AM,37,12,25
03/01/2015 12:00:00 PM,24,7,17
03/01/2015 01:00:00 PM,37,24,13
03/01/2015 02:00:00 PM,34,13,21
03/01/2015 03:00:00 PM,22,11,11
03/01/2015 04:00:00 PM,24,14,10
03/01/2015 05:00:00 PM,29,11,18
03/01/2015 06:00:00 PM,14,6,8
03/01/2015 07:00:00 PM,5,3,2
03/01/2015 08:00:00 PM,7,3,4
03/01/2015 09:00:00 PM,5,0,5
03/01/2015 10:00:00 PM,1,0,1
03/01/2015 11:00:00 PM,1,0,1
03/02/2015 12:00:00 AM,1,0,1
03/02/2015 01:00:00 AM,1,0,1
03/02/2015 02:00:00 AM,0,0,0
03/02/2015 03:00:00 AM,0,0,0
03/02/2015 04:00:00 AM,0,0,0
03/02/2015 05:00:00 AM,6,2,4
03/02/2015 06:00:00 AM,31,16,15
03/02/2015 07:00:00 AM,63,20,43
03/02/2015 08:00:00 AM,101,33,68
03/02/2015 09:00:00 AM,70,19,51
03/02/2015 10:00:00 AM,37,17,20
03/02/2015 11:00:00 AM,21,17,4
03/02/2015 12:00:00 PM,28,12,16
03/02/2015 01:00:00 PM,19,8,11
03/02/2015 02:00:00 PM,26,8,18
03/02/2015 03:00:00 PM,43,8,35
03/02/2015 04:00:00 PM,88,25,63
03/02/2015 05:00:00 PM,128,41,87
03/02/2015 06:00:00 PM,68,24,44
03/02/2015 07:00:00 PM,23,10,13
03/02/2015 08:00:00 PM,7,0,7
03/02/2015 09:00:00 PM,8,1,7
03/02/2015 10:00:00 PM,5,0,5
03/02/2015 11:00:00 PM,2,0,2
03/03/2015 12:00:00 AM,2,0,2
03/03/2015 01:00:00 AM,2,0,2
03/03/2015 02:00:00 AM,1,0,1
03/03/2015 03:00:00 AM,0,0,0
03/03/2015 04:00:00 AM,2,2,0
03/03/2015 05:00:00 AM,11,4,7
03/03/2015 06:00:00 AM,37,18,19
03/03/2015 07:00:00 AM,63,21,42
03/03/2015 08:00:00 AM,108,29,79
03/03/2015 09:00:00 AM,76,22,54
03/03/2015 10:00:00 AM,35,11,24
03/03/2015 11:00:00 AM,25,13,12
03/03/2015 12:00:00 PM,39,20,19
03/03/2015 01:00:00 PM,33,9,24
03/03/2015 02:00:00 PM,27,9,18
03/03/2015 03:00:00 PM,56,16,40
03/03/2015 04:00:00 PM,98,21,77
03/03/2015 05:00:00 PM,145,57,88
03/03/2015 06:00:00 PM,63,23,40
03/03/2015 07:00:00 PM,17,5,12
03/03/2015 08:00:00 PM,22,6,16
03/03/2015 09:00:00 PM,8,2,6
03/03/2015 10:00:00 PM,7,3,4
03/03/2015 11:00:00 PM,4,1,3
03/04/2015 12:00:00 AM,2,0,2
03/04/2015 01:00:00 AM,3,0,3
03/04/2015 02:00:00 AM,0,0,0
03/04/2015 03:00:00 AM,0,0,0
03/04/2015 04:00:00 AM,2,1,1
03/04/2015 05:00:00 AM,10,2,8
03/04/2015 06:00:00 AM,36,14,22
03/04/2015 07:00:00 AM,58,14,44
03/04/2015 08:00:00 AM,94,25,69
03/04/2015 09:00:00 AM,76,27,49
03/04/2015 10:00:00 AM,33,14,19
03/04/2015 11:00:00 AM,20,5,15
03/04/2015 12:00:00 PM,51,17,34
03/04/2015 01:00:00 PM,34,15,19
03/04/2015 02:00:00 PM,23,3,20
03/04/2015 03:00:00 PM,42,10,32
03/04/2015 04:00:00 PM,86,19,67
03/04/2015 05:00:00 PM,140,48,92
03/04/2015 06:00:00 PM,51,21,30
03/04/2015 07:00:00 PM,35,13,22
03/04/2015 08:00:00 PM,12,5,7
03/04/2015 09:00:00 PM,15,2,13
03/04/2015 10:00:00 PM,5,2,3
03/04/2015 11:00:00 PM,6,0,6
03/05/2015 12:00:00 AM,2,1,1
03/05/2015 01:00:00 AM,5,0,5
03/05/2015 02:00:00 AM,0,0,0
03/05/2015 03:00:00 AM,0,0,0
03/05/2015 04:00:00 AM,0,0,0
03/05/2015 05:00:00 AM,8,2,6
03/05/2015 06:00:00 AM,29,16,13
03/05/2015 07:00:00 AM,55,13,42
03/05/2015 08:00:00 AM,113,30,83
03/05/2015 09:00:00 AM,64,24,40
03/05/2015 10:00:00 AM,33,16,17
03/05/2015 11:00:00 AM,27,10,17
03/05/2015 12:00:00 PM,38,16,22
03/05/2015 01:00:00 PM,38,17,21
03/05/2015 02:00:00 PM,52,18,34
03/05/2015 03:00:00 PM,53,20,33
03/05/2015 04:00:00 PM,90,30,60
03/05/2015 05:00:00 PM,126,39,87
03/05/2015 06:00:00 PM,95,24,71
03/05/2015 07:00:00 PM,38,17,21
03/05/2015 08:00:00 PM,21,7,14
03/05/2015 09:00:00 PM,8,1,7
03/05/2015 10:00:00 PM,16,10,6
03/05/2015 11:00:00 PM,1,1,0
03/06/2015 12:00:00 AM,2,0,2
03/06/2015 01:00:00 AM,0,0,0
03/06/2015 02:00:00 AM,0,0,0
03/06/2015 03:00:00 AM,1,0,1
03/06/2015 04:00:00 AM,1,1,0
03/06/2015 05:00:00 AM,8,5,3
03/06/2015 06:00:00 AM,43,19,24
03/06/2015 07:00:00 AM,50,13,37
03/06/2015 08:00:00 AM,102,35,67
03/06/2015 09:00:00 AM,69,16,53
03/06/2015 10:00:00 AM,45,11,34
03/06/2015 11:00:00 AM,32,10,22
03/06/2015 12:00:00 PM,31,14,17
03/06/2015 01:00:00 PM,43,15,28
03/06/2015 02:00:00 PM,30,7,23
03/06/2015 03:00:00 PM,45,11,34
03/06/2015 04:00:00 PM,83,26,57
03/06/2015 05:00:00 PM,134,45,89
03/06/2015 06:00:00 PM,61,20,41
03/06/2015 07:00:00 PM,23,9,14
03/06/2015 08:00:00 PM,10,4,6
03/06/2015 09:00:00 PM,3,0,3
03/06/2015 10:00:00 PM,4,1,3
03/06/2015 11:00:00 PM,8,3,5
03/07/2015 12:00:00 AM,4,0,4
03/07/2015 01:00:00 AM,2,0,2
03/07/2015 02:00:00 AM,2,0,2
03/07/2015 03:00:00 AM,1,0,1
03/07/2015 04:00:00 AM,1,0,1
03/07/2015 05:00:00 AM,0,0,0
03/07/2015 06:00:00 AM,4,1,3
03/07/2015 07:00:00 AM,8,3,5
03/07/2015 08:00:00 AM,10,4,6
03/07/2015 09:00:00 AM,14,4,10
03/07/2015 10:00:00 AM,17,7,10
03/07/2015 11:00:00 AM,19,6,13
03/07/2015 12:00:00 PM,42,5,37
03/07/2015 01:00:00 PM,23,4,19
03/07/2015 02:00:00 PM,28,13,15
03/07/2015 03:00:00 PM,24,5,19
03/07/2015 04:00:00 PM,18,10,8
03/07/2015 05:00:00 PM,22,8,14
03/07/2015 06:00:00 PM,17,2,15
03/07/2015 07:00:00 PM,10,4,6
03/07/2015 08:00:00 PM,9,0,9
03/07/2015 09:00:00 PM,8,2,6
03/07/2015 10:00:00 PM,9,3,6
03/07/2015 11:00:00 PM,3,2,1
03/08/2015 12:00:00 AM,2,1,1
03/08/2015 01:00:00 AM,2,1,1
03/08/2015 03:00:00 AM,,,
03/08/2015 03:00:00 AM,3,2,1
03/08/2015 04:00:00 AM,1,1,0
03/08/2015 05:00:00 AM,2,2,0
03/08/2015 06:00:00 AM,1,1,0
03/08/2015 07:00:00 AM,3,1,2
03/08/2015 08:00:00 AM,8,1,7
03/08/2015 09:00:00 AM,11,2,9
03/08/2015 10:00:00 AM,14,2,12
03/08/2015 11:00:00 AM,27,10,17
03/08/2015 12:00:00 PM,23,7,16
03/08/2015 01:00:00 PM,31,14,17
03/08/2015 02:00:00 PM,38,20,18
03/08/2015 03:00:00 PM,23,8,15
03/08/2015 04:00:00 PM,34,11,23
03/08/2015 05:00:00 PM,44,2,42
03/08/2015 06:00:00 PM,38,10,28
03/08/2015 07:00:00 PM,10,5,5
03/08/2015 08:00:00 PM,35,30,5
03/08/2015 09:00:00 PM,11,6,5
03/08/2015 10:00:00 PM,7,5,2
03/08/2015 11:00:00 PM,1,1,0
03/09/2015 12:00:00 AM,3,0,3
03/09/2015 01:00:00 AM,0,0,0
03/09/2015 02:00:00 AM,1,0,1
03/09/2015 03:00:00 AM,1,1,0
03/09/2015 04:00:00 AM,6,6,0
03/09/2015 05:00:00 AM,13,9,4
03/09/2015 06:00:00 AM,33,14,19
03/09/2015 07:00:00 AM,63,18,45
03/09/2015 08:00:00 AM,113,37,76
03/09/2015 09:00:00 AM,86,25,61
03/09/2015 10:00:00 AM,35,6,29
03/09/2015 11:00:00 AM,32,11,21
03/09/2015 12:00:00 PM,29,15,14
03/09/2015 01:00:00 PM,34,8,26
03/09/2015 02:00:00 PM,29,11,18
03/09/2015 03:00:00 PM,45,14,31
03/09/2015 04:00:00 PM,79,24,55
03/09/2015 05:00:00 PM,152,51,101
03/09/2015 06:00:00 PM,62,21,41
03/09/2015 07:00:00 PM,35,13,22
03/09/2015 08:00:00 PM,7,1,6
03/09/2015 09:00:00 PM,9,4,5
03/09/2015 10:00:00 PM,6,1,5
03/09/2015 11:00:00 PM,1,1,0
03/10/2015 12:00:00 AM,3,2,1
03/10/2015 01:00:00 AM,0,0,0
03/10/2015 02:00:00 AM,0,0,0
03/10/2015 03:00:00 AM,2,0,2
03/10/2015 04:00:00 AM,1,1,0
03/10/2015 05:00:00 AM,14,7,7
03/10/2015 06:00:00 AM,30,13,17
03/10/2015 07:00:00 AM,59,21,38
03/10/2015 08:00:00 AM,125,29,96
03/10/2015 09:00:00 AM,73,24,49
03/10/2015 10:00:00 AM,34,8,26
03/10/2015 11:00:00 AM,25,7,18
03/10/2015 12:00:00 PM,33,15,18
03/10/2015 01:00:00 PM,27,12,15
03/10/2015 02:00:00 PM,28,7,21
03/10/2015 03:00:00 PM,46,12,34
03/10/2015 04:00:00 PM,85,17,68
03/10/2015 05:00:00 PM,129,49,80
03/10/2015 06:00:00 PM,88,33,55
03/10/2015 07:00:00 PM,23,11,12
03/10/2015 08:00:00 PM,9,2,7
03/10/2015 09:00:00 PM,6,0,6
03/10/2015 10:00:00 PM,9,2,7
03/10/2015 11:00:00 PM,3,1,2
03/11/2015 12:00:00 AM,1,0,1
03/11/2015 01:00:00 AM,1,0,1
03/11/2015 02:00:00 AM,0,0,0
03/11/2015 03:00:00 AM,0,0,0
03/11/2015 04:00:00 AM,1,1,0
03/11/2015 05:00:00 AM,8,3,5
03/11/2015 06:00:00 AM,21,11,10
03/11/2015 07:00:00 AM,45,16,29
03/11/2015 08:00:00 AM,75,19,56
03/11/2015 09:00:00 AM,42,15,27
03/11/2015 10:00:00 AM,30,8,22
03/11/2015 11:00:00 AM,15,4,11
03/11/2015 12:00:00 PM,19,9,10
03/11/2015 01:00:00 PM,14,3,11
03/11/2015 02:00:00 PM,30,10,20
03/11/2015 03:00:00 PM,40,12,28
03/11/2015 04:00:00 PM,69,18,51
03/11/2015 05:00:00 PM,86,32,54
03/11/2015 06:00:00 PM,53,20,33
03/11/2015 07:00:00 PM,22,2,20
03/11/2015 08:00:00 PM,10,2,8
03/11/2015 09:00:00 PM,8,1,7
03/11/2015 10:00:00 PM,5,3,2
03/11/2015 11:00:00 PM,0,0,0
03/12/2015 12:00:00 AM,0,0,0
03/12/2015 01:00:00 AM,0,0,0
03/12/2015 02:00:00 AM,0,0,0
03/12/2015 03:00:00 AM,1,0,1
03/12/2015 04:00:00 AM,0,0,0
03/12/2015 05:00:00 AM,12,5,7
03/12/2015 06:00:00 AM,32,15,17
03/12/2015 07:00:00 AM,45,14,31
03/12/2015 08:00:00 AM,88,21,67
03/12/2015 09:00:00 AM,66,19,47
03/12/2015 10:00:00 AM,35,7,28
03/12/2015 11:00:00 AM,25,9,16
03/12/2015 12:00:00 PM,42,18,24
03/12/2015 01:00:00 PM,37,15,22
03/12/2015 02:00:00 PM,41,17,24
03/12/2015 03:00:00 PM,58,20,38
03/12/2015 04:00:00 PM,81,21,60
03/12/2015 05:00:00 PM,115,52,63
03/12/2015 06:00:00 PM,92,37,55
03/12/2015 07:00:00 PM,42,10,32
03/12/2015 08:00:00 PM,15,2,13
03/12/2015 09:00:00 PM,20,11,9
03/12/2015 10:00:00 PM,4,2,2
03/12/2015 11:00:00 PM,3,0,3
03/13/2015 12:00:00 AM,2,1,1
03/13/2015 01:00:00 AM,1,1,0
03/13/2015 02:00:00 AM,2,0,2
03/13/2015 03:00:00 AM,1,1,0
03/13/2015 04:00:00 AM,0,0,0
03/13/2015 05:00:00 AM,11,6,5
03/13/2015 06:00:00 AM,31,15,16
03/13/2015 07:00:00 AM,63,18,45
03/13/2015 08:00:00 AM,103,30,73
03/13/2015 09:00:00 AM,61,19,42
03/13/2015 10:00:00 AM,41,12,29
03/13/2015 11:00:00 AM,30,11,19
03/13/2015 12:00:00 PM,32,15,17
03/13/2015 01:00:00 PM,36,18,18
03/13/2015 02:00:00 PM,41,14,27
03/13/2015 03:00:00 PM,54,16,38
03/13/2015 04:00:00 PM,97,27,70
03/13/2015 05:00:00 PM,110,26,84
03/13/2015 06:00:00 PM,66,26,40
03/13/2015 07:00:00 PM,22,10,12
03/13/2015 08:00:00 PM,14,4,10
03/13/2015 09:00:00 PM,10,6,4
03/13/2015 10:00:00 PM,7,1,6
03/13/2015 11:00:00 PM,2,1,1
03/14/2015 12:00:00 AM,6,2,4
03/14/2015 01:00:00 AM,0,0,0
03/14/2015 02:00:00 AM,0,0,0
03/14/2015 03:00:00 AM,3,2,1
03/14/2015 04:00:00 AM,0,0,0
03/14/2015 05:00:00 AM,0,0,0
03/14/2015 06:00:00 AM,2,0,2
03/14/2015 07:00:00 AM,10,3,7
03/14/2015 08:00:00 AM,2,0,2
03/14/2015 09:00:00 AM,4,0,4
03/14/2015 10:00:00 AM,4,0,4
03/14/2015 11:00:00 AM,5,3,2
03/14/2015 12:00:00 PM,10,5,5
03/14/2015 01:00:00 PM,13,6,7
03/14/2015 02:00:00 PM,12,2,10
03/14/2015 03:00:00 PM,23,8,15
03/14/2015 04:00:00 PM,24,5,19
03/14/2015 05:00:00 PM,25,3,22
03/14/2015 06:00:00 PM,24,0,24
03/14/2015 07:00:00 PM,5,2,3
03/14/2015 08:00:00 PM,6,4,2
03/14/2015 09:00:00 PM,23,20,3
03/14/2015 10:00:00 PM,6,1,5
03/14/2015 11:00:00 PM,4,0,4
03/15/2015 12:00:00 AM,5,0,5
03/15/2015 01:00:00 AM,1,0,1
03/15/2015 02:00:00 AM,0,0,0
03/15/2015 03:00:00 AM,0,0,0
03/15/2015 04:00:00 AM,1,0,1
03/15/2015 05:00:00 AM,1,1,0
03/15/2015 06:00:00 AM,1,1,0
03/15/2015 07:00:00 AM,5,3,2
03/15/2015 08:00:00 AM,0,0,0
03/15/2015 09:00:00 AM,4,0,4
03/15/2015 10:00:00 AM,1,0,1
03/15/2015 11:00:00 AM,1,0,1
03/15/2015 12:00:00 PM,5,3,2
03/15/2015 01:00:00 PM,1,1,0
03/15/2015 02:00:00 PM,3,0,3
03/15/2015 03:00:00 PM,3,0,3
03/15/2015 04:00:00 PM,5,2,3
03/15/2015 05:00:00 PM,4,1,3
03/15/2015 06:00:00 PM,5,1,4
03/15/2015 07:00:00 PM,1,0,1
03/15/2015 08:00:00 PM,1,1,0
03/15/2015 09:00:00 PM,1,0,1
03/15/2015 10:00:00 PM,4,0,4
03/15/2015 11:00:00 PM,2,1,1
03/16/2015 12:00:00 AM,0,0,0
03/16/2015 01:00:00 AM,0,0,0
03/16/2015 02:00:00 AM,0,0,0
03/16/2015 03:00:00 AM,0,0,0
03/16/2015 04:00:00 AM,2,2,0
03/16/2015 05:00:00 AM,7,4,3
03/16/2015 06:00:00 AM,22,9,13
03/16/2015 07:00:00 AM,49,13,36
03/16/2015 08:00:00 AM,100,30,70
03/16/2015 09:00:00 AM,69,25,44
03/16/2015 10:00:00 AM,29,12,17
03/16/2015 11:00:00 AM,31,14,17
03/16/2015 12:00:00 PM,25,14,11
03/16/2015 01:00:00 PM,22,8,14
03/16/2015 02:00:00 PM,25,9,16
03/16/2015 03:00:00 PM,38,6,32
03/16/2015 04:00:00 PM,71,21,50
03/16/2015 05:00:00 PM,113,41,72
03/16/2015 06:00:00 PM,64,18,46
03/16/2015 07:00:00 PM,33,9,24
03/16/2015 08:00:00 PM,14,5,9
03/16/2015 09:00:00 PM,7,2,5
03/16/2015 10:00:00 PM,5,0,5
03/16/2015 11:00:00 PM,2,1,1
03/17/2015 12:00:00 AM,2,2,0
03/17/2015 01:00:00 AM,1,1,0
03/17/2015 02:00:00 AM,1,0,1
03/17/2015 03:00:00 AM,0,0,0
03/17/2015 04:00:00 AM,0,0,0
03/17/2015 05:00:00 AM,9,3,6
03/17/2015 06:00:00 AM,32,14,18
03/17/2015 07:00:00 AM,45,19,26
03/17/2015 08:00:00 AM,114,36,78
03/17/2015 09:00:00 AM,64,21,43
03/17/2015 10:00:00 AM,22,11,11
03/17/2015 11:00:00 AM,17,9,8
03/17/2015 12:00:00 PM,25,8,17
03/17/2015 01:00:00 PM,31,15,16
03/17/2015 02:00:00 PM,23,7,16
03/17/2015 03:00:00 PM,37,8,29
03/17/2015 04:00:00 PM,72,18,54
03/17/2015 05:00:00 PM,116,41,75
03/17/2015 06:00:00 PM,66,25,41
03/17/2015 07:00:00 PM,21,5,16
03/17/2015 08:00:00 PM,9,3,6
03/17/2015 09:00:00 PM,13,5,8
03/17/2015 10:00:00 PM,6,2,4
03/17/2015 11:00:00 PM,4,1,3
03/18/2015 12:00:00 AM,1,0,1
03/18/2015 01:00:00 AM,0,0,0
03/18/2015 02:00:00 AM,1,0,1
03/18/2015 03:00:00 AM,0,0,0
03/18/2015 04:00:00 AM,1,0,1
03/18/2015 05:00:00 AM,8,2,6
03/18/2015 06:00:00 AM,34,16,18
03/18/2015 07:00:00 AM,47,8,39
03/18/2015 08:00:00 AM,114,36,78
03/18/2015 09:00:00 AM,57,20,37
03/18/2015 10:00:00 AM,33,10,23
03/18/2015 11:00:00 AM,34,11,23
03/18/2015 12:00:00 PM,26,9,17
03/18/2015 01:00:00 PM,32,13,19
03/18/2015 02:00:00 PM,30,12,18
03/18/2015 03:00:00 PM,33,11,22
03/18/2015 04:00:00 PM,100,33,67
03/18/2015 05:00:00 PM,119,36,83
03/18/2015 06:00:00 PM,76,21,55
03/18/2015 07:00:00 PM,30,11,19
03/18/2015 08:00:00 PM,18,6,12
03/18/2015 09:00:00 PM,11,3,8
03/18/2015 10:00:00 PM,9,4,5
03/18/2015 11:00:00 PM,5,1,4
03/19/2015 12:00:00 AM,0,0,0
03/19/2015 01:00:00 AM,0,0,0
03/19/2015 02:00:00 AM,1,0,1
03/19/2015 03:00:00 AM,0,0,0
03/19/2015 04:00:00 AM,2,1,1
03/19/2015 05:00:00 AM,9,2,7
03/19/2015 06:00:00 AM,26,11,15
03/19/2015 07:00:00 AM,56,20,36
03/19/2015 08:00:00 AM,117,40,77
03/19/2015 09:00:00 AM,76,24,52
03/19/2015 10:00:00 AM,37,14,23
03/19/2015 11:00:00 AM,26,10,16
03/19/2015 12:00:00 PM,33,12,21
03/19/2015 01:00:00 PM,39,23,16
03/19/2015 02:00:00 PM,33,16,17
03/19/2015 03:00:00 PM,36,14,22
03/19/2015 04:00:00 PM,83,18,65
03/19/2015 05:00:00 PM,129,43,86
03/19/2015 06:00:00 PM,96,31,65
03/19/2015 07:00:00 PM,24,7,17
03/19/2015 08:00:00 PM,19,5,14
03/19/2015 09:00:00 PM,13,2,11
03/19/2015 10:00:00 PM,8,2,6
03/19/2015 11:00:00 PM,5,1,4
03/20/2015 12:00:00 AM,4,0,4
03/20/2015 01:00:00 AM,0,0,0
03/20/2015 02:00:00 AM,0,0,0
03/20/2015 03:00:00 AM,0,0,0
03/20/2015 04:00:00 AM,0,0,0
03/20/2015 05:00:00 AM,5,3,2
03/20/2015 06:00:00 AM,32,12,20
03/20/2015 07:00:00 AM,37,14,23
03/20/2015 08:00:00 AM,72,15,57
03/20/2015 09:00:00 AM,48,19,29
03/20/2015 10:00:00 AM,26,6,20
03/20/2015 11:00:00 AM,33,15,18
03/20/2015 12:00:00 PM,36,18,18
03/20/2015 01:00:00 PM,31,11,20
03/20/2015 02:00:00 PM,20,8,12
03/20/2015 03:00:00 PM,39,8,31
03/20/2015 04:00:00 PM,64,24,40
03/20/2015 05:00:00 PM,77,27,50
03/20/2015 06:00:00 PM,50,14,36
03/20/2015 07:00:00 PM,14,6,8
03/20/2015 08:00:00 PM,8,5,3
03/20/2015 09:00:00 PM,10,3,7
03/20/2015 10:00:00 PM,10,4,6
03/20/2015 11:00:00 PM,7,5,2
03/21/2015 12:00:00 AM,4,0,4
03/21/2015 01:00:00 AM,7,1,6
03/21/2015 02:00:00 AM,3,0,3
03/21/2015 03:00:00 AM,3,1,2
03/21/2015 04:00:00 AM,1,0,1
03/21/2015 05:00:00 AM,3,1,2
03/21/2015 06:00:00 AM,4,0,4
03/21/2015 07:00:00 AM,9,2,7
03/21/2015 08:00:00 AM,7,4,3
03/21/2015 09:00:00 AM,8,0,8
03/21/2015 10:00:00 AM,9,3,6
03/21/2015 11:00:00 AM,12,4,8
03/21/2015 12:00:00 PM,5,2,3
03/21/2015 01:00:00 PM,13,4,9
03/21/2015 02:00:00 PM,25,10,15
03/21/2015 03:00:00 PM,20,7,13
03/21/2015 04:00:00 PM,9,1,8
03/21/2015 05:00:00 PM,16,8,8
03/21/2015 06:00:00 PM,18,4,14
03/21/2015 07:00:00 PM,14,5,9
03/21/2015 08:00:00 PM,7,3,4
03/21/2015 09:00:00 PM,6,0,6
03/21/2015 10:00:00 PM,2,0,2
03/21/2015 11:00:00 PM,3,1,2
03/22/2015 12:00:00 AM,8,1,7
03/22/2015 01:00:00 AM,7,1,6
03/22/2015 02:00:00 AM,1,0,1
03/22/2015 03:00:00 AM,1,0,1
03/22/2015 04:00:00 AM,0,0,0
03/22/2015 05:00:00 AM,2,2,0
03/22/2015 06:00:00 AM,2,1,1
03/22/2015 07:00:00 AM,4,0,4
03/22/2015 08:00:00 AM,4,2,2
03/22/2015 09:00:00 AM,6,2,4
03/22/2015 10:00:00 AM,9,3,6
03/22/2015 11:00:00 AM,15,7,8
03/22/2015 12:00:00 PM,22,14,8
03/22/2015 01:00:00 PM,7,3,4
03/22/2015 02:00:00 PM,13,5,8
03/22/2015 03:00:00 PM,9,1,8
03/22/2015 04:00:00 PM,8,3,5
03/22/2015 05:00:00 PM,8,3,5
03/22/2015 06:00:00 PM,13,4,9
03/22/2015 07:00:00 PM,12,5,7
03/22/2015 08:00:00 PM,10,7,3
03/22/2015 09:00:00 PM,7,3,4
03/22/2015 10:00:00 PM,4,1,3
03/22/2015 11:00:00 PM,4,1,3
03/23/2015 12:00:00 AM,0,0,0
03/23/2015 01:00:00 AM,0,0,0
03/23/2015 02:00:00 AM,1,0,1
03/23/2015 03:00:00 AM,0,0,0
03/23/2015 04:00:00 AM,0,0,0
03/23/2015 05:00:00 AM,8,5,3
03/23/2015 06:00:00 AM,29,15,14
03/23/2015 07:00:00 AM,39,16,23
03/23/2015 08:00:00 AM,90,22,68
03/23/2015 09:00:00 AM,66,22,44
03/23/2015 10:00:00 AM,31,9,22
03/23/2015 11:00:00 AM,27,10,17
03/23/2015 12:00:00 PM,15,7,8
03/23/2015 01:00:00 PM,10,5,5
03/23/2015 02:00:00 PM,20,5,15
03/23/2015 03:00:00 PM,19,5,14
03/23/2015 04:00:00 PM,70,19,51
03/23/2015 05:00:00 PM,102,26,76
03/23/2015 06:00:00 PM,67,27,40
03/23/2015 07:00:00 PM,23,9,14
03/23/2015 08:00:00 PM,10,5,5
03/23/2015 09:00:00 PM,6,0,6
03/23/2015 10:00:00 PM,5,2,3
03/23/2015 11:00:00 PM,1,0,1
03/24/2015 12:00:00 AM,1,0,1
03/24/2015 01:00:00 AM,0,0,0
03/24/2015 02:00:00 AM,0,0,0
03/24/2015 03:00:00 AM,1,0,1
03/24/2015 04:00:00 AM,1,1,0
03/24/2015 05:00:00 AM,4,2,2
03/24/2015 06:00:00 AM,25,11,14
03/24/2015 07:00:00 AM,45,16,29
03/24/2015 08:00:00 AM,70,17,53
03/24/2015 09:00:00 AM,62,22,40
03/24/2015 10:00:00 AM,30,9,21
03/24/2015 11:00:00 AM,20,10,10
03/24/2015 12:00:00 PM,20,12,8
03/24/2015 01:00:00 PM,27,12,15
03/24/2015 02:00:00 PM,32,9,23
03/24/2015 03:00:00 PM,37,13,24
03/24/2015 04:00:00 PM,73,9,64
03/24/2015 05:00:00 PM,117,34,83
03/24/2015 06:00:00 PM,91,21,70
03/24/2015 07:00:00 PM,39,7,32
03/24/2015 08:00:00 PM,15,3,12
03/24/2015 09:00:00 PM,23,10,13
03/24/2015 10:00:00 PM,10,4,6
03/24/2015 11:00:00 PM,6,3,3
03/25/2015 12:00:00 AM,2,1,1
03/25/2015 01:00:00 AM,0,0,0
03/25/2015 02:00:00 AM,0,0,0
03/25/2015 03:00:00 AM,0,0,0
03/25/2015 04:00:00 AM,0,0,0
03/25/2015 05:00:00 AM,5,3,2
03/25/2015 06:00:00 AM,25,11,14
03/25/2015 07:00:00 AM,36,12,24
03/25/2015 08:00:00 AM,88,28,60
03/25/2015 09:00:00 AM,45,15,30
03/25/2015 10:00:00 AM,34,13,21
03/25/2015 11:00:00 AM,28,15,13
03/25/2015 12:00:00 PM,15,6,9
03/25/2015 01:00:00 PM,21,9,12
03/25/2015 02:00:00 PM,25,9,16
03/25/2015 03:00:00 PM,25,5,20
03/25/2015 04:00:00 PM,64,14,50
03/25/2015 05:00:00 PM,94,29,65
03/25/2015 06:00:00 PM,56,19,37
03/25/2015 07:00:00 PM,18,5,13
03/25/2015 08:00:00 PM,11,3,8
03/25/2015 09:00:00 PM,11,1,10
03/25/2015 10:00:00 PM,12,2,10
03/25/2015 11:00:00 PM,1,0,1
03/26/2015 12:00:00 AM,2,0,2
03/26/2015 01:00:00 AM,1,0,1
03/26/2015 02:00:00 AM,0,0,0
03/26/2015 03:00:00 AM,0,0,0
03/26/2015 04:00:00 AM,0,0,0
03/26/2015 05:00:00 AM,8,5,3
03/26/2015 06:00:00 AM,32,14,18
03/26/2015 07:00:00 AM,67,25,42
03/26/2015 08:00:00 AM,134,41,93
03/26/2015 09:00:00 AM,64,18,46
03/26/2015 10:00:00 AM,27,9,18
03/26/2015 11:00:00 AM,38,12,26
03/26/2015 12:00:00 PM,45,19,26
03/26/2015 01:00:00 PM,48,20,28
03/26/2015 02:00:00 PM,40,19,21
03/26/2015 03:00:00 PM,61,16,45
03/26/2015 04:00:00 PM,97,21,76
03/26/2015 05:00:00 PM,150,47,103
03/26/2015 06:00:00 PM,73,30,43
03/26/2015 07:00:00 PM,43,10,33
03/26/2015 08:00:00 PM,30,6,24
03/26/2015 09:00:00 PM,16,4,12
03/26/2015 10:00:00 PM,9,3,6
03/26/2015 11:00:00 PM,5,5,0
03/27/2015 12:00:00 AM,8,2,6
03/27/2015 01:00:00 AM,4,2,2
03/27/2015 02:00:00 AM,0,0,0
03/27/2015 03:00:00 AM,1,0,1
03/27/2015 04:00:00 AM,0,0,0
03/27/2015 05:00:00 AM,5,2,3
03/27/2015 06:00:00 AM,34,18,16
03/27/2015 07:00:00 AM,57,16,41
03/27/2015 08:00:00 AM,107,34,73
03/27/2015 09:00:00 AM,71,26,45
03/27/2015 10:00:00 AM,40,10,30
03/27/2015 11:00:00 AM,33,10,23
03/27/2015 12:00:00 PM,45,16,29
03/27/2015 01:00:00 PM,38,13,25
03/27/2015 02:00:00 PM,46,13,33
03/27/2015 03:00:00 PM,66,13,53
03/27/2015 04:00:00 PM,119,37,82
03/27/2015 05:00:00 PM,112,38,74
03/27/2015 06:00:00 PM,71,22,49
03/27/2015 07:00:00 PM,24,8,16
03/27/2015 08:00:00 PM,19,7,12
03/27/2015 09:00:00 PM,8,2,6
03/27/2015 10:00:00 PM,11,4,7
03/27/2015 11:00:00 PM,4,1,3
03/28/2015 12:00:00 AM,3,1,2
03/28/2015 01:00:00 AM,2,0,2
03/28/2015 02:00:00 AM,0,0,0
03/28/2015 03:00:00 AM,0,0,0
03/28/2015 04:00:00 AM,0,0,0
03/28/2015 05:00:00 AM,3,1,2
03/28/2015 06:00:00 AM,1,1,0
03/28/2015 07:00:00 AM,7,2,5
03/28/2015 08:00:00 AM,13,5,8
03/28/2015 09:00:00 AM,13,5,8
03/28/2015 10:00:00 AM,16,3,13
03/28/2015 11:00:00 AM,24,6,18
03/28/2015 12:00:00 PM,20,9,11
03/28/2015 01:00:00 PM,34,17,17
03/28/2015 02:00:00 PM,29,21,8
03/28/2015 03:00:00 PM,27,12,15
03/28/2015 04:00:00 PM,18,6,12
03/28/2015 05:00:00 PM,35,4,31
03/28/2015 06:00:00 PM,23,6,17
03/28/2015 07:00:00 PM,9,3,6
03/28/2015 08:00:00 PM,3,2,1
03/28/2015 09:00:00 PM,8,4,4
03/28/2015 10:00:00 PM,5,3,2
03/28/2015 11:00:00 PM,7,2,5
03/29/2015 12:00:00 AM,3,0,3
03/29/2015 01:00:00 AM,7,1,6
03/29/2015 02:00:00 AM,0,0,0
03/29/2015 03:00:00 AM,2,1,1
03/29/2015 04:00:00 AM,0,0,0
03/29/2015 05:00:00 AM,2,2,0
03/29/2015 06:00:00 AM,3,1,2
03/29/2015 07:00:00 AM,2,1,1
03/29/2015 08:00:00 AM,8,1,7
03/29/2015 09:00:00 AM,9,1,8
03/29/2015 10:00:00 AM,9,5,4
03/29/2015 11:00:00 AM,11,2,9
03/29/2015 12:00:00 PM,16,8,8
03/29/2015 01:00:00 PM,10,3,7
03/29/2015 02:00:00 PM,18,3,15
03/29/2015 03:00:00 PM,16,7,9
03/29/2015 04:00:00 PM,11,4,7
03/29/2015 05:00:00 PM,15,4,11
03/29/2015 06:00:00 PM,12,7,5
03/29/2015 07:00:00 PM,8,4,4
03/29/2015 08:00:00 PM,1,1,0
03/29/2015 09:00:00 PM,5,1,4
03/29/2015 10:00:00 PM,3,2,1
03/29/2015 11:00:00 PM,3,0,3
03/30/2015 12:00:00 AM,3,0,3
03/30/2015 01:00:00 AM,1,0,1
03/30/2015 02:00:00 AM,0,0,0
03/30/2015 03:00:00 AM,1,0,1
03/30/2015 04:00:00 AM,0,0,0
03/30/2015 05:00:00 AM,11,5,6
03/30/2015 06:00:00 AM,27,14,13
03/30/2015 07:00:00 AM,79,28,51
03/30/2015 08:00:00 AM,117,38,79
03/30/2015 09:00:00 AM,76,22,54
03/30/2015 10:00:00 AM,34,9,25
03/30/2015 11:00:00 AM,18,7,11
03/30/2015 12:00:00 PM,34,10,24
03/30/2015 01:00:00 PM,31,10,21
03/30/2015 02:00:00 PM,30,4,26
03/30/2015 03:00:00 PM,50,14,36
03/30/2015 04:00:00 PM,104,22,82
03/30/2015 05:00:00 PM,157,49,108
03/30/2015 06:00:00 PM,83,30,53
03/30/2015 07:00:00 PM,26,12,14
03/30/2015 08:00:00 PM,13,8,5
03/30/2015 09:00:00 PM,11,3,8
03/30/2015 10:00:00 PM,5,1,4
03/30/2015 11:00:00 PM,0,0,0
03/31/2015 12:00:00 AM,0,0,0
03/31/2015 01:00:00 AM,0,0,0
03/31/2015 02:00:00 AM,0,0,0
03/31/2015 03:00:00 AM,2,0,2
03/31/2015 04:00:00 AM,0,0,0
03/31/2015 05:00:00 AM,8,5,3
03/31/2015 06:00:00 AM,37,17,20
03/31/2015 07:00:00 AM,45,19,26
03/31/2015 08:00:00 AM,99,23,76
03/31/2015 09:00:00 AM,42,16,26
03/31/2015 10:00:00 AM,20,4,16
03/31/2015 11:00:00 AM,15,8,7
03/31/2015 12:00:00 PM,19,9,10
03/31/2015 01:00:00 PM,20,6,14
03/31/2015 02:00:00 PM,26,4,22
03/31/2015 03:00:00 PM,38,10,28
03/31/2015 04:00:00 PM,69,14,55
03/31/2015 05:00:00 PM,86,28,58
03/31/2015 06:00:00 PM,69,29,40
03/31/2015 07:00:00 PM,12,5,7
03/31/2015 08:00:00 PM,9,4,5
03/31/2015 09:00:00 PM,8,2,6
03/31/2015 10:00:00 PM,6,4,2
03/31/2015 11:00:00 PM,1,0,1
04/01/2015 12:00:00 AM,0,0,0
04/01/2015 01:00:00 AM,0,0,0
04/01/2015 02:00:00 AM,1,0,1
04/01/2015 03:00:00 AM,0,0,0
04/01/2015 04:00:00 AM,0,0,0
04/01/2015 05:00:00 AM,6,2,4
04/01/2015 06:00:00 AM,26,13,13
04/01/2015 07:00:00 AM,46,12,34
04/01/2015 08:00:00 AM,94,25,69
04/01/2015 09:00:00 AM,63,21,42
04/01/2015 10:00:00 AM,28,10,18
04/01/2015 11:00:00 AM,31,12,19
04/01/2015 12:00:00 PM,45,19,26
04/01/2015 01:00:00 PM,28,11,17
04/01/2015 02:00:00 PM,24,9,15
04/01/2015 03:00:00 PM,55,12,43
04/01/2015 04:00:00 PM,90,29,61
04/01/2015 05:00:00 PM,110,35,75
04/01/2015 06:00:00 PM,62,16,46
04/01/2015 07:00:00 PM,28,4,24
04/01/2015 08:00:00 PM,3,1,2
04/01/2015 09:00:00 PM,8,4,4
04/01/2015 10:00:00 PM,8,3,5
04/01/2015 11:00:00 PM,2,0,2
04/02/2015 12:00:00 AM,1,0,1
04/02/2015 01:00:00 AM,4,0,4
04/02/2015 02:00:00 AM,0,0,0
04/02/2015 03:00:00 AM,0,0,0
04/02/2015 04:00:00 AM,0,0,0
04/02/2015 05:00:00 AM,10,2,8
04/02/2015 06:00:00 AM,32,16,16
04/02/2015 07:00:00 AM,54,17,37
04/02/2015 08:00:00 AM,81,22,59
04/02/2015 09:00:00 AM,53,13,40
04/02/2015 10:00:00 AM,24,9,15
04/02/2015 11:00:00 AM,33,12,21
04/02/2015 12:00:00 PM,31,15,16
04/02/2015 01:00:00 PM,33,12,21
04/02/2015 02:00:00 PM,30,11,19
04/02/2015 03:00:00 PM,51,14,37
04/02/2015 04:00:00 PM,82,18,64
04/02/2015 05:00:00 PM,157,41,116
04/02/2015 06:00:00 PM,148,36,112
04/02/2015 07:00:00 PM,37,22,15
04/02/2015 08:00:00 PM,29,17,12
04/02/2015 09:00:00 PM,18,9,9
04/02/2015 10:00:00 PM,9,2,7
04/02/2015 11:00:00 PM,6,1,5
04/03/2015 12:00:00 AM,2,0,2
04/03/2015 01:00:00 AM,2,0,2
04/03/2015 02:00:00 AM,1,0,1
04/03/2015 03:00:00 AM,0,0,0
04/03/2015 04:00:00 AM,1,0,1
04/03/2015 05:00:00 AM,9,2,7
04/03/2015 06:00:00 AM,26,12,14
04/03/2015 07:00:00 AM,52,19,33
04/03/2015 08:00:00 AM,95,28,67
04/03/2015 09:00:00 AM,64,26,38
04/03/2015 10:00:00 AM,37,10,27
04/03/2015 11:00:00 AM,38,9,29
04/03/2015 12:00:00 PM,18,11,7
04/03/2015 01:00:00 PM,19,7,12
04/03/2015 02:00:00 PM,27,10,17
04/03/2015 03:00:00 PM,48,15,33
04/03/2015 04:00:00 PM,87,23,64
04/03/2015 05:00:00 PM,92,31,61
04/03/2015 06:00:00 PM,55,13,42
04/03/2015 07:00:00 PM,21,5,16
04/03/2015 08:00:00 PM,9,3,6
04/03/2015 09:00:00 PM,8,2,6
04/03/2015 10:00:00 PM,5,1,4
04/03/2015 11:00:00 PM,7,1,6
04/04/2015 12:00:00 AM,1,1,0
04/04/2015 01:00:00 AM,4,0,4
04/04/2015 02:00:00 AM,1,1,0
04/04/2015 03:00:00 AM,1,0,1
04/04/2015 04:00:00 AM,0,0,0
04/04/2015 05:00:00 AM,4,2,2
04/04/2015 06:00:00 AM,5,2,3
04/04/2015 07:00:00 AM,14,2,12
04/04/2015 08:00:00 AM,12,3,9
04/04/2015 09:00:00 AM,9,6,3
04/04/2015 10:00:00 AM,16,2,14
04/04/2015 11:00:00 AM,21,3,18
04/04/2015 12:00:00 PM,21,10,11
04/04/2015 01:00:00 PM,28,11,17
04/04/2015 02:00:00 PM,23,9,14
04/04/2015 03:00:00 PM,23,12,11
04/04/2015 04:00:00 PM,32,11,21
04/04/2015 05:00:00 PM,27,5,22
04/04/2015 06:00:00 PM,48,7,41
04/04/2015 07:00:00 PM,9,6,3
04/04/2015 08:00:00 PM,5,3,2
04/04/2015 09:00:00 PM,30,24,6
04/04/2015 10:00:00 PM,8,3,5
04/04/2015 11:00:00 PM,8,1,7
04/05/2015 12:00:00 AM,3,2,1
04/05/2015 01:00:00 AM,4,0,4
04/05/2015 02:00:00 AM,1,1,0
04/05/2015 03:00:00 AM,1,0,1
04/05/2015 04:00:00 AM,0,0,0
04/05/2015 05:00:00 AM,4,3,1
04/05/2015 06:00:00 AM,0,0,0
04/05/2015 07:00:00 AM,6,1,5
04/05/2015 08:00:00 AM,6,0,6
04/05/2015 09:00:00 AM,13,4,9
04/05/2015 10:00:00 AM,14,5,9
04/05/2015 11:00:00 AM,13,3,10
04/05/2015 12:00:00 PM,20,9,11
04/05/2015 01:00:00 PM,14,4,10
04/05/2015 02:00:00 PM,22,7,15
04/05/2015 03:00:00 PM,26,9,17
04/05/2015 04:00:00 PM,13,2,11
04/05/2015 05:00:00 PM,12,1,11
04/05/2015 06:00:00 PM,16,4,12
04/05/2015 07:00:00 PM,9,1,8
04/05/2015 08:00:00 PM,6,1,5
04/05/2015 09:00:00 PM,7,3,4
04/05/2015 10:00:00 PM,4,1,3
04/05/2015 11:00:00 PM,2,0,2
04/06/2015 12:00:00 AM,0,0,0
04/06/2015 01:00:00 AM,0,0,0
04/06/2015 02:00:00 AM,2,0,2
04/06/2015 03:00:00 AM,1,0,1
04/06/2015 04:00:00 AM,1,0,1
04/06/2015 05:00:00 AM,10,5,5
04/06/2015 06:00:00 AM,40,15,25
04/06/2015 07:00:00 AM,64,23,41
04/06/2015 08:00:00 AM,117,28,89
04/06/2015 09:00:00 AM,62,18,44
04/06/2015 10:00:00 AM,37,15,22
04/06/2015 11:00:00 AM,36,11,25
04/06/2015 12:00:00 PM,50,13,37
04/06/2015 01:00:00 PM,33,9,24
04/06/2015 02:00:00 PM,19,8,11
04/06/2015 03:00:00 PM,46,13,33
04/06/2015 04:00:00 PM,94,29,65
04/06/2015 05:00:00 PM,139,46,93
04/06/2015 06:00:00 PM,73,27,46
04/06/2015 07:00:00 PM,27,9,18
04/06/2015 08:00:00 PM,18,6,12
04/06/2015 09:00:00 PM,7,0,7
04/06/2015 10:00:00 PM,5,1,4
04/06/2015 11:00:00 PM,8,3,5
04/07/2015 12:00:00 AM,2,0,2
04/07/2015 01:00:00 AM,0,0,0
04/07/2015 02:00:00 AM,1,0,1
04/07/2015 03:00:00 AM,0,0,0
04/07/2015 04:00:00 AM,1,0,1
04/07/2015 05:00:00 AM,11,5,6
04/07/2015 06:00:00 AM,39,15,24
04/07/2015 07:00:00 AM,80,28,52
04/07/2015 08:00:00 AM,157,44,113
04/07/2015 09:00:00 AM,65,18,47
04/07/2015 10:00:00 AM,36,14,22
04/07/2015 11:00:00 AM,29,8,21
04/07/2015 12:00:00 PM,20,12,8
04/07/2015 01:00:00 PM,29,11,18
04/07/2015 02:00:00 PM,26,11,15
04/07/2015 03:00:00 PM,63,20,43
04/07/2015 04:00:00 PM,102,29,73
04/07/2015 05:00:00 PM,161,59,102
04/07/2015 06:00:00 PM,77,27,50
04/07/2015 07:00:00 PM,34,15,19
04/07/2015 08:00:00 PM,16,2,14
04/07/2015 09:00:00 PM,14,8,6
04/07/2015 10:00:00 PM,12,7,5
04/07/2015 11:00:00 PM,6,0,6
04/08/2015 12:00:00 AM,2,0,2
04/08/2015 01:00:00 AM,1,0,1
04/08/2015 02:00:00 AM,1,0,1
04/08/2015 03:00:00 AM,0,0,0
04/08/2015 04:00:00 AM,0,0,0
04/08/2015 05:00:00 AM,8,3,5
04/08/2015 06:00:00 AM,40,16,24
04/08/2015 07:00:00 AM,58,19,39
04/08/2015 08:00:00 AM,112,29,83
04/08/2015 09:00:00 AM,75,23,52
04/08/2015 10:00:00 AM,37,12,25
04/08/2015 11:00:00 AM,29,8,21
04/08/2015 12:00:00 PM,24,13,11
04/08/2015 01:00:00 PM,32,13,19
04/08/2015 02:00:00 PM,37,15,22
04/08/2015 03:00:00 PM,49,10,39
04/08/2015 04:00:00 PM,105,19,86
04/08/2015 05:00:00 PM,165,40,125
04/08/2015 06:00:00 PM,84,23,61
04/08/2015 07:00:00 PM,25,11,14
04/08/2015 08:00:00 PM,17,5,12
04/08/2015 09:00:00 PM,20,3,17
04/08/2015 10:00:00 PM,25,20,5
04/08/2015 11:00:00 PM,4,3,1
04/09/2015 12:00:00 AM,3,1,2
04/09/2015 01:00:00 AM,3,0,3
04/09/2015 02:00:00 AM,0,0,0
04/09/2015 03:00:00 AM,5,0,5
04/09/2015 04:00:00 AM,1,0,1
04/09/2015 05:00:00 AM,9,4,5
04/09/2015 06:00:00 AM,28,11,17
04/09/2015 07:00:00 AM,70,23,47
04/09/2015 08:00:00 AM,124,34,90
04/09/2015 09:00:00 AM,79,21,58
04/09/2015 10:00:00 AM,41,15,26
04/09/2015 11:00:00 AM,32,9,23
04/09/2015 12:00:00 PM,35,10,25
04/09/2015 01:00:00 PM,32,13,19
04/09/2015 02:00:00 PM,27,10,17
04/09/2015 03:00:00 PM,47,16,31
04/09/2015 04:00:00 PM,104,21,83
04/09/2015 05:00:00 PM,147,44,103
04/09/2015 06:00:00 PM,82,28,54
04/09/2015 07:00:00 PM,51,20,31
04/09/2015 08:00:00 PM,18,8,10
04/09/2015 09:00:00 PM,13,5,8
04/09/2015 10:00:00 PM,14,6,8
04/09/2015 11:00:00 PM,4,1,3
04/10/2015 12:00:00 AM,1,0,1
04/10/2015 01:00:00 AM,0,0,0
04/10/2015 02:00:00 AM,1,0,1
04/10/2015 03:00:00 AM,2,0,2
04/10/2015 04:00:00 AM,0,0,0
04/10/2015 05:00:00 AM,9,4,5
04/10/2015 06:00:00 AM,30,14,16
04/10/2015 07:00:00 AM,49,18,31
04/10/2015 08:00:00 AM,103,24,79
04/10/2015 09:00:00 AM,48,13,35
04/10/2015 10:00:00 AM,42,16,26
04/10/2015 11:00:00 AM,17,5,12
04/10/2015 12:00:00 PM,36,13,23
04/10/2015 01:00:00 PM,38,18,20
04/10/2015 02:00:00 PM,37,7,30
04/10/2015 03:00:00 PM,57,22,35
04/10/2015 04:00:00 PM,76,21,55
04/10/2015 05:00:00 PM,92,27,65
04/10/2015 06:00:00 PM,35,8,27
04/10/2015 07:00:00 PM,17,7,10
04/10/2015 08:00:00 PM,9,5,4
04/10/2015 09:00:00 PM,3,1,2
04/10/2015 10:00:00 PM,6,0,6
04/10/2015 11:00:00 PM,1,0,1
04/11/2015 12:00:00 AM,0,0,0
04/11/2015 01:00:00 AM,0,0,0
04/11/2015 02:00:00 AM,2,0,2
04/11/2015 03:00:00 AM,1,0,1
04/11/2015 04:00:00 AM,1,1,0
04/11/2015 05:00:00 AM,3,2,1
04/11/2015 06:00:00 AM,2,2,0
04/11/2015 07:00:00 AM,8,1,7
04/11/2015 08:00:00 AM,11,2,9
04/11/2015 09:00:00 AM,11,2,9
04/11/2015 10:00:00 AM,12,5,7
04/11/2015 11:00:00 AM,9,1,8
04/11/2015 12:00:00 PM,26,7,19
04/11/2015 01:00:00 PM,18,13,5
04/11/2015 02:00:00 PM,18,7,11
04/11/2015 03:00:00 PM,20,9,11
04/11/2015 04:00:00 PM,19,8,11
04/11/2015 05:00:00 PM,17,7,10
04/11/2015 06:00:00 PM,14,5,9
04/11/2015 07:00:00 PM,10,2,8
04/11/2015 08:00:00 PM,2,0,2
04/11/2015 09:00:00 PM,4,3,1
04/11/2015 10:00:00 PM,5,1,4
04/11/2015 11:00:00 PM,3,0,3
04/12/2015 12:00:00 AM,4,1,3
04/12/2015 01:00:00 AM,2,1,1
04/12/2015 02:00:00 AM,0,0,0
04/12/2015 03:00:00 AM,3,0,3
04/12/2015 04:00:00 AM,1,0,1
04/12/2015 05:00:00 AM,4,2,2
04/12/2015 06:00:00 AM,3,2,1
04/12/2015 07:00:00 AM,2,1,1
04/12/2015 08:00:00 AM,6,1,5
04/12/2015 09:00:00 AM,10,5,5
04/12/2015 10:00:00 AM,32,6,26
04/12/2015 11:00:00 AM,15,5,10
04/12/2015 12:00:00 PM,23,11,12
04/12/2015 01:00:00 PM,21,10,11
04/12/2015 02:00:00 PM,14,7,7
04/12/2015 03:00:00 PM,21,8,13
04/12/2015 04:00:00 PM,27,9,18
04/12/2015 05:00:00 PM,21,5,16
04/12/2015 06:00:00 PM,14,4,10
04/12/2015 07:00:00 PM,11,4,7
04/12/2015 08:00:00 PM,6,1,5
04/12/2015 09:00:00 PM,5,1,4
04/12/2015 10:00:00 PM,4,1,3
04/12/2015 11:00:00 PM,2,0,2
04/13/2015 12:00:00 AM,0,0,0
04/13/2015 01:00:00 AM,0,0,0
04/13/2015 02:00:00 AM,1,0,1
04/13/2015 03:00:00 AM,0,0,0
04/13/2015 04:00:00 AM,1,1,0
04/13/2015 05:00:00 AM,7,4,3
04/13/2015 06:00:00 AM,29,12,17
04/13/2015 07:00:00 AM,55,22,33
04/13/2015 08:00:00 AM,90,22,68
04/13/2015 09:00:00 AM,52,19,33
04/13/2015 10:00:00 AM,27,11,16
04/13/2015 11:00:00 AM,27,10,17
04/13/2015 12:00:00 PM,29,16,13
04/13/2015 01:00:00 PM,27,8,19
04/13/2015 02:00:00 PM,19,6,13
04/13/2015 03:00:00 PM,40,13,27
04/13/2015 04:00:00 PM,70,14,56
04/13/2015 05:00:00 PM,96,23,73
04/13/2015 06:00:00 PM,53,16,37
04/13/2015 07:00:00 PM,17,8,9
04/13/2015 08:00:00 PM,3,2,1
04/13/2015 09:00:00 PM,5,2,3
04/13/2015 10:00:00 PM,4,2,2
04/13/2015 11:00:00 PM,0,0,0
04/14/2015 12:00:00 AM,2,1,1
04/14/2015 01:00:00 AM,0,0,0
04/14/2015 02:00:00 AM,0,0,0
04/14/2015 03:00:00 AM,1,0,1
04/14/2015 04:00:00 AM,0,0,0
04/14/2015 05:00:00 AM,3,2,1
04/14/2015 06:00:00 AM,26,9,17
04/14/2015 07:00:00 AM,49,17,32
04/14/2015 08:00:00 AM,85,19,66
04/14/2015 09:00:00 AM,41,10,31
04/14/2015 10:00:00 AM,26,4,22
04/14/2015 11:00:00 AM,27,9,18
04/14/2015 12:00:00 PM,26,9,17
04/14/2015 01:00:00 PM,36,14,22
04/14/2015 02:00:00 PM,29,10,19
04/14/2015 03:00:00 PM,45,13,32
04/14/2015 04:00:00 PM,60,23,37
04/14/2015 05:00:00 PM,93,19,74
04/14/2015 06:00:00 PM,54,19,35
04/14/2015 07:00:00 PM,19,4,15
04/14/2015 08:00:00 PM,15,8,7
04/14/2015 09:00:00 PM,12,5,7
04/14/2015 10:00:00 PM,7,3,4
04/14/2015 11:00:00 PM,3,0,3
04/15/2015 12:00:00 AM,2,0,2
04/15/2015 01:00:00 AM,0,0,0
04/15/2015 02:00:00 AM,1,0,1
04/15/2015 03:00:00 AM,1,0,1
04/15/2015 04:00:00 AM,0,0,0
04/15/2015 05:00:00 AM,9,4,5
04/15/2015 06:00:00 AM,38,13,25
04/15/2015 07:00:00 AM,60,18,42
04/15/2015 08:00:00 AM,101,27,74
04/15/2015 09:00:00 AM,66,17,49
04/15/2015 10:00:00 AM,32,8,24
04/15/2015 11:00:00 AM,40,15,25
04/15/2015 12:00:00 PM,37,20,17
04/15/2015 01:00:00 PM,53,20,33
04/15/2015 02:00:00 PM,37,16,21
04/15/2015 03:00:00 PM,59,18,41
04/15/2015 04:00:00 PM,100,23,77
04/15/2015 05:00:00 PM,157,49,108
04/15/2015 06:00:00 PM,73,25,48
04/15/2015 07:00:00 PM,27,14,13
04/15/2015 08:00:00 PM,16,4,12
04/15/2015 09:00:00 PM,6,3,3
04/15/2015 10:00:00 PM,12,6,6
04/15/2015 11:00:00 PM,3,1,2
04/16/2015 12:00:00 AM,2,1,1
04/16/2015 01:00:00 AM,0,0,0
04/16/2015 02:00:00 AM,1,0,1
04/16/2015 03:00:00 AM,1,1,0
04/16/2015 04:00:00 AM,0,0,0
04/16/2015 05:00:00 AM,9,4,5
04/16/2015 06:00:00 AM,35,13,22
04/16/2015 07:00:00 AM,69,23,46
04/16/2015 08:00:00 AM,122,28,94
04/16/2015 09:00:00 AM,88,22,66
04/16/2015 10:00:00 AM,27,9,18
04/16/2015 11:00:00 AM,46,18,28
04/16/2015 12:00:00 PM,38,16,22
04/16/2015 01:00:00 PM,41,22,19
04/16/2015 02:00:00 PM,29,11,18
04/16/2015 03:00:00 PM,62,17,45
04/16/2015 04:00:00 PM,99,24,75
04/16/2015 05:00:00 PM,167,55,112
04/16/2015 06:00:00 PM,100,29,71
04/16/2015 07:00:00 PM,37,17,20
04/16/2015 08:00:00 PM,23,12,11
04/16/2015 09:00:00 PM,15,4,11
04/16/2015 10:00:00 PM,7,2,5
04/16/2015 11:00:00 PM,8,2,6
04/17/2015 12:00:00 AM,4,1,3
04/17/2015 01:00:00 AM,1,1,0
04/17/2015 02:00:00 AM,1,0,1
04/17/2015 03:00:00 AM,1,0,1
04/17/2015 04:00:00 AM,1,1,0
04/17/2015 05:00:00 AM,11,6,5
04/17/2015 06:00:00 AM,33,16,17
04/17/2015 07:00:00 AM,53,16,37
04/17/2015 08:00:00 AM,121,41,80
04/17/2015 09:00:00 AM,57,19,38
04/17/2015 10:00:00 AM,44,12,32
04/17/2015 11:00:00 AM,40,17,23
04/17/2015 12:00:00 PM,25,10,15
04/17/2015 01:00:00 PM,53,24,29
04/17/2015 02:00:00 PM,48,16,32
04/17/2015 03:00:00 PM,66,10,56
04/17/2015 04:00:00 PM,111,38,73
04/17/2015 05:00:00 PM,143,35,108
04/17/2015 06:00:00 PM,84,28,56
04/17/2015 07:00:00 PM,30,14,16
04/17/2015 08:00:00 PM,13,6,7
04/17/2015 09:00:00 PM,7,4,3
04/17/2015 10:00:00 PM,11,6,5
04/17/2015 11:00:00 PM,5,2,3
04/18/2015 12:00:00 AM,2,1,1
04/18/2015 01:00:00 AM,3,1,2
04/18/2015 02:00:00 AM,0,0,0
04/18/2015 03:00:00 AM,1,0,1
04/18/2015 04:00:00 AM,0,0,0
04/18/2015 05:00:00 AM,3,1,2
04/18/2015 06:00:00 AM,5,1,4
04/18/2015 07:00:00 AM,12,3,9
04/18/2015 08:00:00 AM,26,6,20
04/18/2015 09:00:00 AM,14,5,9
04/18/2015 10:00:00 AM,18,9,9
04/18/2015 11:00:00 AM,28,11,17
04/18/2015 12:00:00 PM,23,14,9
04/18/2015 01:00:00 PM,38,23,15
04/18/2015 02:00:00 PM,24,6,18
04/18/2015 03:00:00 PM,37,10,27
04/18/2015 04:00:00 PM,22,9,13
04/18/2015 05:00:00 PM,36,19,17
04/18/2015 06:00:00 PM,35,18,17
04/18/2015 07:00:00 PM,18,6,12
04/18/2015 08:00:00 PM,10,7,3
04/18/2015 09:00:00 PM,13,9,4
04/18/2015 10:00:00 PM,14,12,2
04/18/2015 11:00:00 PM,7,1,6
04/19/2015 12:00:00 AM,5,1,4
04/19/2015 01:00:00 AM,0,0,0
04/19/2015 02:00:00 AM,0,0,0
04/19/2015 03:00:00 AM,1,0,1
04/19/2015 04:00:00 AM,1,0,1
04/19/2015 05:00:00 AM,1,1,0
04/19/2015 06:00:00 AM,4,2,2
04/19/2015 07:00:00 AM,8,1,7
04/19/2015 08:00:00 AM,9,1,8
04/19/2015 09:00:00 AM,25,9,16
04/19/2015 10:00:00 AM,20,7,13
04/19/2015 11:00:00 AM,26,3,23
04/19/2015 12:00:00 PM,38,9,29
04/19/2015 01:00:00 PM,24,10,14
04/19/2015 02:00:00 PM,32,17,15
04/19/2015 03:00:00 PM,27,14,13
04/19/2015 04:00:00 PM,23,11,12
04/19/2015 05:00:00 PM,41,21,20
04/19/2015 06:00:00 PM,22,8,14
04/19/2015 07:00:00 PM,27,12,15
04/19/2015 08:00:00 PM,12,4,8
04/19/2015 09:00:00 PM,7,3,4
04/19/2015 10:00:00 PM,5,0,5
04/19/2015 11:00:00 PM,5,1,4
04/20/2015 12:00:00 AM,3,0,3
04/20/2015 01:00:00 AM,0,0,0
04/20/2015 02:00:00 AM,2,0,2
04/20/2015 03:00:00 AM,0,0,0
04/20/2015 04:00:00 AM,0,0,0
04/20/2015 05:00:00 AM,13,7,6
04/20/2015 06:00:00 AM,35,13,22
04/20/2015 07:00:00 AM,83,31,52
04/20/2015 08:00:00 AM,146,34,112
04/20/2015 09:00:00 AM,74,19,55
04/20/2015 10:00:00 AM,41,14,27
04/20/2015 11:00:00 AM,27,9,18
04/20/2015 12:00:00 PM,49,23,26
04/20/2015 01:00:00 PM,47,18,29
04/20/2015 02:00:00 PM,45,16,29
04/20/2015 03:00:00 PM,83,34,49
04/20/2015 04:00:00 PM,105,26,79
04/20/2015 05:00:00 PM,184,54,130
04/20/2015 06:00:00 PM,93,32,61
04/20/2015 07:00:00 PM,33,15,18
04/20/2015 08:00:00 PM,32,8,24
04/20/2015 09:00:00 PM,15,2,13
04/20/2015 10:00:00 PM,7,6,1
04/20/2015 11:00:00 PM,16,14,2
04/21/2015 12:00:00 AM,4,3,1
04/21/2015 01:00:00 AM,6,5,1
04/21/2015 02:00:00 AM,0,0,0
04/21/2015 03:00:00 AM,1,0,1
04/21/2015 04:00:00 AM,0,0,0
04/21/2015 05:00:00 AM,9,5,4
04/21/2015 06:00:00 AM,39,19,20
04/21/2015 07:00:00 AM,89,31,58
04/21/2015 08:00:00 AM,163,33,130
04/21/2015 09:00:00 AM,71,23,48
04/21/2015 10:00:00 AM,36,12,24
04/21/2015 11:00:00 AM,41,15,26
04/21/2015 12:00:00 PM,40,15,25
04/21/2015 01:00:00 PM,35,14,21
04/21/2015 02:00:00 PM,31,14,17
04/21/2015 03:00:00 PM,53,17,36
04/21/2015 04:00:00 PM,132,55,77
04/21/2015 05:00:00 PM,145,42,103
04/21/2015 06:00:00 PM,77,29,48
04/21/2015 07:00:00 PM,20,6,14
04/21/2015 08:00:00 PM,10,5,5
04/21/2015 09:00:00 PM,12,6,6
04/21/2015 10:00:00 PM,4,1,3
04/21/2015 11:00:00 PM,2,2,0
04/22/2015 12:00:00 AM,0,0,0
04/22/2015 01:00:00 AM,0,0,0
04/22/2015 02:00:00 AM,0,0,0
04/22/2015 03:00:00 AM,1,0,1
04/22/2015 04:00:00 AM,0,0,0
04/22/2015 05:00:00 AM,6,3,3
04/22/2015 06:00:00 AM,29,15,14
04/22/2015 07:00:00 AM,68,21,47
04/22/2015 08:00:00 AM,116,36,80
04/22/2015 09:00:00 AM,70,24,46
04/22/2015 10:00:00 AM,40,11,29
04/22/2015 11:00:00 AM,38,16,22
04/22/2015 12:00:00 PM,39,16,23
04/22/2015 01:00:00 PM,33,9,24
04/22/2015 02:00:00 PM,37,10,27
04/22/2015 03:00:00 PM,50,13,37
04/22/2015 04:00:00 PM,105,24,81
04/22/2015 05:00:00 PM,139,43,96
04/22/2015 06:00:00 PM,81,20,61
04/22/2015 07:00:00 PM,49,22,27
04/22/2015 08:00:00 PM,30,8,22
04/22/2015 09:00:00 PM,22,11,11
04/22/2015 10:00:00 PM,8,5,3
04/22/2015 11:00:00 PM,6,2,4
04/23/2015 12:00:00 AM,1,1,0
04/23/2015 01:00:00 AM,0,0,0
04/23/2015 02:00:00 AM,0,0,0
04/23/2015 03:00:00 AM,1,0,1
04/23/2015 04:00:00 AM,0,0,0
04/23/2015 05:00:00 AM,7,1,6
04/23/2015 06:00:00 AM,33,16,17
04/23/2015 07:00:00 AM,60,23,37
04/23/2015 08:00:00 AM,114,27,87
04/23/2015 09:00:00 AM,67,24,43
04/23/2015 10:00:00 AM,33,13,20
04/23/2015 11:00:00 AM,24,8,16
04/23/2015 12:00:00 PM,22,7,15
04/23/2015 01:00:00 PM,21,6,15
04/23/2015 02:00:00 PM,19,8,11
04/23/2015 03:00:00 PM,42,10,32
04/23/2015 04:00:00 PM,69,23,46
04/23/2015 05:00:00 PM,107,30,77
04/23/2015 06:00:00 PM,70,12,58
04/23/2015 07:00:00 PM,19,6,13
04/23/2015 08:00:00 PM,7,5,2
04/23/2015 09:00:00 PM,11,4,7
04/23/2015 10:00:00 PM,6,1,5
04/23/2015 11:00:00 PM,4,3,1
04/24/2015 12:00:00 AM,0,0,0
04/24/2015 01:00:00 AM,1,0,1
04/24/2015 02:00:00 AM,0,0,0
04/24/2015 03:00:00 AM,0,0,0
04/24/2015 04:00:00 AM,1,0,1
04/24/2015 05:00:00 AM,7,2,5
04/24/2015 06:00:00 AM,36,15,21
04/24/2015 07:00:00 AM,39,14,25
04/24/2015 08:00:00 AM,104,29,75
04/24/2015 09:00:00 AM,64,19,45
04/24/2015 10:00:00 AM,34,9,25
04/24/2015 11:00:00 AM,22,6,16
04/24/2015 12:00:00 PM,21,10,11
04/24/2015 01:00:00 PM,29,12,17
04/24/2015 02:00:00 PM,36,14,22
04/24/2015 03:00:00 PM,48,15,33
04/24/2015 04:00:00 PM,68,14,54
04/24/2015 05:00:00 PM,111,31,80
04/24/2015 06:00:00 PM,54,23,31
04/24/2015 07:00:00 PM,30,11,19
04/24/2015 08:00:00 PM,4,2,2
04/24/2015 09:00:00 PM,8,4,4
04/24/2015 10:00:00 PM,12,3,9
04/24/2015 11:00:00 PM,6,6,0
04/25/2015 12:00:00 AM,1,0,1
04/25/2015 01:00:00 AM,0,0,0
04/25/2015 02:00:00 AM,3,2,1
04/25/2015 03:00:00 AM,0,0,0
04/25/2015 04:00:00 AM,0,0,0
04/25/2015 05:00:00 AM,3,3,0
04/25/2015 06:00:00 AM,3,0,3
04/25/2015 07:00:00 AM,8,3,5
04/25/2015 08:00:00 AM,10,3,7
04/25/2015 09:00:00 AM,16,5,11
04/25/2015 10:00:00 AM,19,5,14
04/25/2015 11:00:00 AM,16,7,9
04/25/2015 12:00:00 PM,14,3,11
04/25/2015 01:00:00 PM,38,16,22
04/25/2015 02:00:00 PM,43,10,33
04/25/2015 03:00:00 PM,31,17,14
04/25/2015 04:00:00 PM,22,6,16
04/25/2015 05:00:00 PM,32,11,21
04/25/2015 06:00:00 PM,27,11,16
04/25/2015 07:00:00 PM,8,5,3
04/25/2015 08:00:00 PM,16,6,10
04/25/2015 09:00:00 PM,11,7,4
04/25/2015 10:00:00 PM,11,4,7
04/25/2015 11:00:00 PM,3,2,1
04/26/2015 12:00:00 AM,4,1,3
04/26/2015 01:00:00 AM,3,1,2
04/26/2015 02:00:00 AM,1,1,0
04/26/2015 03:00:00 AM,2,1,1
04/26/2015 04:00:00 AM,1,0,1
04/26/2015 05:00:00 AM,3,3,0
04/26/2015 06:00:00 AM,2,1,1
04/26/2015 07:00:00 AM,4,0,4
04/26/2015 08:00:00 AM,7,0,7
04/26/2015 09:00:00 AM,8,3,5
04/26/2015 10:00:00 AM,14,4,10
04/26/2015 11:00:00 AM,11,4,7
04/26/2015 12:00:00 PM,24,6,18
04/26/2015 01:00:00 PM,19,5,14
04/26/2015 02:00:00 PM,28,12,16
04/26/2015 03:00:00 PM,24,4,20
04/26/2015 04:00:00 PM,41,8,33
04/26/2015 05:00:00 PM,48,19,29
04/26/2015 06:00:00 PM,32,12,20
04/26/2015 07:00:00 PM,11,2,9
04/26/2015 08:00:00 PM,23,18,5
04/26/2015 09:00:00 PM,12,9,3
04/26/2015 10:00:00 PM,13,10,3
04/26/2015 11:00:00 PM,1,1,0
04/27/2015 12:00:00 AM,2,0,2
04/27/2015 01:00:00 AM,0,0,0
04/27/2015 02:00:00 AM,1,0,1
04/27/2015 03:00:00 AM,2,1,1
04/27/2015 04:00:00 AM,0,0,0
04/27/2015 05:00:00 AM,9,3,6
04/27/2015 06:00:00 AM,38,11,27
04/27/2015 07:00:00 AM,76,23,53
04/27/2015 08:00:00 AM,132,35,97
04/27/2015 09:00:00 AM,76,18,58
04/27/2015 10:00:00 AM,25,5,20
04/27/2015 11:00:00 AM,27,11,16
04/27/2015 12:00:00 PM,34,12,22
04/27/2015 01:00:00 PM,32,9,23
04/27/2015 02:00:00 PM,23,8,15
04/27/2015 03:00:00 PM,58,23,35
04/27/2015 04:00:00 PM,128,32,96
04/27/2015 05:00:00 PM,168,47,121
04/27/2015 06:00:00 PM,76,32,44
04/27/2015 07:00:00 PM,31,13,18
04/27/2015 08:00:00 PM,21,3,18
04/27/2015 09:00:00 PM,12,6,6
04/27/2015 10:00:00 PM,3,0,3
04/27/2015 11:00:00 PM,3,2,1
04/28/2015 12:00:00 AM,2,1,1
04/28/2015 01:00:00 AM,3,0,3
04/28/2015 02:00:00 AM,1,0,1
04/28/2015 03:00:00 AM,1,0,1
04/28/2015 04:00:00 AM,0,0,0
04/28/2015 05:00:00 AM,5,1,4
04/28/2015 06:00:00 AM,44,17,27
04/28/2015 07:00:00 AM,73,26,47
04/28/2015 08:00:00 AM,127,34,93
04/28/2015 09:00:00 AM,70,21,49
04/28/2015 10:00:00 AM,39,13,26
04/28/2015 11:00:00 AM,27,10,17
04/28/2015 12:00:00 PM,29,15,14
04/28/2015 01:00:00 PM,23,7,16
04/28/2015 02:00:00 PM,34,8,26
04/28/2015 03:00:00 PM,47,15,32
04/28/2015 04:00:00 PM,75,16,59
04/28/2015 05:00:00 PM,106,37,69
04/28/2015 06:00:00 PM,76,31,45
04/28/2015 07:00:00 PM,14,2,12
04/28/2015 08:00:00 PM,19,9,10
04/28/2015 09:00:00 PM,9,3,6
04/28/2015 10:00:00 PM,8,2,6
04/28/2015 11:00:00 PM,3,1,2
04/29/2015 12:00:00 AM,2,0,2
04/29/2015 01:00:00 AM,1,0,1
04/29/2015 02:00:00 AM,0,0,0
04/29/2015 03:00:00 AM,1,0,1
04/29/2015 04:00:00 AM,0,0,0
04/29/2015 05:00:00 AM,9,4,5
04/29/2015 06:00:00 AM,39,16,23
04/29/2015 07:00:00 AM,72,18,54
04/29/2015 08:00:00 AM,123,35,88
04/29/2015 09:00:00 AM,79,25,54
04/29/2015 10:00:00 AM,30,8,22
04/29/2015 11:00:00 AM,27,12,15
04/29/2015 12:00:00 PM,33,16,17
04/29/2015 01:00:00 PM,36,11,25
04/29/2015 02:00:00 PM,32,6,26
04/29/2015 03:00:00 PM,44,13,31
04/29/2015 04:00:00 PM,86,15,71
04/29/2015 05:00:00 PM,147,59,88
04/29/2015 06:00:00 PM,78,26,52
04/29/2015 07:00:00 PM,47,18,29
04/29/2015 08:00:00 PM,17,7,10
04/29/2015 09:00:00 PM,17,3,14
04/29/2015 10:00:00 PM,9,1,8
04/29/2015 11:00:00 PM,5,2,3
04/30/2015 12:00:00 AM,2,0,2
04/30/2015 01:00:00 AM,0,0,0
04/30/2015 02:00:00 AM,0,0,0
04/30/2015 03:00:00 AM,0,0,0
04/30/2015 04:00:00 AM,0,0,0
04/30/2015 05:00:00 AM,15,5,10
04/30/2015 06:00:00 AM,47,22,25
04/30/2015 07:00:00 AM,89,22,67
04/30/2015 08:00:00 AM,120,38,82
04/30/2015 09:00:00 AM,88,28,60
04/30/2015 10:00:00 AM,35,8,27
04/30/2015 11:00:00 AM,40,16,24
04/30/2015 12:00:00 PM,36,14,22
04/30/2015 01:00:00 PM,33,13,20
04/30/2015 02:00:00 PM,43,12,31
04/30/2015 03:00:00 PM,60,20,40
04/30/2015 04:00:00 PM,120,23,97
04/30/2015 05:00:00 PM,146,44,102
04/30/2015 06:00:00 PM,89,33,56
04/30/2015 07:00:00 PM,40,17,23
04/30/2015 08:00:00 PM,15,5,10
04/30/2015 09:00:00 PM,13,2,11
04/30/2015 10:00:00 PM,14,4,10
04/30/2015 11:00:00 PM,8,3,5
05/01/2015 12:00:00 AM,5,3,2
05/01/2015 01:00:00 AM,0,0,0
05/01/2015 02:00:00 AM,0,0,0
05/01/2015 03:00:00 AM,0,0,0
05/01/2015 04:00:00 AM,1,0,1
05/01/2015 05:00:00 AM,13,6,7
05/01/2015 06:00:00 AM,53,25,28
05/01/2015 07:00:00 AM,123,31,92
05/01/2015 08:00:00 AM,148,47,101
05/01/2015 09:00:00 AM,87,27,60
05/01/2015 10:00:00 AM,38,13,25
05/01/2015 11:00:00 AM,38,12,26
05/01/2015 12:00:00 PM,50,22,28
05/01/2015 01:00:00 PM,48,11,37
05/01/2015 02:00:00 PM,50,11,39
05/01/2015 03:00:00 PM,107,36,71
05/01/2015 04:00:00 PM,132,42,90
05/01/2015 05:00:00 PM,164,49,115
05/01/2015 06:00:00 PM,81,31,50
05/01/2015 07:00:00 PM,34,12,22
05/01/2015 08:00:00 PM,19,9,10
05/01/2015 09:00:00 PM,21,8,13
05/01/2015 10:00:00 PM,11,2,9
05/01/2015 11:00:00 PM,8,4,4
05/02/2015 12:00:00 AM,5,1,4
05/02/2015 01:00:00 AM,4,1,3
05/02/2015 02:00:00 AM,0,0,0
05/02/2015 03:00:00 AM,1,0,1
05/02/2015 04:00:00 AM,1,0,1
05/02/2015 05:00:00 AM,2,2,0
05/02/2015 06:00:00 AM,7,1,6
05/02/2015 07:00:00 AM,8,4,4
05/02/2015 08:00:00 AM,26,6,20
05/02/2015 09:00:00 AM,10,1,9
05/02/2015 10:00:00 AM,28,13,15
05/02/2015 11:00:00 AM,26,9,17
05/02/2015 12:00:00 PM,23,7,16
05/02/2015 01:00:00 PM,31,13,18
05/02/2015 02:00:00 PM,43,11,32
05/02/2015 03:00:00 PM,42,18,24
05/02/2015 04:00:00 PM,39,14,25
05/02/2015 05:00:00 PM,33,7,26
05/02/2015 06:00:00 PM,41,16,25
05/02/2015 07:00:00 PM,18,6,12
05/02/2015 08:00:00 PM,13,2,11
05/02/2015 09:00:00 PM,5,4,1
05/02/2015 10:00:00 PM,9,2,7
05/02/2015 11:00:00 PM,4,2,2
05/03/2015 12:00:00 AM,4,1,3
05/03/2015 01:00:00 AM,2,0,2
05/03/2015 02:00:00 AM,0,0,0
05/03/2015 03:00:00 AM,0,0,0
05/03/2015 04:00:00 AM,3,0,3
05/03/2015 05:00:00 AM,1,1,0
05/03/2015 06:00:00 AM,6,2,4
05/03/2015 07:00:00 AM,6,0,6
05/03/2015 08:00:00 AM,22,2,20
05/03/2015 09:00:00 AM,22,4,18
05/03/2015 10:00:00 AM,17,2,15
05/03/2015 11:00:00 AM,25,6,19
05/03/2015 12:00:00 PM,36,13,23
05/03/2015 01:00:00 PM,21,4,17
05/03/2015 02:00:00 PM,48,18,30
05/03/2015 03:00:00 PM,30,12,18
05/03/2015 04:00:00 PM,24,7,17
05/03/2015 05:00:00 PM,39,13,26
05/03/2015 06:00:00 PM,18,5,13
05/03/2015 07:00:00 PM,13,3,10
05/03/2015 08:00:00 PM,7,2,5
05/03/2015 09:00:00 PM,7,1,6
05/03/2015 10:00:00 PM,9,4,5
05/03/2015 11:00:00 PM,4,2,2
05/04/2015 12:00:00 AM,2,0,2
05/04/2015 01:00:00 AM,4,0,4
05/04/2015 02:00:00 AM,0,0,0
05/04/2015 03:00:00 AM,0,0,0
05/04/2015 04:00:00 AM,3,1,2
05/04/2015 05:00:00 AM,8,5,3
05/04/2015 06:00:00 AM,68,25,43
05/04/2015 07:00:00 AM,120,29,91
05/04/2015 08:00:00 AM,172,51,121
05/04/2015 09:00:00 AM,95,28,67
05/04/2015 10:00:00 AM,40,14,26
05/04/2015 11:00:00 AM,39,12,27
05/04/2015 12:00:00 PM,38,18,20
05/04/2015 01:00:00 PM,33,15,18
05/04/2015 02:00:00 PM,45,16,29
05/04/2015 03:00:00 PM,76,21,55
05/04/2015 04:00:00 PM,113,32,81
05/04/2015 05:00:00 PM,194,63,131
05/04/2015 06:00:00 PM,109,35,74
05/04/2015 07:00:00 PM,29,10,19
05/04/2015 08:00:00 PM,19,3,16
05/04/2015 09:00:00 PM,15,5,10
05/04/2015 10:00:00 PM,4,2,2
05/04/2015 11:00:00 PM,7,4,3
05/05/2015 12:00:00 AM,7,1,6
05/05/2015 01:00:00 AM,2,1,1
05/05/2015 02:00:00 AM,0,0,0
05/05/2015 03:00:00 AM,0,0,0
05/05/2015 04:00:00 AM,0,0,0
05/05/2015 05:00:00 AM,3,2,1
05/05/2015 06:00:00 AM,40,18,22
05/05/2015 07:00:00 AM,71,22,49
05/05/2015 08:00:00 AM,134,30,104
05/05/2015 09:00:00 AM,71,21,50
05/05/2015 10:00:00 AM,37,13,24
05/05/2015 11:00:00 AM,24,9,15
05/05/2015 12:00:00 PM,28,11,17
05/05/2015 01:00:00 PM,32,10,22
05/05/2015 02:00:00 PM,29,12,17
05/05/2015 03:00:00 PM,51,18,33
05/05/2015 04:00:00 PM,67,16,51
05/05/2015 05:00:00 PM,135,53,82
05/05/2015 06:00:00 PM,48,19,29
05/05/2015 07:00:00 PM,19,7,12
05/05/2015 08:00:00 PM,17,6,11
05/05/2015 09:00:00 PM,7,3,4
05/05/2015 10:00:00 PM,3,0,3
05/05/2015 11:00:00 PM,7,1,6
05/06/2015 12:00:00 AM,2,1,1
05/06/2015 01:00:00 AM,2,0,2
05/06/2015 02:00:00 AM,1,0,1
05/06/2015 03:00:00 AM,1,0,1
05/06/2015 04:00:00 AM,0,0,0
05/06/2015 05:00:00 AM,10,4,6
05/06/2015 06:00:00 AM,46,20,26
05/06/2015 07:00:00 AM,112,30,82
05/06/2015 08:00:00 AM,184,54,130
05/06/2015 09:00:00 AM,65,26,39
05/06/2015 10:00:00 AM,28,7,21
05/06/2015 11:00:00 AM,28,11,17
05/06/2015 12:00:00 PM,34,14,20
05/06/2015 01:00:00 PM,42,11,31
05/06/2015 02:00:00 PM,36,14,22
05/06/2015 03:00:00 PM,67,25,42
05/06/2015 04:00:00 PM,136,42,94
05/06/2015 05:00:00 PM,184,55,129
05/06/2015 06:00:00 PM,92,38,54
05/06/2015 07:00:00 PM,38,13,25
05/06/2015 08:00:00 PM,29,10,19
05/06/2015 09:00:00 PM,16,3,13
05/06/2015 10:00:00 PM,14,4,10
05/06/2015 11:00:00 PM,3,0,3
05/07/2015 12:00:00 AM,1,0,1
05/07/2015 01:00:00 AM,0,0,0
05/07/2015 02:00:00 AM,0,0,0
05/07/2015 03:00:00 AM,0,0,0
05/07/2015 04:00:00 AM,0,0,0
05/07/2015 05:00:00 AM,12,4,8
05/07/2015 06:00:00 AM,70,41,29
05/07/2015 07:00:00 AM,126,40,86
05/07/2015 08:00:00 AM,210,57,153
05/07/2015 09:00:00 AM,124,16,108
05/07/2015 10:00:00 AM,44,17,27
05/07/2015 11:00:00 AM,46,16,30
05/07/2015 12:00:00 PM,36,12,24
05/07/2015 01:00:00 PM,48,20,28
05/07/2015 02:00:00 PM,50,19,31
05/07/2015 03:00:00 PM,61,18,43
05/07/2015 04:00:00 PM,153,39,114
05/07/2015 05:00:00 PM,234,73,161
05/07/2015 06:00:00 PM,147,49,98
05/07/2015 07:00:00 PM,56,25,31
05/07/2015 08:00:00 PM,53,34,19
05/07/2015 09:00:00 PM,26,13,13
05/07/2015 10:00:00 PM,13,7,6
05/07/2015 11:00:00 PM,14,7,7
05/08/2015 12:00:00 AM,8,5,3
05/08/2015 01:00:00 AM,5,5,0
05/08/2015 02:00:00 AM,0,0,0
05/08/2015 03:00:00 AM,2,0,2
05/08/2015 04:00:00 AM,1,0,1
05/08/2015 05:00:00 AM,11,5,6
05/08/2015 06:00:00 AM,54,30,24
05/08/2015 07:00:00 AM,103,29,74
05/08/2015 08:00:00 AM,205,58,147
05/08/2015 09:00:00 AM,88,20,68
05/08/2015 10:00:00 AM,38,16,22
05/08/2015 11:00:00 AM,54,13,41
05/08/2015 12:00:00 PM,58,25,33
05/08/2015 01:00:00 PM,75,24,51
05/08/2015 02:00:00 PM,44,9,35
05/08/2015 03:00:00 PM,78,20,58
05/08/2015 04:00:00 PM,137,42,95
05/08/2015 05:00:00 PM,201,64,137
05/08/2015 06:00:00 PM,86,16,70
05/08/2015 07:00:00 PM,46,7,39
05/08/2015 08:00:00 PM,19,10,9
05/08/2015 09:00:00 PM,20,6,14
05/08/2015 10:00:00 PM,9,1,8
05/08/2015 11:00:00 PM,13,9,4
05/09/2015 12:00:00 AM,11,3,8
05/09/2015 01:00:00 AM,8,2,6
05/09/2015 02:00:00 AM,3,2,1
05/09/2015 03:00:00 AM,1,0,1
05/09/2015 04:00:00 AM,0,0,0
05/09/2015 05:00:00 AM,4,4,0
05/09/2015 06:00:00 AM,6,3,3
05/09/2015 07:00:00 AM,8,1,7
05/09/2015 08:00:00 AM,26,4,22
05/09/2015 09:00:00 AM,15,5,10
05/09/2015 10:00:00 AM,18,7,11
05/09/2015 11:00:00 AM,29,8,21
05/09/2015 12:00:00 PM,23,7,16
05/09/2015 01:00:00 PM,57,20,37
05/09/2015 02:00:00 PM,34,9,25
05/09/2015 03:00:00 PM,37,18,19
05/09/2015 04:00:00 PM,39,13,26
05/09/2015 05:00:00 PM,31,10,21
05/09/2015 06:00:00 PM,32,10,22
05/09/2015 07:00:00 PM,12,8,4
05/09/2015 08:00:00 PM,14,2,12
05/09/2015 09:00:00 PM,18,8,10
05/09/2015 10:00:00 PM,10,3,7
05/09/2015 11:00:00 PM,12,6,6
05/10/2015 12:00:00 AM,2,2,0
05/10/2015 01:00:00 AM,5,0,5
05/10/2015 02:00:00 AM,2,2,0
05/10/2015 03:00:00 AM,1,0,1
05/10/2015 04:00:00 AM,0,0,0
05/10/2015 05:00:00 AM,3,3,0
05/10/2015 06:00:00 AM,3,1,2
05/10/2015 07:00:00 AM,12,6,6
05/10/2015 08:00:00 AM,6,4,2
05/10/2015 09:00:00 AM,14,9,5
05/10/2015 10:00:00 AM,25,7,18
05/10/2015 11:00:00 AM,26,5,21
05/10/2015 12:00:00 PM,27,6,21
05/10/2015 01:00:00 PM,20,5,15
05/10/2015 02:00:00 PM,21,3,18
05/10/2015 03:00:00 PM,23,9,14
05/10/2015 04:00:00 PM,41,20,21
05/10/2015 05:00:00 PM,27,12,15
05/10/2015 06:00:00 PM,18,7,11
05/10/2015 07:00:00 PM,12,6,6
05/10/2015 08:00:00 PM,10,6,4
05/10/2015 09:00:00 PM,4,1,3
05/10/2015 10:00:00 PM,7,2,5
05/10/2015 11:00:00 PM,1,0,1
05/11/2015 12:00:00 AM,1,0,1
05/11/2015 01:00:00 AM,6,2,4
05/11/2015 02:00:00 AM,2,1,1
05/11/2015 03:00:00 AM,1,1,0
05/11/2015 04:00:00 AM,0,0,0
05/11/2015 05:00:00 AM,11,5,6
05/11/2015 06:00:00 AM,48,20,28
05/11/2015 07:00:00 AM,100,30,70
05/11/2015 08:00:00 AM,184,56,128
05/11/2015 09:00:00 AM,71,18,53
05/11/2015 10:00:00 AM,27,12,15
05/11/2015 11:00:00 AM,32,8,24
05/11/2015 12:00:00 PM,24,11,13
05/11/2015 01:00:00 PM,23,9,14
05/11/2015 02:00:00 PM,28,9,19
05/11/2015 03:00:00 PM,54,16,38
05/11/2015 04:00:00 PM,117,23,94
05/11/2015 05:00:00 PM,174,65,109
05/11/2015 06:00:00 PM,81,26,55
05/11/2015 07:00:00 PM,49,17,32
05/11/2015 08:00:00 PM,21,10,11
05/11/2015 09:00:00 PM,7,3,4
05/11/2015 10:00:00 PM,7,2,5
05/11/2015 11:00:00 PM,1,1,0
05/12/2015 12:00:00 AM,5,2,3
05/12/2015 01:00:00 AM,1,0,1
05/12/2015 02:00:00 AM,0,0,0
05/12/2015 03:00:00 AM,6,1,5
05/12/2015 04:00:00 AM,1,0,1
05/12/2015 05:00:00 AM,9,3,6
05/12/2015 06:00:00 AM,50,26,24
05/12/2015 07:00:00 AM,103,39,64
05/12/2015 08:00:00 AM,167,46,121
05/12/2015 09:00:00 AM,66,19,47
05/12/2015 10:00:00 AM,29,8,21
05/12/2015 11:00:00 AM,42,19,23
05/12/2015 12:00:00 PM,30,16,14
05/12/2015 01:00:00 PM,30,13,17
05/12/2015 02:00:00 PM,33,10,23
05/12/2015 03:00:00 PM,49,15,34
05/12/2015 04:00:00 PM,111,32,79
05/12/2015 05:00:00 PM,197,63,134
05/12/2015 06:00:00 PM,98,37,61
05/12/2015 07:00:00 PM,40,16,24
05/12/2015 08:00:00 PM,21,7,14
05/12/2015 09:00:00 PM,9,4,5
05/12/2015 10:00:00 PM,6,1,5
05/12/2015 11:00:00 PM,2,2,0
05/13/2015 12:00:00 AM,2,0,2
05/13/2015 01:00:00 AM,1,0,1
05/13/2015 02:00:00 AM,0,0,0
05/13/2015 03:00:00 AM,0,0,0
05/13/2015 04:00:00 AM,1,0,1
05/13/2015 05:00:00 AM,8,3,5
05/13/2015 06:00:00 AM,45,25,20
05/13/2015 07:00:00 AM,77,20,57
05/13/2015 08:00:00 AM,123,38,85
05/13/2015 09:00:00 AM,61,23,38
05/13/2015 10:00:00 AM,36,9,27
05/13/2015 11:00:00 AM,26,10,16
05/13/2015 12:00:00 PM,35,18,17
05/13/2015 01:00:00 PM,26,13,13
05/13/2015 02:00:00 PM,29,7,22
05/13/2015 03:00:00 PM,49,14,35
05/13/2015 04:00:00 PM,72,18,54
05/13/2015 05:00:00 PM,123,45,78
05/13/2015 06:00:00 PM,70,25,45
05/13/2015 07:00:00 PM,27,11,16
05/13/2015 08:00:00 PM,17,9,8
05/13/2015 09:00:00 PM,17,5,12
05/13/2015 10:00:00 PM,13,5,8
05/13/2015 11:00:00 PM,2,2,0
05/14/2015 12:00:00 AM,2,1,1
05/14/2015 01:00:00 AM,1,0,1
05/14/2015 02:00:00 AM,0,0,0
05/14/2015 03:00:00 AM,0,0,0
05/14/2015 04:00:00 AM,2,1,1
05/14/2015 05:00:00 AM,9,3,6
05/14/2015 06:00:00 AM,51,28,23
05/14/2015 07:00:00 AM,94,20,74
05/14/2015 08:00:00 AM,137,44,93
05/14/2015 09:00:00 AM,66,19,47
05/14/2015 10:00:00 AM,35,13,22
05/14/2015 11:00:00 AM,39,11,28
05/14/2015 12:00:00 PM,33,13,20
05/14/2015 01:00:00 PM,43,18,25
05/14/2015 02:00:00 PM,40,16,24
05/14/2015 03:00:00 PM,58,13,45
05/14/2015 04:00:00 PM,128,29,99
05/14/2015 05:00:00 PM,196,75,121
05/14/2015 06:00:00 PM,111,30,81
05/14/2015 07:00:00 PM,44,12,32
05/14/2015 08:00:00 PM,24,12,12
05/14/2015 09:00:00 PM,19,6,13
05/14/2015 10:00:00 PM,35,30,5
05/14/2015 11:00:00 PM,7,2,5
05/15/2015 12:00:00 AM,4,1,3
05/15/2015 01:00:00 AM,1,1,0
05/15/2015 02:00:00 AM,3,2,1
05/15/2015 03:00:00 AM,2,0,2
05/15/2015 04:00:00 AM,2,0,2
05/15/2015 05:00:00 AM,7,5,2
05/15/2015 06:00:00 AM,55,27,28
05/15/2015 07:00:00 AM,169,48,121
05/15/2015 08:00:00 AM,321,103,218
05/15/2015 09:00:00 AM,115,45,70
05/15/2015 10:00:00 AM,52,17,35
05/15/2015 11:00:00 AM,47,16,31
05/15/2015 12:00:00 PM,47,17,30
05/15/2015 01:00:00 PM,59,20,39
05/15/2015 02:00:00 PM,67,20,47
05/15/2015 03:00:00 PM,83,26,57
05/15/2015 04:00:00 PM,170,55,115
05/15/2015 05:00:00 PM,224,74,150
05/15/2015 06:00:00 PM,116,19,97
05/15/2015 07:00:00 PM,52,15,37
05/15/2015 08:00:00 PM,30,11,19
05/15/2015 09:00:00 PM,24,8,16
05/15/2015 10:00:00 PM,19,8,11
05/15/2015 11:00:00 PM,11,4,7
05/16/2015 12:00:00 AM,8,2,6
05/16/2015 01:00:00 AM,1,0,1
05/16/2015 02:00:00 AM,4,2,2
05/16/2015 03:00:00 AM,1,0,1
05/16/2015 04:00:00 AM,0,0,0
05/16/2015 05:00:00 AM,3,3,0
05/16/2015 06:00:00 AM,5,1,4
05/16/2015 07:00:00 AM,16,3,13
05/16/2015 08:00:00 AM,21,4,17
05/16/2015 09:00:00 AM,17,5,12
05/16/2015 10:00:00 AM,9,4,5
05/16/2015 11:00:00 AM,26,5,21
05/16/2015 12:00:00 PM,37,17,20
05/16/2015 01:00:00 PM,39,14,25
05/16/2015 02:00:00 PM,23,10,13
05/16/2015 03:00:00 PM,23,7,16
05/16/2015 04:00:00 PM,24,10,14
05/16/2015 05:00:00 PM,22,7,15
05/16/2015 06:00:00 PM,34,8,26
05/16/2015 07:00:00 PM,12,3,9
05/16/2015 08:00:00 PM,14,5,9
05/16/2015 09:00:00 PM,12,5,7
05/16/2015 10:00:00 PM,10,3,7
05/16/2015 11:00:00 PM,5,2,3
05/17/2015 12:00:00 AM,7,5,2
05/17/2015 01:00:00 AM,1,0,1
05/17/2015 02:00:00 AM,2,2,0
05/17/2015 03:00:00 AM,3,0,3
05/17/2015 04:00:00 AM,0,0,0
05/17/2015 05:00:00 AM,3,3,0
05/17/2015 06:00:00 AM,6,3,3
05/17/2015 07:00:00 AM,4,1,3
05/17/2015 08:00:00 AM,10,2,8
05/17/2015 09:00:00 AM,14,4,10
05/17/2015 10:00:00 AM,29,7,22
05/17/2015 11:00:00 AM,25,5,20
05/17/2015 12:00:00 PM,40,9,31
05/17/2015 01:00:00 PM,38,18,20
05/17/2015 02:00:00 PM,30,14,16
05/17/2015 03:00:00 PM,40,13,27
05/17/2015 04:00:00 PM,41,19,22
05/17/2015 05:00:00 PM,30,13,17
05/17/2015 06:00:00 PM,21,10,11
05/17/2015 07:00:00 PM,19,4,15
05/17/2015 08:00:00 PM,8,3,5
05/17/2015 09:00:00 PM,13,4,9
05/17/2015 10:00:00 PM,5,1,4
05/17/2015 11:00:00 PM,7,3,4
05/18/2015 12:00:00 AM,4,2,2
05/18/2015 01:00:00 AM,2,1,1
05/18/2015 02:00:00 AM,2,1,1
05/18/2015 03:00:00 AM,2,0,2
05/18/2015 04:00:00 AM,0,0,0
05/18/2015 05:00:00 AM,10,7,3
05/18/2015 06:00:00 AM,65,27,38
05/18/2015 07:00:00 AM,120,35,85
05/18/2015 08:00:00 AM,161,59,102
05/18/2015 09:00:00 AM,88,32,56
05/18/2015 10:00:00 AM,46,14,32
05/18/2015 11:00:00 AM,37,14,23
05/18/2015 12:00:00 PM,43,16,27
05/18/2015 01:00:00 PM,35,13,22
05/18/2015 02:00:00 PM,36,17,19
05/18/2015 03:00:00 PM,103,37,66
05/18/2015 04:00:00 PM,132,35,97
05/18/2015 05:00:00 PM,210,62,148
05/18/2015 06:00:00 PM,125,40,85
05/18/2015 07:00:00 PM,53,20,33
05/18/2015 08:00:00 PM,23,10,13
05/18/2015 09:00:00 PM,16,4,12
05/18/2015 10:00:00 PM,14,3,11
05/18/2015 11:00:00 PM,3,1,2
05/19/2015 12:00:00 AM,3,2,1
05/19/2015 01:00:00 AM,2,2,0
05/19/2015 02:00:00 AM,0,0,0
05/19/2015 03:00:00 AM,2,0,2
05/19/2015 04:00:00 AM,2,1,1
05/19/2015 05:00:00 AM,10,4,6
05/19/2015 06:00:00 AM,60,30,30
05/19/2015 07:00:00 AM,143,42,101
05/19/2015 08:00:00 AM,194,60,134
05/19/2015 09:00:00 AM,81,23,58
05/19/2015 10:00:00 AM,49,21,28
05/19/2015 11:00:00 AM,32,14,18
05/19/2015 12:00:00 PM,47,14,33
05/19/2015 01:00:00 PM,50,17,33
05/19/2015 02:00:00 PM,38,14,24
05/19/2015 03:00:00 PM,75,19,56
05/19/2015 04:00:00 PM,145,53,92
05/19/2015 05:00:00 PM,232,82,150
05/19/2015 06:00:00 PM,107,44,63
05/19/2015 07:00:00 PM,51,13,38
05/19/2015 08:00:00 PM,23,4,19
05/19/2015 09:00:00 PM,21,6,15
05/19/2015 10:00:00 PM,8,3,5
05/19/2015 11:00:00 PM,7,2,5
05/20/2015 12:00:00 AM,5,1,4
05/20/2015 01:00:00 AM,1,0,1
05/20/2015 02:00:00 AM,2,0,2
05/20/2015 03:00:00 AM,0,0,0
05/20/2015 04:00:00 AM,1,0,1
05/20/2015 05:00:00 AM,19,8,11
05/20/2015 06:00:00 AM,57,27,30
05/20/2015 07:00:00 AM,116,29,87
05/20/2015 08:00:00 AM,168,46,122
05/20/2015 09:00:00 AM,84,28,56
05/20/2015 10:00:00 AM,39,9,30
05/20/2015 11:00:00 AM,26,9,17
05/20/2015 12:00:00 PM,47,19,28
05/20/2015 01:00:00 PM,41,18,23
05/20/2015 02:00:00 PM,29,8,21
05/20/2015 03:00:00 PM,74,27,47
05/20/2015 04:00:00 PM,140,45,95
05/20/2015 05:00:00 PM,215,65,150
05/20/2015 06:00:00 PM,102,37,65
05/20/2015 07:00:00 PM,46,18,28
05/20/2015 08:00:00 PM,30,12,18
05/20/2015 09:00:00 PM,20,5,15
05/20/2015 10:00:00 PM,13,6,7
05/20/2015 11:00:00 PM,7,0,7
05/21/2015 12:00:00 AM,2,1,1
05/21/2015 01:00:00 AM,2,1,1
05/21/2015 02:00:00 AM,1,0,1
05/21/2015 03:00:00 AM,1,0,1
05/21/2015 04:00:00 AM,2,1,1
05/21/2015 05:00:00 AM,10,6,4
05/21/2015 06:00:00 AM,53,27,26
05/21/2015 07:00:00 AM,118,27,91
05/21/2015 08:00:00 AM,166,50,116
05/21/2015 09:00:00 AM,80,27,53
05/21/2015 10:00:00 AM,41,12,29
05/21/2015 11:00:00 AM,56,18,38
05/21/2015 12:00:00 PM,48,13,35
05/21/2015 01:00:00 PM,46,12,34
05/21/2015 02:00:00 PM,48,11,37
05/21/2015 03:00:00 PM,80,25,55
05/21/2015 04:00:00 PM,133,35,98
05/21/2015 05:00:00 PM,178,55,123
05/21/2015 06:00:00 PM,128,38,90
05/21/2015 07:00:00 PM,44,16,28
05/21/2015 08:00:00 PM,24,6,18
05/21/2015 09:00:00 PM,20,4,16
05/21/2015 10:00:00 PM,12,4,8
05/21/2015 11:00:00 PM,11,3,8
05/22/2015 12:00:00 AM,1,1,0
05/22/2015 01:00:00 AM,0,0,0
05/22/2015 02:00:00 AM,1,0,1
05/22/2015 03:00:00 AM,0,0,0
05/22/2015 04:00:00 AM,1,0,1
05/22/2015 05:00:00 AM,7,2,5
05/22/2015 06:00:00 AM,46,22,24
05/22/2015 07:00:00 AM,93,26,67
05/22/2015 08:00:00 AM,133,48,85
05/22/2015 09:00:00 AM,77,22,55
05/22/2015 10:00:00 AM,35,11,24
05/22/2015 11:00:00 AM,34,11,23
05/22/2015 12:00:00 PM,57,24,33
05/22/2015 01:00:00 PM,40,17,23
05/22/2015 02:00:00 PM,52,20,32
05/22/2015 03:00:00 PM,87,28,59
05/22/2015 04:00:00 PM,104,32,72
05/22/2015 05:00:00 PM,122,36,86
05/22/2015 06:00:00 PM,62,24,38
05/22/2015 07:00:00 PM,28,11,17
05/22/2015 08:00:00 PM,24,7,17
05/22/2015 09:00:00 PM,13,5,8
05/22/2015 10:00:00 PM,8,1,7
05/22/2015 11:00:00 PM,14,2,12
05/23/2015 12:00:00 AM,4,0,4
05/23/2015 01:00:00 AM,2,0,2
05/23/2015 02:00:00 AM,2,0,2
05/23/2015 03:00:00 AM,4,0,4
05/23/2015 04:00:00 AM,2,0,2
05/23/2015 05:00:00 AM,3,3,0
05/23/2015 06:00:00 AM,4,1,3
05/23/2015 07:00:00 AM,2,1,1
05/23/2015 08:00:00 AM,14,2,12
05/23/2015 09:00:00 AM,8,1,7
05/23/2015 10:00:00 AM,15,2,13
05/23/2015 11:00:00 AM,13,7,6
05/23/2015 12:00:00 PM,16,6,10
05/23/2015 01:00:00 PM,41,18,23
05/23/2015 02:00:00 PM,36,13,23
05/23/2015 03:00:00 PM,15,5,10
05/23/2015 04:00:00 PM,22,6,16
05/23/2015 05:00:00 PM,45,13,32
05/23/2015 06:00:00 PM,45,4,41
05/23/2015 07:00:00 PM,25,12,13
05/23/2015 08:00:00 PM,10,3,7
05/23/2015 09:00:00 PM,29,21,8
05/23/2015 10:00:00 PM,10,6,4
05/23/2015 11:00:00 PM,6,2,4
05/24/2015 12:00:00 AM,4,2,2
05/24/2015 01:00:00 AM,2,1,1
05/24/2015 02:00:00 AM,2,1,1
05/24/2015 03:00:00 AM,0,0,0
05/24/2015 04:00:00 AM,3,0,3
05/24/2015 05:00:00 AM,3,2,1
05/24/2015 06:00:00 AM,4,2,2
05/24/2015 07:00:00 AM,8,2,6
05/24/2015 08:00:00 AM,4,2,2
05/24/2015 09:00:00 AM,14,3,11
05/24/2015 10:00:00 AM,12,3,9
05/24/2015 11:00:00 AM,11,2,9
05/24/2015 12:00:00 PM,22,7,15
05/24/2015 01:00:00 PM,26,12,14
05/24/2015 02:00:00 PM,24,11,13
05/24/2015 03:00:00 PM,26,13,13
05/24/2015 04:00:00 PM,21,15,6
05/24/2015 05:00:00 PM,26,5,21
05/24/2015 06:00:00 PM,22,4,18
05/24/2015 07:00:00 PM,12,1,11
05/24/2015 08:00:00 PM,11,1,10
05/24/2015 09:00:00 PM,12,3,9
05/24/2015 10:00:00 PM,9,2,7
05/24/2015 11:00:00 PM,5,2,3
05/25/2015 12:00:00 AM,6,3,3
05/25/2015 01:00:00 AM,7,4,3
05/25/2015 02:00:00 AM,5,0,5
05/25/2015 03:00:00 AM,1,0,1
05/25/2015 04:00:00 AM,2,0,2
05/25/2015 05:00:00 AM,3,2,1
05/25/2015 06:00:00 AM,6,3,3
05/25/2015 07:00:00 AM,5,1,4
05/25/2015 08:00:00 AM,11,2,9
05/25/2015 09:00:00 AM,16,5,11
05/25/2015 10:00:00 AM,16,3,13
05/25/2015 11:00:00 AM,24,5,19
05/25/2015 12:00:00 PM,21,5,16
05/25/2015 01:00:00 PM,24,8,16
05/25/2015 02:00:00 PM,34,15,19
05/25/2015 03:00:00 PM,30,16,14
05/25/2015 04:00:00 PM,26,8,18
05/25/2015 05:00:00 PM,30,13,17
05/25/2015 06:00:00 PM,25,8,17
05/25/2015 07:00:00 PM,14,7,7
05/25/2015 08:00:00 PM,13,4,9
05/25/2015 09:00:00 PM,9,0,9
05/25/2015 10:00:00 PM,6,1,5
05/25/2015 11:00:00 PM,2,1,1
05/26/2015 12:00:00 AM,4,0,4
05/26/2015 01:00:00 AM,0,0,0
05/26/2015 02:00:00 AM,1,0,1
05/26/2015 03:00:00 AM,0,0,0
05/26/2015 04:00:00 AM,1,0,1
05/26/2015 05:00:00 AM,12,3,9
05/26/2015 06:00:00 AM,51,27,24
05/26/2015 07:00:00 AM,103,35,68
05/26/2015 08:00:00 AM,169,54,115
05/26/2015 09:00:00 AM,82,30,52
05/26/2015 10:00:00 AM,45,17,28
05/26/2015 11:00:00 AM,26,6,20
05/26/2015 12:00:00 PM,43,26,17
05/26/2015 01:00:00 PM,41,10,31
05/26/2015 02:00:00 PM,55,27,28
05/26/2015 03:00:00 PM,53,24,29
05/26/2015 04:00:00 PM,129,34,95
05/26/2015 05:00:00 PM,191,66,125
05/26/2015 06:00:00 PM,83,32,51
05/26/2015 07:00:00 PM,45,13,32
05/26/2015 08:00:00 PM,24,5,19
05/26/2015 09:00:00 PM,11,2,9
05/26/2015 10:00:00 PM,6,1,5
05/26/2015 11:00:00 PM,7,4,3
05/27/2015 12:00:00 AM,5,2,3
05/27/2015 01:00:00 AM,3,0,3
05/27/2015 02:00:00 AM,0,0,0
05/27/2015 03:00:00 AM,1,0,1
05/27/2015 04:00:00 AM,3,0,3
05/27/2015 05:00:00 AM,17,5,12
05/27/2015 06:00:00 AM,63,25,38
05/27/2015 07:00:00 AM,117,38,79
05/27/2015 08:00:00 AM,164,59,105
05/27/2015 09:00:00 AM,86,26,60
05/27/2015 10:00:00 AM,47,13,34
05/27/2015 11:00:00 AM,47,16,31
05/27/2015 12:00:00 PM,52,26,26
05/27/2015 01:00:00 PM,30,16,14
05/27/2015 02:00:00 PM,48,14,34
05/27/2015 03:00:00 PM,76,22,54
05/27/2015 04:00:00 PM,126,33,93
05/27/2015 05:00:00 PM,298,73,225
05/27/2015 06:00:00 PM,166,29,137
05/27/2015 07:00:00 PM,57,17,40
05/27/2015 08:00:00 PM,15,4,11
05/27/2015 09:00:00 PM,56,44,12
05/27/2015 10:00:00 PM,16,8,8
05/27/2015 11:00:00 PM,8,2,6
05/28/2015 12:00:00 AM,3,0,3
05/28/2015 01:00:00 AM,3,1,2
05/28/2015 02:00:00 AM,2,0,2
05/28/2015 03:00:00 AM,0,0,0
05/28/2015 04:00:00 AM,1,0,1
05/28/2015 05:00:00 AM,18,5,13
05/28/2015 06:00:00 AM,44,18,26
05/28/2015 07:00:00 AM,124,44,80
05/28/2015 08:00:00 AM,186,63,123
05/28/2015 09:00:00 AM,85,25,60
05/28/2015 10:00:00 AM,55,17,38
05/28/2015 11:00:00 AM,45,12,33
05/28/2015 12:00:00 PM,56,27,29
05/28/2015 01:00:00 PM,47,18,29
05/28/2015 02:00:00 PM,56,17,39
05/28/2015 03:00:00 PM,67,22,45
05/28/2015 04:00:00 PM,178,45,133
05/28/2015 05:00:00 PM,229,85,144
05/28/2015 06:00:00 PM,135,42,93
05/28/2015 07:00:00 PM,52,21,31
05/28/2015 08:00:00 PM,25,9,16
05/28/2015 09:00:00 PM,18,4,14
05/28/2015 10:00:00 PM,26,11,15
05/28/2015 11:00:00 PM,10,5,5
05/29/2015 12:00:00 AM,4,2,2
05/29/2015 01:00:00 AM,1,1,0
05/29/2015 02:00:00 AM,0,0,0
05/29/2015 03:00:00 AM,2,0,2
05/29/2015 04:00:00 AM,0,0,0
05/29/2015 05:00:00 AM,18,10,8
05/29/2015 06:00:00 AM,61,23,38
05/29/2015 07:00:00 AM,105,27,78
05/29/2015 08:00:00 AM,190,53,137
05/29/2015 09:00:00 AM,84,28,56
05/29/2015 10:00:00 AM,48,12,36
05/29/2015 11:00:00 AM,49,24,25
05/29/2015 12:00:00 PM,46,14,32
05/29/2015 01:00:00 PM,66,27,39
05/29/2015 02:00:00 PM,47,14,33
05/29/2015 03:00:00 PM,91,23,68
05/29/2015 04:00:00 PM,166,53,113
05/29/2015 05:00:00 PM,189,59,130
05/29/2015 06:00:00 PM,103,32,71
05/29/2015 07:00:00 PM,44,20,24
05/29/2015 08:00:00 PM,23,7,16
05/29/2015 09:00:00 PM,15,4,11
05/29/2015 10:00:00 PM,14,6,8
05/29/2015 11:00:00 PM,5,3,2
05/30/2015 12:00:00 AM,8,2,6
05/30/2015 01:00:00 AM,7,2,5
05/30/2015 02:00:00 AM,0,0,0
05/30/2015 03:00:00 AM,1,1,0
05/30/2015 04:00:00 AM,0,0,0
05/30/2015 05:00:00 AM,6,1,5
05/30/2015 06:00:00 AM,7,3,4
05/30/2015 07:00:00 AM,9,1,8
05/30/2015 08:00:00 AM,14,4,10
05/30/2015 09:00:00 AM,16,4,12
05/30/2015 10:00:00 AM,21,5,16
05/30/2015 11:00:00 AM,36,10,26
05/30/2015 12:00:00 PM,23,4,19
05/30/2015 01:00:00 PM,41,10,31
05/30/2015 02:00:00 PM,43,19,24
05/30/2015 03:00:00 PM,48,19,29
05/30/2015 04:00:00 PM,49,19,30
05/30/2015 05:00:00 PM,34,10,24
05/30/2015 06:00:00 PM,32,7,25
05/30/2015 07:00:00 PM,24,9,15
05/30/2015 08:00:00 PM,19,5,14
05/30/2015 09:00:00 PM,10,4,6
05/30/2015 10:00:00 PM,21,14,7
05/30/2015 11:00:00 PM,11,7,4
05/31/2015 12:00:00 AM,9,1,8
05/31/2015 01:00:00 AM,5,1,4
05/31/2015 02:00:00 AM,0,0,0
05/31/2015 03:00:00 AM,4,0,4
05/31/2015 04:00:00 AM,0,0,0
05/31/2015 05:00:00 AM,5,3,2
05/31/2015 06:00:00 AM,4,0,4
05/31/2015 07:00:00 AM,8,2,6
05/31/2015 08:00:00 AM,8,1,7
05/31/2015 09:00:00 AM,19,6,13
05/31/2015 10:00:00 AM,15,3,12
05/31/2015 11:00:00 AM,37,4,33
05/31/2015 12:00:00 PM,65,4,61
05/31/2015 01:00:00 PM,95,12,83
05/31/2015 02:00:00 PM,43,18,25
05/31/2015 03:00:00 PM,24,11,13
05/31/2015 04:00:00 PM,76,62,14
05/31/2015 05:00:00 PM,30,15,15
05/31/2015 06:00:00 PM,24,17,7
05/31/2015 07:00:00 PM,22,6,16
05/31/2015 08:00:00 PM,8,2,6
05/31/2015 09:00:00 PM,5,1,4
05/31/2015 10:00:00 PM,5,3,2
05/31/2015 11:00:00 PM,7,1,6
06/01/2015 12:00:00 AM,3,1,2
06/01/2015 01:00:00 AM,1,0,1
06/01/2015 02:00:00 AM,0,0,0
06/01/2015 03:00:00 AM,0,0,0
06/01/2015 04:00:00 AM,0,0,0
06/01/2015 05:00:00 AM,15,10,5
06/01/2015 06:00:00 AM,49,19,30
06/01/2015 07:00:00 AM,76,27,49
06/01/2015 08:00:00 AM,110,36,74
06/01/2015 09:00:00 AM,49,18,31
06/01/2015 10:00:00 AM,21,4,17
06/01/2015 11:00:00 AM,15,6,9
06/01/2015 12:00:00 PM,25,11,14
06/01/2015 01:00:00 PM,24,12,12
06/01/2015 02:00:00 PM,36,18,18
06/01/2015 03:00:00 PM,47,17,30
06/01/2015 04:00:00 PM,91,26,65
06/01/2015 05:00:00 PM,161,55,106
06/01/2015 06:00:00 PM,78,20,58
06/01/2015 07:00:00 PM,34,12,22
06/01/2015 08:00:00 PM,12,6,6
06/01/2015 09:00:00 PM,16,4,12
06/01/2015 10:00:00 PM,16,8,8
06/01/2015 11:00:00 PM,2,1,1
06/02/2015 12:00:00 AM,4,2,2
06/02/2015 01:00:00 AM,2,0,2
06/02/2015 02:00:00 AM,1,0,1
06/02/2015 03:00:00 AM,0,0,0
06/02/2015 04:00:00 AM,3,2,1
06/02/2015 05:00:00 AM,12,6,6
06/02/2015 06:00:00 AM,43,21,22
06/02/2015 07:00:00 AM,72,22,50
06/02/2015 08:00:00 AM,142,39,103
06/02/2015 09:00:00 AM,80,28,52
06/02/2015 10:00:00 AM,29,9,20
06/02/2015 11:00:00 AM,20,10,10
06/02/2015 12:00:00 PM,21,6,15
06/02/2015 01:00:00 PM,27,14,13
06/02/2015 02:00:00 PM,37,14,23
06/02/2015 03:00:00 PM,58,15,43
06/02/2015 04:00:00 PM,100,20,80
06/02/2015 05:00:00 PM,168,50,118
06/02/2015 06:00:00 PM,101,29,72
06/02/2015 07:00:00 PM,35,12,23
06/02/2015 08:00:00 PM,21,11,10
06/02/2015 09:00:00 PM,17,8,9
06/02/2015 10:00:00 PM,14,9,5
06/02/2015 11:00:00 PM,8,5,3
06/03/2015 12:00:00 AM,6,0,6
06/03/2015 01:00:00 AM,2,1,1
06/03/2015 02:00:00 AM,1,0,1
06/03/2015 03:00:00 AM,0,0,0
06/03/2015 04:00:00 AM,4,2,2
06/03/2015 05:00:00 AM,10,5,5
06/03/2015 06:00:00 AM,48,22,26
06/03/2015 07:00:00 AM,68,21,47
06/03/2015 08:00:00 AM,140,44,96
06/03/2015 09:00:00 AM,71,29,42
06/03/2015 10:00:00 AM,59,19,40
06/03/2015 11:00:00 AM,41,14,27
06/03/2015 12:00:00 PM,40,8,32
06/03/2015 01:00:00 PM,42,14,28
06/03/2015 02:00:00 PM,33,12,21
06/03/2015 03:00:00 PM,63,17,46
06/03/2015 04:00:00 PM,120,42,78
06/03/2015 05:00:00 PM,197,64,133
06/03/2015 06:00:00 PM,92,31,61
06/03/2015 07:00:00 PM,48,9,39
06/03/2015 08:00:00 PM,31,11,20
06/03/2015 09:00:00 PM,16,3,13
06/03/2015 10:00:00 PM,12,3,9
06/03/2015 11:00:00 PM,7,3,4
06/04/2015 12:00:00 AM,5,0,5
06/04/2015 01:00:00 AM,0,0,0
06/04/2015 02:00:00 AM,0,0,0
06/04/2015 03:00:00 AM,0,0,0
06/04/2015 04:00:00 AM,1,0,1
06/04/2015 05:00:00 AM,16,7,9
06/04/2015 06:00:00 AM,44,20,24
06/04/2015 07:00:00 AM,121,42,79
06/04/2015 08:00:00 AM,160,55,105
06/04/2015 09:00:00 AM,81,33,48
06/04/2015 10:00:00 AM,50,16,34
06/04/2015 11:00:00 AM,41,17,24
06/04/2015 12:00:00 PM,31,15,16
06/04/2015 01:00:00 PM,38,12,26
06/04/2015 02:00:00 PM,41,11,30
06/04/2015 03:00:00 PM,83,20,63
06/04/2015 04:00:00 PM,114,23,91
06/04/2015 05:00:00 PM,225,61,164
06/04/2015 06:00:00 PM,129,38,91
06/04/2015 07:00:00 PM,54,22,32
06/04/2015 08:00:00 PM,50,24,26
06/04/2015 09:00:00 PM,25,13,12
06/04/2015 10:00:00 PM,36,21,15
06/04/2015 11:00:00 PM,10,6,4
06/05/2015 12:00:00 AM,3,0,3
06/05/2015 01:00:00 AM,2,0,2
06/05/2015 02:00:00 AM,1,1,0
06/05/2015 03:00:00 AM,2,0,2
06/05/2015 04:00:00 AM,0,0,0
06/05/2015 05:00:00 AM,14,7,7
06/05/2015 06:00:00 AM,56,23,33
06/05/2015 07:00:00 AM,87,29,58
06/05/2015 08:00:00 AM,160,48,112
06/05/2015 09:00:00 AM,81,25,56
06/05/2015 10:00:00 AM,48,14,34
06/05/2015 11:00:00 AM,49,23,26
06/05/2015 12:00:00 PM,44,18,26
06/05/2015 01:00:00 PM,65,21,44
06/05/2015 02:00:00 PM,78,27,51
06/05/2015 03:00:00 PM,100,35,65
06/05/2015 04:00:00 PM,122,40,82
06/05/2015 05:00:00 PM,174,55,119
06/05/2015 06:00:00 PM,88,21,67
06/05/2015 07:00:00 PM,39,12,27
06/05/2015 08:00:00 PM,12,5,7
06/05/2015 09:00:00 PM,13,8,5
06/05/2015 10:00:00 PM,22,11,11
06/05/2015 11:00:00 PM,11,3,8
06/06/2015 12:00:00 AM,7,2,5
06/06/2015 01:00:00 AM,3,2,1
06/06/2015 02:00:00 AM,1,0,1
06/06/2015 03:00:00 AM,1,0,1
06/06/2015 04:00:00 AM,1,0,1
06/06/2015 05:00:00 AM,2,2,0
06/06/2015 06:00:00 AM,5,2,3
06/06/2015 07:00:00 AM,3,1,2
06/06/2015 08:00:00 AM,5,2,3
06/06/2015 09:00:00 AM,12,3,9
06/06/2015 10:00:00 AM,25,8,17
06/06/2015 11:00:00 AM,27,10,17
06/06/2015 12:00:00 PM,27,7,20
06/06/2015 01:00:00 PM,48,13,35
06/06/2015 02:00:00 PM,57,16,41
06/06/2015 03:00:00 PM,41,10,31
06/06/2015 04:00:00 PM,27,7,20
06/06/2015 05:00:00 PM,36,9,27
06/06/2015 06:00:00 PM,35,15,20
06/06/2015 07:00:00 PM,17,8,9
06/06/2015 08:00:00 PM,8,6,2
06/06/2015 09:00:00 PM,15,3,12
06/06/2015 10:00:00 PM,16,5,11
06/06/2015 11:00:00 PM,10,4,6
06/07/2015 12:00:00 AM,3,0,3
06/07/2015 01:00:00 AM,4,3,1
06/07/2015 02:00:00 AM,4,0,4
06/07/2015 03:00:00 AM,1,0,1
06/07/2015 04:00:00 AM,0,0,0
06/07/2015 05:00:00 AM,2,2,0
06/07/2015 06:00:00 AM,7,1,6
06/07/2015 07:00:00 AM,11,6,5
06/07/2015 08:00:00 AM,7,0,7
06/07/2015 09:00:00 AM,23,8,15
06/07/2015 10:00:00 AM,33,8,25
06/07/2015 11:00:00 AM,26,8,18
06/07/2015 12:00:00 PM,36,8,28
06/07/2015 01:00:00 PM,17,3,14
06/07/2015 02:00:00 PM,37,22,15
06/07/2015 03:00:00 PM,31,15,16
06/07/2015 04:00:00 PM,29,10,19
06/07/2015 05:00:00 PM,29,15,14
06/07/2015 06:00:00 PM,14,7,7
06/07/2015 07:00:00 PM,19,8,11
06/07/2015 08:00:00 PM,11,3,8
06/07/2015 09:00:00 PM,10,4,6
06/07/2015 10:00:00 PM,4,1,3
06/07/2015 11:00:00 PM,2,1,1
06/08/2015 12:00:00 AM,8,0,8
06/08/2015 01:00:00 AM,0,0,0
06/08/2015 02:00:00 AM,1,1,0
06/08/2015 03:00:00 AM,1,0,1
06/08/2015 04:00:00 AM,7,6,1
06/08/2015 05:00:00 AM,18,10,8
06/08/2015 06:00:00 AM,50,24,26
06/08/2015 07:00:00 AM,98,30,68
06/08/2015 08:00:00 AM,171,46,125
06/08/2015 09:00:00 AM,88,29,59
06/08/2015 10:00:00 AM,43,10,33
06/08/2015 11:00:00 AM,32,11,21
06/08/2015 12:00:00 PM,38,14,24
06/08/2015 01:00:00 PM,52,25,27
06/08/2015 02:00:00 PM,36,19,17
06/08/2015 03:00:00 PM,78,17,61
06/08/2015 04:00:00 PM,137,40,97
06/08/2015 05:00:00 PM,196,69,127
06/08/2015 06:00:00 PM,78,24,54
06/08/2015 07:00:00 PM,37,10,27
06/08/2015 08:00:00 PM,36,16,20
06/08/2015 09:00:00 PM,18,8,10
06/08/2015 10:00:00 PM,7,1,6
06/08/2015 11:00:00 PM,4,1,3
06/09/2015 12:00:00 AM,5,1,4
06/09/2015 01:00:00 AM,3,0,3
06/09/2015 02:00:00 AM,1,0,1
06/09/2015 03:00:00 AM,0,0,0
06/09/2015 04:00:00 AM,1,1,0
06/09/2015 05:00:00 AM,20,8,12
06/09/2015 06:00:00 AM,59,33,26
06/09/2015 07:00:00 AM,126,38,88
06/09/2015 08:00:00 AM,171,50,121
06/09/2015 09:00:00 AM,83,31,52
06/09/2015 10:00:00 AM,40,10,30
06/09/2015 11:00:00 AM,31,12,19
06/09/2015 12:00:00 PM,51,27,24
06/09/2015 01:00:00 PM,36,17,19
06/09/2015 02:00:00 PM,44,9,35
06/09/2015 03:00:00 PM,79,15,64
06/09/2015 04:00:00 PM,142,42,100
06/09/2015 05:00:00 PM,221,75,146
06/09/2015 06:00:00 PM,94,37,57
06/09/2015 07:00:00 PM,48,18,30
06/09/2015 08:00:00 PM,20,7,13
06/09/2015 09:00:00 PM,14,4,10
06/09/2015 10:00:00 PM,9,3,6
06/09/2015 11:00:00 PM,5,5,0
06/10/2015 12:00:00 AM,6,0,6
06/10/2015 01:00:00 AM,2,2,0
06/10/2015 02:00:00 AM,1,0,1
06/10/2015 03:00:00 AM,1,0,1
06/10/2015 04:00:00 AM,3,1,2
06/10/2015 05:00:00 AM,18,10,8
06/10/2015 06:00:00 AM,48,21,27
06/10/2015 07:00:00 AM,118,38,80
06/10/2015 08:00:00 AM,180,61,119
06/10/2015 09:00:00 AM,71,15,56
06/10/2015 10:00:00 AM,37,17,20
06/10/2015 11:00:00 AM,40,12,28
06/10/2015 12:00:00 PM,31,12,19
06/10/2015 01:00:00 PM,51,18,33
06/10/2015 02:00:00 PM,59,21,38
06/10/2015 03:00:00 PM,74,18,56
06/10/2015 04:00:00 PM,147,35,112
06/10/2015 05:00:00 PM,200,70,130
06/10/2015 06:00:00 PM,121,38,83
06/10/2015 07:00:00 PM,33,9,24
06/10/2015 08:00:00 PM,26,3,23
06/10/2015 09:00:00 PM,18,8,10
06/10/2015 10:00:00 PM,9,2,7
06/10/2015 11:00:00 PM,5,2,3
06/11/2015 12:00:00 AM,6,2,4
06/11/2015 01:00:00 AM,0,0,0
06/11/2015 02:00:00 AM,2,0,2
06/11/2015 03:00:00 AM,1,0,1
06/11/2015 04:00:00 AM,1,0,1
06/11/2015 05:00:00 AM,17,8,9
06/11/2015 06:00:00 AM,51,21,30
06/11/2015 07:00:00 AM,90,26,64
06/11/2015 08:00:00 AM,162,54,108
06/11/2015 09:00:00 AM,85,25,60
06/11/2015 10:00:00 AM,47,12,35
06/11/2015 11:00:00 AM,42,19,23
06/11/2015 12:00:00 PM,54,18,36
06/11/2015 01:00:00 PM,47,17,30
06/11/2015 02:00:00 PM,37,9,28
06/11/2015 03:00:00 PM,72,17,55
06/11/2015 04:00:00 PM,136,45,91
06/11/2015 05:00:00 PM,214,81,133
06/11/2015 06:00:00 PM,99,36,63
06/11/2015 07:00:00 PM,39,15,24
06/11/2015 08:00:00 PM,20,9,11
06/11/2015 09:00:00 PM,15,2,13
06/11/2015 10:00:00 PM,19,3,16
06/11/2015 11:00:00 PM,0,0,0
06/12/2015 12:00:00 AM,0,0,0
06/12/2015 01:00:00 AM,0,0,0
06/12/2015 02:00:00 AM,0,0,0
06/12/2015 03:00:00 AM,0,0,0
06/12/2015 04:00:00 AM,0,0,0
06/12/2015 05:00:00 AM,0,0,0
06/12/2015 06:00:00 AM,0,0,0
06/12/2015 07:00:00 AM,0,0,0
06/12/2015 08:00:00 AM,0,0,0
06/12/2015 09:00:00 AM,0,0,0
06/12/2015 10:00:00 AM,0,0,0
06/12/2015 11:00:00 AM,0,0,0
06/12/2015 12:00:00 PM,0,0,0
06/12/2015 01:00:00 PM,0,0,0
06/12/2015 02:00:00 PM,0,0,0
06/12/2015 03:00:00 PM,0,0,0
06/12/2015 04:00:00 PM,0,0,0
06/12/2015 05:00:00 PM,0,0,0
06/12/2015 06:00:00 PM,0,0,0
06/12/2015 07:00:00 PM,0,0,0
06/12/2015 08:00:00 PM,0,0,0
06/12/2015 09:00:00 PM,0,0,0
06/12/2015 10:00:00 PM,0,0,0
06/12/2015 11:00:00 PM,0,0,0
06/13/2015 12:00:00 AM,0,0,0
06/13/2015 01:00:00 AM,0,0,0
06/13/2015 02:00:00 AM,0,0,0
06/13/2015 03:00:00 AM,0,0,0
06/13/2015 04:00:00 AM,0,0,0
06/13/2015 05:00:00 AM,0,0,0
06/13/2015 06:00:00 AM,0,0,0
06/13/2015 07:00:00 AM,0,0,0
06/13/2015 08:00:00 AM,0,0,0
06/13/2015 09:00:00 AM,0,0,0
06/13/2015 10:00:00 AM,0,0,0
06/13/2015 11:00:00 AM,0,0,0
06/13/2015 12:00:00 PM,0,0,0
06/13/2015 01:00:00 PM,0,0,0
06/13/2015 02:00:00 PM,0,0,0
06/13/2015 03:00:00 PM,0,0,0
06/13/2015 04:00:00 PM,0,0,0
06/13/2015 05:00:00 PM,0,0,0
06/13/2015 06:00:00 PM,0,0,0
06/13/2015 07:00:00 PM,0,0,0
06/13/2015 08:00:00 PM,0,0,0
06/13/2015 09:00:00 PM,0,0,0
06/13/2015 10:00:00 PM,0,0,0
06/13/2015 11:00:00 PM,0,0,0
06/14/2015 12:00:00 AM,0,0,0
06/14/2015 01:00:00 AM,0,0,0
06/14/2015 02:00:00 AM,0,0,0
06/14/2015 03:00:00 AM,0,0,0
06/14/2015 04:00:00 AM,0,0,0
06/14/2015 05:00:00 AM,0,0,0
06/14/2015 06:00:00 AM,0,0,0
06/14/2015 07:00:00 AM,0,0,0
06/14/2015 08:00:00 AM,0,0,0
06/14/2015 09:00:00 AM,0,0,0
06/14/2015 10:00:00 AM,0,0,0
06/14/2015 11:00:00 AM,0,0,0
06/14/2015 12:00:00 PM,0,0,0
06/14/2015 01:00:00 PM,0,0,0
06/14/2015 02:00:00 PM,0,0,0
06/14/2015 03:00:00 PM,0,0,0
06/14/2015 04:00:00 PM,0,0,0
06/14/2015 05:00:00 PM,0,0,0
06/14/2015 06:00:00 PM,0,0,0
06/14/2015 07:00:00 PM,0,0,0
06/14/2015 08:00:00 PM,0,0,0
06/14/2015 09:00:00 PM,0,0,0
06/14/2015 10:00:00 PM,0,0,0
06/14/2015 11:00:00 PM,0,0,0
06/15/2015 12:00:00 AM,0,0,0
06/15/2015 01:00:00 AM,0,0,0
06/15/2015 02:00:00 AM,0,0,0
06/15/2015 03:00:00 AM,0,0,0
06/15/2015 04:00:00 AM,0,0,0
06/15/2015 05:00:00 AM,0,0,0
06/15/2015 06:00:00 AM,0,0,0
06/15/2015 07:00:00 AM,0,0,0
06/15/2015 08:00:00 AM,0,0,0
06/15/2015 09:00:00 AM,0,0,0
06/15/2015 10:00:00 AM,0,0,0
06/15/2015 11:00:00 AM,0,0,0
06/15/2015 12:00:00 PM,0,0,0
06/15/2015 01:00:00 PM,0,0,0
06/15/2015 02:00:00 PM,0,0,0
06/15/2015 03:00:00 PM,0,0,0
06/15/2015 04:00:00 PM,0,0,0
06/15/2015 05:00:00 PM,0,0,0
06/15/2015 06:00:00 PM,0,0,0
06/15/2015 07:00:00 PM,0,0,0
06/15/2015 08:00:00 PM,0,0,0
06/15/2015 09:00:00 PM,0,0,0
06/15/2015 10:00:00 PM,0,0,0
06/15/2015 11:00:00 PM,0,0,0
06/16/2015 12:00:00 AM,0,0,0
06/16/2015 01:00:00 AM,0,0,0
06/16/2015 02:00:00 AM,0,0,0
06/16/2015 03:00:00 AM,0,0,0
06/16/2015 04:00:00 AM,0,0,0
06/16/2015 05:00:00 AM,0,0,0
06/16/2015 06:00:00 AM,0,0,0
06/16/2015 07:00:00 AM,0,0,0
06/16/2015 08:00:00 AM,0,0,0
06/16/2015 09:00:00 AM,0,0,0
06/16/2015 10:00:00 AM,0,0,0
06/16/2015 11:00:00 AM,0,0,0
06/16/2015 12:00:00 PM,0,0,0
06/16/2015 01:00:00 PM,0,0,0
06/16/2015 02:00:00 PM,0,0,0
06/16/2015 03:00:00 PM,0,0,0
06/16/2015 04:00:00 PM,0,0,0
06/16/2015 05:00:00 PM,0,0,0
06/16/2015 06:00:00 PM,0,0,0
06/16/2015 07:00:00 PM,0,0,0
06/16/2015 08:00:00 PM,0,0,0
06/16/2015 09:00:00 PM,0,0,0
06/16/2015 10:00:00 PM,0,0,0
06/16/2015 11:00:00 PM,0,0,0
06/17/2015 12:00:00 AM,0,0,0
06/17/2015 01:00:00 AM,0,0,0
06/17/2015 02:00:00 AM,0,0,0
06/17/2015 03:00:00 AM,0,0,0
06/17/2015 04:00:00 AM,0,0,0
06/17/2015 05:00:00 AM,0,0,0
06/17/2015 06:00:00 AM,0,0,0
06/17/2015 07:00:00 AM,0,0,0
06/17/2015 08:00:00 AM,0,0,0
06/17/2015 09:00:00 AM,0,0,0
06/17/2015 10:00:00 AM,0,0,0
06/17/2015 11:00:00 AM,0,0,0
06/17/2015 12:00:00 PM,0,0,0
06/17/2015 01:00:00 PM,0,0,0
06/17/2015 02:00:00 PM,0,0,0
06/17/2015 03:00:00 PM,0,0,0
06/17/2015 04:00:00 PM,0,0,0
06/17/2015 05:00:00 PM,0,0,0
06/17/2015 06:00:00 PM,0,0,0
06/17/2015 07:00:00 PM,0,0,0
06/17/2015 08:00:00 PM,0,0,0
06/17/2015 09:00:00 PM,0,0,0
06/17/2015 10:00:00 PM,0,0,0
06/17/2015 11:00:00 PM,0,0,0
06/18/2015 12:00:00 AM,0,0,0
06/18/2015 01:00:00 AM,0,0,0
06/18/2015 02:00:00 AM,0,0,0
06/18/2015 03:00:00 AM,0,0,0
06/18/2015 04:00:00 AM,0,0,0
06/18/2015 05:00:00 AM,0,0,0
06/18/2015 06:00:00 AM,0,0,0
06/18/2015 07:00:00 AM,0,0,0
06/18/2015 08:00:00 AM,0,0,0
06/18/2015 09:00:00 AM,0,0,0
06/18/2015 10:00:00 AM,0,0,0
06/18/2015 11:00:00 AM,21,3,18
06/18/2015 12:00:00 PM,32,14,18
06/18/2015 01:00:00 PM,51,19,32
06/18/2015 02:00:00 PM,42,18,24
06/18/2015 03:00:00 PM,77,21,56
06/18/2015 04:00:00 PM,132,30,102
06/18/2015 05:00:00 PM,207,74,133
06/18/2015 06:00:00 PM,110,33,77
06/18/2015 07:00:00 PM,56,12,44
06/18/2015 08:00:00 PM,26,10,16
06/18/2015 09:00:00 PM,16,4,12
06/18/2015 10:00:00 PM,23,14,9
06/18/2015 11:00:00 PM,18,9,9
06/19/2015 12:00:00 AM,5,0,5
06/19/2015 01:00:00 AM,3,1,2
06/19/2015 02:00:00 AM,1,1,0
06/19/2015 03:00:00 AM,1,0,1
06/19/2015 04:00:00 AM,0,0,0
06/19/2015 05:00:00 AM,10,5,5
06/19/2015 06:00:00 AM,36,20,16
06/19/2015 07:00:00 AM,69,25,44
06/19/2015 08:00:00 AM,121,29,92
06/19/2015 09:00:00 AM,71,23,48
06/19/2015 10:00:00 AM,48,9,39
06/19/2015 11:00:00 AM,38,15,23
06/19/2015 12:00:00 PM,40,20,20
06/19/2015 01:00:00 PM,59,19,40
06/19/2015 02:00:00 PM,46,22,24
06/19/2015 03:00:00 PM,67,21,46
06/19/2015 04:00:00 PM,120,42,78
06/19/2015 05:00:00 PM,137,49,88
06/19/2015 06:00:00 PM,90,31,59
06/19/2015 07:00:00 PM,41,8,33
06/19/2015 08:00:00 PM,21,8,13
06/19/2015 09:00:00 PM,16,4,12
06/19/2015 10:00:00 PM,21,10,11
06/19/2015 11:00:00 PM,20,8,12
06/20/2015 12:00:00 AM,8,2,6
06/20/2015 01:00:00 AM,2,1,1
06/20/2015 02:00:00 AM,3,0,3
06/20/2015 03:00:00 AM,3,0,3
06/20/2015 04:00:00 AM,1,1,0
06/20/2015 05:00:00 AM,1,0,1
06/20/2015 06:00:00 AM,2,1,1
06/20/2015 07:00:00 AM,11,5,6
06/20/2015 08:00:00 AM,20,8,12
06/20/2015 09:00:00 AM,19,0,19
06/20/2015 10:00:00 AM,29,11,18
06/20/2015 11:00:00 AM,58,12,46
06/20/2015 12:00:00 PM,79,13,66
06/20/2015 01:00:00 PM,55,26,29
06/20/2015 02:00:00 PM,43,20,23
06/20/2015 03:00:00 PM,92,60,32
06/20/2015 04:00:00 PM,43,10,33
06/20/2015 05:00:00 PM,27,4,23
06/20/2015 06:00:00 PM,42,6,36
06/20/2015 07:00:00 PM,32,8,24
06/20/2015 08:00:00 PM,24,15,9
06/20/2015 09:00:00 PM,13,4,9
06/20/2015 10:00:00 PM,13,6,7
06/20/2015 11:00:00 PM,17,4,13
06/21/2015 12:00:00 AM,7,3,4
06/21/2015 01:00:00 AM,1,0,1
06/21/2015 02:00:00 AM,0,0,0
06/21/2015 03:00:00 AM,0,0,0
06/21/2015 04:00:00 AM,1,0,1
06/21/2015 05:00:00 AM,5,2,3
06/21/2015 06:00:00 AM,4,1,3
06/21/2015 07:00:00 AM,6,0,6
06/21/2015 08:00:00 AM,9,3,6
06/21/2015 09:00:00 AM,12,2,10
06/21/2015 10:00:00 AM,27,8,19
06/21/2015 11:00:00 AM,26,5,21
06/21/2015 12:00:00 PM,43,10,33
06/21/2015 01:00:00 PM,27,9,18
06/21/2015 02:00:00 PM,26,9,17
06/21/2015 03:00:00 PM,36,17,19
06/21/2015 04:00:00 PM,14,10,4
06/21/2015 05:00:00 PM,35,11,24
06/21/2015 06:00:00 PM,18,6,12
06/21/2015 07:00:00 PM,13,6,7
06/21/2015 08:00:00 PM,16,6,10
06/21/2015 09:00:00 PM,4,3,1
06/21/2015 10:00:00 PM,3,0,3
06/21/2015 11:00:00 PM,4,2,2
06/22/2015 12:00:00 AM,1,0,1
06/22/2015 01:00:00 AM,0,0,0
06/22/2015 02:00:00 AM,2,2,0
06/22/2015 03:00:00 AM,1,0,1
06/22/2015 04:00:00 AM,1,1,0
06/22/2015 05:00:00 AM,10,5,5
06/22/2015 06:00:00 AM,51,20,31
06/22/2015 07:00:00 AM,95,31,64
06/22/2015 08:00:00 AM,147,38,109
06/22/2015 09:00:00 AM,70,21,49
06/22/2015 10:00:00 AM,40,11,29
06/22/2015 11:00:00 AM,39,15,24
06/22/2015 12:00:00 PM,41,17,24
06/22/2015 01:00:00 PM,40,11,29
06/22/2015 02:00:00 PM,40,15,25
06/22/2015 03:00:00 PM,74,26,48
06/22/2015 04:00:00 PM,126,44,82
06/22/2015 05:00:00 PM,199,73,126
06/22/2015 06:00:00 PM,110,34,76
06/22/2015 07:00:00 PM,46,17,29
06/22/2015 08:00:00 PM,31,6,25
06/22/2015 09:00:00 PM,13,6,7
06/22/2015 10:00:00 PM,16,7,9
06/22/2015 11:00:00 PM,3,1,2
06/23/2015 12:00:00 AM,7,2,5
06/23/2015 01:00:00 AM,0,0,0
06/23/2015 02:00:00 AM,2,0,2
06/23/2015 03:00:00 AM,0,0,0
06/23/2015 04:00:00 AM,1,0,1
06/23/2015 05:00:00 AM,14,5,9
06/23/2015 06:00:00 AM,74,30,44
06/23/2015 07:00:00 AM,103,33,70
06/23/2015 08:00:00 AM,194,73,121
06/23/2015 09:00:00 AM,97,25,72
06/23/2015 10:00:00 AM,41,9,32
06/23/2015 11:00:00 AM,48,18,30
06/23/2015 12:00:00 PM,36,12,24
06/23/2015 01:00:00 PM,36,10,26
06/23/2015 02:00:00 PM,39,16,23
06/23/2015 03:00:00 PM,85,24,61
06/23/2015 04:00:00 PM,152,41,111
06/23/2015 05:00:00 PM,242,74,168
06/23/2015 06:00:00 PM,121,43,78
06/23/2015 07:00:00 PM,43,13,30
06/23/2015 08:00:00 PM,24,8,16
06/23/2015 09:00:00 PM,8,4,4
06/23/2015 10:00:00 PM,15,8,7
06/23/2015 11:00:00 PM,6,1,5
06/24/2015 12:00:00 AM,2,1,1
06/24/2015 01:00:00 AM,3,2,1
06/24/2015 02:00:00 AM,3,0,3
06/24/2015 03:00:00 AM,0,0,0
06/24/2015 04:00:00 AM,4,2,2
06/24/2015 05:00:00 AM,14,8,6
06/24/2015 06:00:00 AM,65,23,42
06/24/2015 07:00:00 AM,105,39,66
06/24/2015 08:00:00 AM,194,55,139
06/24/2015 09:00:00 AM,63,24,39
06/24/2015 10:00:00 AM,55,16,39
06/24/2015 11:00:00 AM,36,8,28
06/24/2015 12:00:00 PM,48,24,24
06/24/2015 01:00:00 PM,36,16,20
06/24/2015 02:00:00 PM,40,13,27
06/24/2015 03:00:00 PM,66,15,51
06/24/2015 04:00:00 PM,132,34,98
06/24/2015 05:00:00 PM,202,65,137
06/24/2015 06:00:00 PM,127,50,77
06/24/2015 07:00:00 PM,49,16,33
06/24/2015 08:00:00 PM,31,15,16
06/24/2015 09:00:00 PM,21,9,12
06/24/2015 10:00:00 PM,17,8,9
06/24/2015 11:00:00 PM,12,9,3
06/25/2015 12:00:00 AM,2,1,1
06/25/2015 01:00:00 AM,3,0,3
06/25/2015 02:00:00 AM,1,0,1
06/25/2015 03:00:00 AM,2,0,2
06/25/2015 04:00:00 AM,1,0,1
06/25/2015 05:00:00 AM,19,7,12
06/25/2015 06:00:00 AM,37,18,19
06/25/2015 07:00:00 AM,111,42,69
06/25/2015 08:00:00 AM,167,50,117
06/25/2015 09:00:00 AM,79,31,48
06/25/2015 10:00:00 AM,25,7,18
06/25/2015 11:00:00 AM,44,17,27
06/25/2015 12:00:00 PM,43,19,24
06/25/2015 01:00:00 PM,40,17,23
06/25/2015 02:00:00 PM,40,16,24
06/25/2015 03:00:00 PM,84,20,64
06/25/2015 04:00:00 PM,131,42,89
06/25/2015 05:00:00 PM,199,66,133
06/25/2015 06:00:00 PM,115,48,67
06/25/2015 07:00:00 PM,42,10,32
06/25/2015 08:00:00 PM,35,14,21
06/25/2015 09:00:00 PM,6,1,5
06/25/2015 10:00:00 PM,26,12,14
06/25/2015 11:00:00 PM,6,3,3
06/26/2015 12:00:00 AM,3,2,1
06/26/2015 01:00:00 AM,3,1,2
06/26/2015 02:00:00 AM,0,0,0
06/26/2015 03:00:00 AM,3,0,3
06/26/2015 04:00:00 AM,0,0,0
06/26/2015 05:00:00 AM,13,7,6
06/26/2015 06:00:00 AM,39,19,20
06/26/2015 07:00:00 AM,82,33,49
06/26/2015 08:00:00 AM,138,45,93
06/26/2015 09:00:00 AM,74,24,50
06/26/2015 10:00:00 AM,48,18,30
06/26/2015 11:00:00 AM,51,30,21
06/26/2015 12:00:00 PM,58,18,40
06/26/2015 01:00:00 PM,34,10,24
06/26/2015 02:00:00 PM,41,13,28
06/26/2015 03:00:00 PM,91,26,65
06/26/2015 04:00:00 PM,135,44,91
06/26/2015 05:00:00 PM,140,50,90
06/26/2015 06:00:00 PM,67,23,44
06/26/2015 07:00:00 PM,41,16,25
06/26/2015 08:00:00 PM,11,5,6
06/26/2015 09:00:00 PM,13,6,7
06/26/2015 10:00:00 PM,13,4,9
06/26/2015 11:00:00 PM,3,0,3
06/27/2015 12:00:00 AM,6,1,5
06/27/2015 01:00:00 AM,1,0,1
06/27/2015 02:00:00 AM,0,0,0
06/27/2015 03:00:00 AM,1,0,1
06/27/2015 04:00:00 AM,2,1,1
06/27/2015 05:00:00 AM,3,2,1
06/27/2015 06:00:00 AM,10,2,8
06/27/2015 07:00:00 AM,8,2,6
06/27/2015 08:00:00 AM,19,2,17
06/27/2015 09:00:00 AM,23,8,15
06/27/2015 10:00:00 AM,46,13,33
06/27/2015 11:00:00 AM,45,9,36
06/27/2015 12:00:00 PM,29,6,23
06/27/2015 01:00:00 PM,40,14,26
06/27/2015 02:00:00 PM,19,7,12
06/27/2015 03:00:00 PM,26,14,12
06/27/2015 04:00:00 PM,29,16,13
06/27/2015 05:00:00 PM,23,9,14
06/27/2015 06:00:00 PM,18,6,12
06/27/2015 07:00:00 PM,18,5,13
06/27/2015 08:00:00 PM,9,6,3
06/27/2015 09:00:00 PM,11,2,9
06/27/2015 10:00:00 PM,11,6,5
06/27/2015 11:00:00 PM,17,8,9
06/28/2015 12:00:00 AM,10,3,7
06/28/2015 01:00:00 AM,1,1,0
06/28/2015 02:00:00 AM,1,1,0
06/28/2015 03:00:00 AM,5,3,2
06/28/2015 04:00:00 AM,0,0,0
06/28/2015 05:00:00 AM,3,3,0
06/28/2015 06:00:00 AM,3,0,3
06/28/2015 07:00:00 AM,11,0,11
06/28/2015 08:00:00 AM,6,3,3
06/28/2015 09:00:00 AM,10,4,6
06/28/2015 10:00:00 AM,26,13,13
06/28/2015 11:00:00 AM,24,15,9
06/28/2015 12:00:00 PM,14,10,4
06/28/2015 01:00:00 PM,21,12,9
06/28/2015 02:00:00 PM,24,8,16
06/28/2015 03:00:00 PM,27,3,24
06/28/2015 04:00:00 PM,33,8,25
06/28/2015 05:00:00 PM,34,11,23
06/28/2015 06:00:00 PM,13,3,10
06/28/2015 07:00:00 PM,16,5,11
06/28/2015 08:00:00 PM,20,5,15
06/28/2015 09:00:00 PM,10,4,6
06/28/2015 10:00:00 PM,12,7,5
06/28/2015 11:00:00 PM,7,2,5
06/29/2015 12:00:00 AM,1,0,1
06/29/2015 01:00:00 AM,2,0,2
06/29/2015 02:00:00 AM,0,0,0
06/29/2015 03:00:00 AM,3,1,2
06/29/2015 04:00:00 AM,1,0,1
06/29/2015 05:00:00 AM,13,8,5
06/29/2015 06:00:00 AM,42,21,21
06/29/2015 07:00:00 AM,82,26,56
06/29/2015 08:00:00 AM,159,47,112
06/29/2015 09:00:00 AM,85,25,60
06/29/2015 10:00:00 AM,44,14,30
06/29/2015 11:00:00 AM,39,18,21
06/29/2015 12:00:00 PM,41,15,26
06/29/2015 01:00:00 PM,31,13,18
06/29/2015 02:00:00 PM,29,14,15
06/29/2015 03:00:00 PM,58,20,38
06/29/2015 04:00:00 PM,119,24,95
06/29/2015 05:00:00 PM,190,71,119
06/29/2015 06:00:00 PM,110,41,69
06/29/2015 07:00:00 PM,40,13,27
06/29/2015 08:00:00 PM,20,10,10
06/29/2015 09:00:00 PM,17,5,12
06/29/2015 10:00:00 PM,9,2,7
06/29/2015 11:00:00 PM,6,1,5
06/30/2015 12:00:00 AM,4,1,3
06/30/2015 01:00:00 AM,0,0,0
06/30/2015 02:00:00 AM,1,0,1
06/30/2015 03:00:00 AM,0,0,0
06/30/2015 04:00:00 AM,0,0,0
06/30/2015 05:00:00 AM,14,7,7
06/30/2015 06:00:00 AM,47,21,26
06/30/2015 07:00:00 AM,117,43,74
06/30/2015 08:00:00 AM,157,47,110
06/30/2015 09:00:00 AM,95,35,60
06/30/2015 10:00:00 AM,49,16,33
06/30/2015 11:00:00 AM,38,12,26
06/30/2015 12:00:00 PM,31,15,16
06/30/2015 01:00:00 PM,33,11,22
06/30/2015 02:00:00 PM,48,16,32
06/30/2015 03:00:00 PM,72,18,54
06/30/2015 04:00:00 PM,140,37,103
06/30/2015 05:00:00 PM,200,66,134
06/30/2015 06:00:00 PM,132,57,75
06/30/2015 07:00:00 PM,46,15,31
06/30/2015 08:00:00 PM,38,12,26
06/30/2015 09:00:00 PM,17,5,12
06/30/2015 10:00:00 PM,10,6,4
06/30/2015 11:00:00 PM,4,3,1
07/01/2015 12:00:00 AM,4,0,4
07/01/2015 01:00:00 AM,2,0,2
07/01/2015 02:00:00 AM,0,0,0
07/01/2015 03:00:00 AM,1,0,1
07/01/2015 04:00:00 AM,2,0,2
07/01/2015 05:00:00 AM,15,9,6
07/01/2015 06:00:00 AM,49,19,30
07/01/2015 07:00:00 AM,111,46,65
07/01/2015 08:00:00 AM,185,57,128
07/01/2015 09:00:00 AM,84,29,55
07/01/2015 10:00:00 AM,47,7,40
07/01/2015 11:00:00 AM,32,11,21
07/01/2015 12:00:00 PM,54,26,28
07/01/2015 01:00:00 PM,63,33,30
07/01/2015 02:00:00 PM,46,18,28
07/01/2015 03:00:00 PM,74,22,52
07/01/2015 04:00:00 PM,154,51,103
07/01/2015 05:00:00 PM,207,69,138
07/01/2015 06:00:00 PM,99,31,68
07/01/2015 07:00:00 PM,59,16,43
07/01/2015 08:00:00 PM,21,9,12
07/01/2015 09:00:00 PM,21,9,12
07/01/2015 10:00:00 PM,8,3,5
07/01/2015 11:00:00 PM,7,3,4
07/02/2015 12:00:00 AM,2,0,2
07/02/2015 01:00:00 AM,1,0,1
07/02/2015 02:00:00 AM,0,0,0
07/02/2015 03:00:00 AM,0,0,0
07/02/2015 04:00:00 AM,0,0,0
07/02/2015 05:00:00 AM,11,6,5
07/02/2015 06:00:00 AM,37,16,21
07/02/2015 07:00:00 AM,101,37,64
07/02/2015 08:00:00 AM,155,47,108
07/02/2015 09:00:00 AM,73,26,47
07/02/2015 10:00:00 AM,43,15,28
07/02/2015 11:00:00 AM,45,19,26
07/02/2015 12:00:00 PM,41,17,24
07/02/2015 01:00:00 PM,44,14,30
07/02/2015 02:00:00 PM,57,15,42
07/02/2015 03:00:00 PM,83,19,64
07/02/2015 04:00:00 PM,140,46,94
07/02/2015 05:00:00 PM,157,51,106
07/02/2015 06:00:00 PM,89,26,63
07/02/2015 07:00:00 PM,45,11,34
07/02/2015 08:00:00 PM,43,14,29
07/02/2015 09:00:00 PM,19,10,9
07/02/2015 10:00:00 PM,21,3,18
07/02/2015 11:00:00 PM,5,5,0
07/03/2015 12:00:00 AM,3,1,2
07/03/2015 01:00:00 AM,1,0,1
07/03/2015 02:00:00 AM,2,1,1
07/03/2015 03:00:00 AM,0,0,0
07/03/2015 04:00:00 AM,2,0,2
07/03/2015 05:00:00 AM,5,4,1
07/03/2015 06:00:00 AM,9,4,5
07/03/2015 07:00:00 AM,18,7,11
07/03/2015 08:00:00 AM,26,7,19
07/03/2015 09:00:00 AM,21,8,13
07/03/2015 10:00:00 AM,26,6,20
07/03/2015 11:00:00 AM,52,14,38
07/03/2015 12:00:00 PM,46,12,34
07/03/2015 01:00:00 PM,27,10,17
07/03/2015 02:00:00 PM,27,8,19
07/03/2015 03:00:00 PM,30,13,17
07/03/2015 04:00:00 PM,38,17,21
07/03/2015 05:00:00 PM,39,10,29
07/03/2015 06:00:00 PM,35,9,26
07/03/2015 07:00:00 PM,39,8,31
07/03/2015 08:00:00 PM,19,9,10
07/03/2015 09:00:00 PM,12,5,7
07/03/2015 10:00:00 PM,20,13,7
07/03/2015 11:00:00 PM,13,5,8
07/04/2015 12:00:00 AM,10,3,7
07/04/2015 01:00:00 AM,1,1,0
07/04/2015 02:00:00 AM,5,1,4
07/04/2015 03:00:00 AM,4,1,3
07/04/2015 04:00:00 AM,0,0,0
07/04/2015 05:00:00 AM,3,2,1
07/04/2015 06:00:00 AM,3,0,3
07/04/2015 07:00:00 AM,4,3,1
07/04/2015 08:00:00 AM,15,5,10
07/04/2015 09:00:00 AM,11,1,10
07/04/2015 10:00:00 AM,11,3,8
07/04/2015 11:00:00 AM,24,11,13
07/04/2015 12:00:00 PM,24,7,17
07/04/2015 01:00:00 PM,18,8,10
07/04/2015 02:00:00 PM,16,8,8
07/04/2015 03:00:00 PM,22,8,14
07/04/2015 04:00:00 PM,14,6,8
07/04/2015 05:00:00 PM,17,10,7
07/04/2015 06:00:00 PM,20,4,16
07/04/2015 07:00:00 PM,16,4,12
07/04/2015 08:00:00 PM,8,1,7
07/04/2015 09:00:00 PM,17,7,10
07/04/2015 10:00:00 PM,6,1,5
07/04/2015 11:00:00 PM,21,2,19
07/05/2015 12:00:00 AM,12,0,12
07/05/2015 01:00:00 AM,4,0,4
07/05/2015 02:00:00 AM,0,0,0
07/05/2015 03:00:00 AM,2,2,0
07/05/2015 04:00:00 AM,1,0,1
07/05/2015 05:00:00 AM,0,0,0
07/05/2015 06:00:00 AM,7,1,6
07/05/2015 07:00:00 AM,4,2,2
07/05/2015 08:00:00 AM,10,3,7
07/05/2015 09:00:00 AM,19,6,13
07/05/2015 10:00:00 AM,14,6,8
07/05/2015 11:00:00 AM,29,14,15
07/05/2015 12:00:00 PM,21,12,9
07/05/2015 01:00:00 PM,21,4,17
07/05/2015 02:00:00 PM,17,7,10
07/05/2015 03:00:00 PM,26,7,19
07/05/2015 04:00:00 PM,13,9,4
07/05/2015 05:00:00 PM,24,5,19
07/05/2015 06:00:00 PM,9,4,5
07/05/2015 07:00:00 PM,13,5,8
07/05/2015 08:00:00 PM,6,3,3
07/05/2015 09:00:00 PM,12,7,5
07/05/2015 10:00:00 PM,2,0,2
07/05/2015 11:00:00 PM,2,0,2
07/06/2015 12:00:00 AM,4,0,4
07/06/2015 01:00:00 AM,1,1,0
07/06/2015 02:00:00 AM,3,0,3
07/06/2015 03:00:00 AM,1,1,0
07/06/2015 04:00:00 AM,0,0,0
07/06/2015 05:00:00 AM,11,8,3
07/06/2015 06:00:00 AM,40,13,27
07/06/2015 07:00:00 AM,88,26,62
07/06/2015 08:00:00 AM,151,52,99
07/06/2015 09:00:00 AM,82,32,50
07/06/2015 10:00:00 AM,46,14,32
07/06/2015 11:00:00 AM,36,18,18
07/06/2015 12:00:00 PM,43,13,30
07/06/2015 01:00:00 PM,33,13,20
07/06/2015 02:00:00 PM,32,15,17
07/06/2015 03:00:00 PM,82,23,59
07/06/2015 04:00:00 PM,108,28,80
07/06/2015 05:00:00 PM,190,57,133
07/06/2015 06:00:00 PM,94,23,71
07/06/2015 07:00:00 PM,43,18,25
07/06/2015 08:00:00 PM,21,6,15
07/06/2015 09:00:00 PM,24,10,14
07/06/2015 10:00:00 PM,18,8,10
07/06/2015 11:00:00 PM,5,2,3
07/07/2015 12:00:00 AM,3,2,1
07/07/2015 01:00:00 AM,2,1,1
07/07/2015 02:00:00 AM,4,2,2
07/07/2015 03:00:00 AM,1,0,1
07/07/2015 04:00:00 AM,0,0,0
07/07/2015 05:00:00 AM,17,10,7
07/07/2015 06:00:00 AM,59,22,37
07/07/2015 07:00:00 AM,98,29,69
07/07/2015 08:00:00 AM,184,59,125
07/07/2015 09:00:00 AM,89,32,57
07/07/2015 10:00:00 AM,49,18,31
07/07/2015 11:00:00 AM,47,17,30
07/07/2015 12:00:00 PM,48,17,31
07/07/2015 01:00:00 PM,34,11,23
07/07/2015 02:00:00 PM,44,12,32
07/07/2015 03:00:00 PM,78,22,56
07/07/2015 04:00:00 PM,149,38,111
07/07/2015 05:00:00 PM,224,66,158
07/07/2015 06:00:00 PM,135,40,95
07/07/2015 07:00:00 PM,45,18,27
07/07/2015 08:00:00 PM,31,13,18
07/07/2015 09:00:00 PM,21,9,12
07/07/2015 10:00:00 PM,8,4,4
07/07/2015 11:00:00 PM,9,6,3
07/08/2015 12:00:00 AM,5,2,3
07/08/2015 01:00:00 AM,0,0,0
07/08/2015 02:00:00 AM,0,0,0
07/08/2015 03:00:00 AM,0,0,0
07/08/2015 04:00:00 AM,1,1,0
07/08/2015 05:00:00 AM,13,7,6
07/08/2015 06:00:00 AM,57,25,32
07/08/2015 07:00:00 AM,126,37,89
07/08/2015 08:00:00 AM,177,58,119
07/08/2015 09:00:00 AM,81,29,52
07/08/2015 10:00:00 AM,53,23,30
07/08/2015 11:00:00 AM,40,17,23
07/08/2015 12:00:00 PM,47,11,36
07/08/2015 01:00:00 PM,47,20,27
07/08/2015 02:00:00 PM,51,15,36
07/08/2015 03:00:00 PM,81,34,47
07/08/2015 04:00:00 PM,153,48,105
07/08/2015 05:00:00 PM,208,68,140
07/08/2015 06:00:00 PM,125,35,90
07/08/2015 07:00:00 PM,42,17,25
07/08/2015 08:00:00 PM,34,13,21
07/08/2015 09:00:00 PM,15,6,9
07/08/2015 10:00:00 PM,14,2,12
07/08/2015 11:00:00 PM,7,5,2
07/09/2015 12:00:00 AM,3,1,2
07/09/2015 01:00:00 AM,3,1,2
07/09/2015 02:00:00 AM,0,0,0
07/09/2015 03:00:00 AM,0,0,0
07/09/2015 04:00:00 AM,1,0,1
07/09/2015 05:00:00 AM,16,10,6
07/09/2015 06:00:00 AM,49,21,28
07/09/2015 07:00:00 AM,101,23,78
07/09/2015 08:00:00 AM,165,53,112
07/09/2015 09:00:00 AM,92,35,57
07/09/2015 10:00:00 AM,48,17,31
07/09/2015 11:00:00 AM,40,19,21
07/09/2015 12:00:00 PM,48,20,28
07/09/2015 01:00:00 PM,59,23,36
07/09/2015 02:00:00 PM,46,13,33
07/09/2015 03:00:00 PM,81,18,63
07/09/2015 04:00:00 PM,135,43,92
07/09/2015 05:00:00 PM,203,82,121
07/09/2015 06:00:00 PM,127,37,90
07/09/2015 07:00:00 PM,48,14,34
07/09/2015 08:00:00 PM,42,17,25
07/09/2015 09:00:00 PM,18,9,9
07/09/2015 10:00:00 PM,26,10,16
07/09/2015 11:00:00 PM,9,2,7
07/10/2015 12:00:00 AM,1,0,1
07/10/2015 01:00:00 AM,2,0,2
07/10/2015 02:00:00 AM,3,3,0
07/10/2015 03:00:00 AM,0,0,0
07/10/2015 04:00:00 AM,0,0,0
07/10/2015 05:00:00 AM,10,6,4
07/10/2015 06:00:00 AM,40,15,25
07/10/2015 07:00:00 AM,89,23,66
07/10/2015 08:00:00 AM,137,47,90
07/10/2015 09:00:00 AM,69,23,46
07/10/2015 10:00:00 AM,44,10,34
07/10/2015 11:00:00 AM,43,18,25
07/10/2015 12:00:00 PM,49,23,26
07/10/2015 01:00:00 PM,53,19,34
07/10/2015 02:00:00 PM,63,13,50
07/10/2015 03:00:00 PM,85,18,67
07/10/2015 04:00:00 PM,128,48,80
07/10/2015 05:00:00 PM,159,55,104
07/10/2015 06:00:00 PM,84,25,59
07/10/2015 07:00:00 PM,44,12,32
07/10/2015 08:00:00 PM,31,13,18
07/10/2015 09:00:00 PM,20,8,12
07/10/2015 10:00:00 PM,21,14,7
07/10/2015 11:00:00 PM,18,10,8
07/11/2015 12:00:00 AM,6,1,5
07/11/2015 01:00:00 AM,6,2,4
07/11/2015 02:00:00 AM,0,0,0
07/11/2015 03:00:00 AM,1,0,1
07/11/2015 04:00:00 AM,1,0,1
07/11/2015 05:00:00 AM,5,3,2
07/11/2015 06:00:00 AM,3,0,3
07/11/2015 07:00:00 AM,9,3,6
07/11/2015 08:00:00 AM,19,2,17
07/11/2015 09:00:00 AM,20,9,11
07/11/2015 10:00:00 AM,25,12,13
07/11/2015 11:00:00 AM,17,1,16
07/11/2015 12:00:00 PM,20,10,10
07/11/2015 01:00:00 PM,48,31,17
07/11/2015 02:00:00 PM,39,9,30
07/11/2015 03:00:00 PM,16,3,13
07/11/2015 04:00:00 PM,30,9,21
07/11/2015 05:00:00 PM,37,14,23
07/11/2015 06:00:00 PM,29,10,19
07/11/2015 07:00:00 PM,31,15,16
07/11/2015 08:00:00 PM,15,2,13
07/11/2015 09:00:00 PM,16,7,9
07/11/2015 10:00:00 PM,20,12,8
07/11/2015 11:00:00 PM,15,8,7
07/12/2015 12:00:00 AM,3,2,1
07/12/2015 01:00:00 AM,2,2,0
07/12/2015 02:00:00 AM,0,0,0
07/12/2015 03:00:00 AM,2,1,1
07/12/2015 04:00:00 AM,1,0,1
07/12/2015 05:00:00 AM,0,0,0
07/12/2015 06:00:00 AM,5,1,4
07/12/2015 07:00:00 AM,3,0,3
07/12/2015 08:00:00 AM,15,3,12
07/12/2015 09:00:00 AM,16,3,13
07/12/2015 10:00:00 AM,20,10,10
07/12/2015 11:00:00 AM,24,7,17
07/12/2015 12:00:00 PM,40,5,35
07/12/2015 01:00:00 PM,27,7,20
07/12/2015 02:00:00 PM,26,12,14
07/12/2015 03:00:00 PM,29,8,21
07/12/2015 04:00:00 PM,25,10,15
07/12/2015 05:00:00 PM,33,14,19
07/12/2015 06:00:00 PM,17,7,10
07/12/2015 07:00:00 PM,21,7,14
07/12/2015 08:00:00 PM,14,8,6
07/12/2015 09:00:00 PM,13,3,10
07/12/2015 10:00:00 PM,4,2,2
07/12/2015 11:00:00 PM,8,2,6
07/13/2015 12:00:00 AM,0,0,0
07/13/2015 01:00:00 AM,2,2,0
07/13/2015 02:00:00 AM,1,0,1
07/13/2015 03:00:00 AM,1,0,1
07/13/2015 04:00:00 AM,2,1,1
07/13/2015 05:00:00 AM,16,12,4
07/13/2015 06:00:00 AM,40,16,24
07/13/2015 07:00:00 AM,98,34,64
07/13/2015 08:00:00 AM,142,51,91
07/13/2015 09:00:00 AM,67,22,45
07/13/2015 10:00:00 AM,50,19,31
07/13/2015 11:00:00 AM,44,20,24
07/13/2015 12:00:00 PM,35,9,26
07/13/2015 01:00:00 PM,41,14,27
07/13/2015 02:00:00 PM,29,15,14
07/13/2015 03:00:00 PM,62,19,43
07/13/2015 04:00:00 PM,120,36,84
07/13/2015 05:00:00 PM,173,60,113
07/13/2015 06:00:00 PM,96,29,67
07/13/2015 07:00:00 PM,31,4,27
07/13/2015 08:00:00 PM,18,10,8
07/13/2015 09:00:00 PM,20,3,17
07/13/2015 10:00:00 PM,16,4,12
07/13/2015 11:00:00 PM,3,0,3
07/14/2015 12:00:00 AM,4,2,2
07/14/2015 01:00:00 AM,1,0,1
07/14/2015 02:00:00 AM,2,0,2
07/14/2015 03:00:00 AM,3,0,3
07/14/2015 04:00:00 AM,0,0,0
07/14/2015 05:00:00 AM,16,8,8
07/14/2015 06:00:00 AM,44,15,29
07/14/2015 07:00:00 AM,124,36,88
07/14/2015 08:00:00 AM,181,57,124
07/14/2015 09:00:00 AM,84,30,54
07/14/2015 10:00:00 AM,48,14,34
07/14/2015 11:00:00 AM,40,19,21
07/14/2015 12:00:00 PM,42,21,21
07/14/2015 01:00:00 PM,34,13,21
07/14/2015 02:00:00 PM,61,23,38
07/14/2015 03:00:00 PM,61,19,42
07/14/2015 04:00:00 PM,144,45,99
07/14/2015 05:00:00 PM,222,62,160
07/14/2015 06:00:00 PM,116,39,77
07/14/2015 07:00:00 PM,37,15,22
07/14/2015 08:00:00 PM,28,11,17
07/14/2015 09:00:00 PM,19,7,12
07/14/2015 10:00:00 PM,9,2,7
07/14/2015 11:00:00 PM,6,1,5
07/15/2015 12:00:00 AM,5,3,2
07/15/2015 01:00:00 AM,1,1,0
07/15/2015 02:00:00 AM,3,1,2
07/15/2015 03:00:00 AM,1,0,1
07/15/2015 04:00:00 AM,2,1,1
07/15/2015 05:00:00 AM,13,6,7
07/15/2015 06:00:00 AM,50,17,33
07/15/2015 07:00:00 AM,124,48,76
07/15/2015 08:00:00 AM,158,54,104
07/15/2015 09:00:00 AM,83,28,55
07/15/2015 10:00:00 AM,41,10,31
07/15/2015 11:00:00 AM,44,12,32
07/15/2015 12:00:00 PM,40,15,25
07/15/2015 01:00:00 PM,55,20,35
07/15/2015 02:00:00 PM,49,21,28
07/15/2015 03:00:00 PM,68,20,48
07/15/2015 04:00:00 PM,156,48,108
07/15/2015 05:00:00 PM,210,57,153
07/15/2015 06:00:00 PM,121,32,89
07/15/2015 07:00:00 PM,69,25,44
07/15/2015 08:00:00 PM,32,8,24
07/15/2015 09:00:00 PM,12,7,5
07/15/2015 10:00:00 PM,9,3,6
07/15/2015 11:00:00 PM,13,7,6
07/16/2015 12:00:00 AM,7,4,3
07/16/2015 01:00:00 AM,3,1,2
07/16/2015 02:00:00 AM,3,2,1
07/16/2015 03:00:00 AM,0,0,0
07/16/2015 04:00:00 AM,0,0,0
07/16/2015 05:00:00 AM,13,4,9
07/16/2015 06:00:00 AM,45,16,29
07/16/2015 07:00:00 AM,108,51,57
07/16/2015 08:00:00 AM,159,47,112
07/16/2015 09:00:00 AM,72,23,49
07/16/2015 10:00:00 AM,51,20,31
07/16/2015 11:00:00 AM,40,11,29
07/16/2015 12:00:00 PM,58,22,36
07/16/2015 01:00:00 PM,61,12,49
07/16/2015 02:00:00 PM,61,19,42
07/16/2015 03:00:00 PM,81,36,45
07/16/2015 04:00:00 PM,133,36,97
07/16/2015 05:00:00 PM,200,67,133
07/16/2015 06:00:00 PM,110,36,74
07/16/2015 07:00:00 PM,37,17,20
07/16/2015 08:00:00 PM,33,15,18
07/16/2015 09:00:00 PM,16,3,13
07/16/2015 10:00:00 PM,20,8,12
07/16/2015 11:00:00 PM,10,2,8
07/17/2015 12:00:00 AM,5,2,3
07/17/2015 01:00:00 AM,3,1,2
07/17/2015 02:00:00 AM,1,0,1
07/17/2015 03:00:00 AM,0,0,0
07/17/2015 04:00:00 AM,0,0,0
07/17/2015 05:00:00 AM,11,4,7
07/17/2015 06:00:00 AM,46,20,26
07/17/2015 07:00:00 AM,84,27,57
07/17/2015 08:00:00 AM,139,39,100
07/17/2015 09:00:00 AM,74,28,46
07/17/2015 10:00:00 AM,39,13,26
07/17/2015 11:00:00 AM,34,11,23
07/17/2015 12:00:00 PM,49,18,31
07/17/2015 01:00:00 PM,53,19,34
07/17/2015 02:00:00 PM,59,20,39
07/17/2015 03:00:00 PM,73,19,54
07/17/2015 04:00:00 PM,126,45,81
07/17/2015 05:00:00 PM,162,50,112
07/17/2015 06:00:00 PM,99,29,70
07/17/2015 07:00:00 PM,49,11,38
07/17/2015 08:00:00 PM,19,4,15
07/17/2015 09:00:00 PM,9,3,6
07/17/2015 10:00:00 PM,24,16,8
07/17/2015 11:00:00 PM,13,2,11
07/18/2015 12:00:00 AM,5,1,4
07/18/2015 01:00:00 AM,1,0,1
07/18/2015 02:00:00 AM,1,0,1
07/18/2015 03:00:00 AM,1,0,1
07/18/2015 04:00:00 AM,2,0,2
07/18/2015 05:00:00 AM,1,1,0
07/18/2015 06:00:00 AM,8,3,5
07/18/2015 07:00:00 AM,12,4,8
07/18/2015 08:00:00 AM,24,3,21
07/18/2015 09:00:00 AM,25,11,14
07/18/2015 10:00:00 AM,27,6,21
07/18/2015 11:00:00 AM,28,6,22
07/18/2015 12:00:00 PM,31,11,20
07/18/2015 01:00:00 PM,49,24,25
07/18/2015 02:00:00 PM,41,17,24
07/18/2015 03:00:00 PM,48,14,34
07/18/2015 04:00:00 PM,25,9,16
07/18/2015 05:00:00 PM,36,4,32
07/18/2015 06:00:00 PM,59,10,49
07/18/2015 07:00:00 PM,27,13,14
07/18/2015 08:00:00 PM,13,7,6
07/18/2015 09:00:00 PM,35,25,10
07/18/2015 10:00:00 PM,20,13,7
07/18/2015 11:00:00 PM,9,2,7
07/19/2015 12:00:00 AM,8,2,6
07/19/2015 01:00:00 AM,2,1,1
07/19/2015 02:00:00 AM,0,0,0
07/19/2015 03:00:00 AM,3,0,3
07/19/2015 04:00:00 AM,2,0,2
07/19/2015 05:00:00 AM,3,1,2
07/19/2015 06:00:00 AM,7,1,6
07/19/2015 07:00:00 AM,7,2,5
07/19/2015 08:00:00 AM,14,3,11
07/19/2015 09:00:00 AM,18,8,10
07/19/2015 10:00:00 AM,31,12,19
07/19/2015 11:00:00 AM,27,8,19
07/19/2015 12:00:00 PM,25,5,20
07/19/2015 01:00:00 PM,28,10,18
07/19/2015 02:00:00 PM,26,7,19
07/19/2015 03:00:00 PM,33,12,21
07/19/2015 04:00:00 PM,24,10,14
07/19/2015 05:00:00 PM,30,16,14
07/19/2015 06:00:00 PM,22,3,19
07/19/2015 07:00:00 PM,14,5,9
07/19/2015 08:00:00 PM,19,9,10
07/19/2015 09:00:00 PM,23,15,8
07/19/2015 10:00:00 PM,8,4,4
07/19/2015 11:00:00 PM,9,2,7
07/20/2015 12:00:00 AM,7,4,3
07/20/2015 01:00:00 AM,2,0,2
07/20/2015 02:00:00 AM,1,0,1
07/20/2015 03:00:00 AM,1,0,1
07/20/2015 04:00:00 AM,2,0,2
07/20/2015 05:00:00 AM,15,11,4
07/20/2015 06:00:00 AM,42,17,25
07/20/2015 07:00:00 AM,91,39,52
07/20/2015 08:00:00 AM,154,54,100
07/20/2015 09:00:00 AM,87,28,59
07/20/2015 10:00:00 AM,40,13,27
07/20/2015 11:00:00 AM,40,16,24
07/20/2015 12:00:00 PM,30,16,14
07/20/2015 01:00:00 PM,36,14,22
07/20/2015 02:00:00 PM,43,14,29
07/20/2015 03:00:00 PM,67,20,47
07/20/2015 04:00:00 PM,126,33,93
07/20/2015 05:00:00 PM,196,58,138
07/20/2015 06:00:00 PM,112,33,79
07/20/2015 07:00:00 PM,50,17,33
07/20/2015 08:00:00 PM,30,13,17
07/20/2015 09:00:00 PM,22,5,17
07/20/2015 10:00:00 PM,11,4,7
07/20/2015 11:00:00 PM,8,2,6
07/21/2015 12:00:00 AM,2,2,0
07/21/2015 01:00:00 AM,1,0,1
07/21/2015 02:00:00 AM,1,0,1
07/21/2015 03:00:00 AM,3,0,3
07/21/2015 04:00:00 AM,0,0,0
07/21/2015 05:00:00 AM,14,8,6
07/21/2015 06:00:00 AM,58,18,40
07/21/2015 07:00:00 AM,105,31,74
07/21/2015 08:00:00 AM,151,36,115
07/21/2015 09:00:00 AM,97,30,67
07/21/2015 10:00:00 AM,45,11,34
07/21/2015 11:00:00 AM,39,14,25
07/21/2015 12:00:00 PM,49,16,33
07/21/2015 01:00:00 PM,50,23,27
07/21/2015 02:00:00 PM,50,24,26
07/21/2015 03:00:00 PM,57,21,36
07/21/2015 04:00:00 PM,128,38,90
07/21/2015 05:00:00 PM,197,78,119
07/21/2015 06:00:00 PM,103,34,69
07/21/2015 07:00:00 PM,45,15,30
07/21/2015 08:00:00 PM,38,16,22
07/21/2015 09:00:00 PM,15,6,9
07/21/2015 10:00:00 PM,15,5,10
07/21/2015 11:00:00 PM,4,2,2
07/22/2015 12:00:00 AM,6,0,6
07/22/2015 01:00:00 AM,1,1,0
07/22/2015 02:00:00 AM,1,0,1
07/22/2015 03:00:00 AM,1,0,1
07/22/2015 04:00:00 AM,0,0,0
07/22/2015 05:00:00 AM,13,8,5
07/22/2015 06:00:00 AM,49,15,34
07/22/2015 07:00:00 AM,114,34,80
07/22/2015 08:00:00 AM,166,64,102
07/22/2015 09:00:00 AM,84,35,49
07/22/2015 10:00:00 AM,49,17,32
07/22/2015 11:00:00 AM,36,17,19
07/22/2015 12:00:00 PM,55,17,38
07/22/2015 01:00:00 PM,46,23,23
07/22/2015 02:00:00 PM,52,21,31
07/22/2015 03:00:00 PM,77,28,49
07/22/2015 04:00:00 PM,145,45,100
07/22/2015 05:00:00 PM,224,58,166
07/22/2015 06:00:00 PM,113,31,82
07/22/2015 07:00:00 PM,62,31,31
07/22/2015 08:00:00 PM,27,15,12
07/22/2015 09:00:00 PM,22,9,13
07/22/2015 10:00:00 PM,14,5,9
07/22/2015 11:00:00 PM,6,3,3
07/23/2015 12:00:00 AM,4,1,3
07/23/2015 01:00:00 AM,1,1,0
07/23/2015 02:00:00 AM,2,2,0
07/23/2015 03:00:00 AM,1,0,1
07/23/2015 04:00:00 AM,2,0,2
07/23/2015 05:00:00 AM,12,6,6
07/23/2015 06:00:00 AM,41,15,26
07/23/2015 07:00:00 AM,94,35,59
07/23/2015 08:00:00 AM,155,51,104
07/23/2015 09:00:00 AM,82,34,48
07/23/2015 10:00:00 AM,47,13,34
07/23/2015 11:00:00 AM,58,31,27
07/23/2015 12:00:00 PM,39,19,20
07/23/2015 01:00:00 PM,46,15,31
07/23/2015 02:00:00 PM,40,16,24
07/23/2015 03:00:00 PM,64,14,50
07/23/2015 04:00:00 PM,129,39,90
07/23/2015 05:00:00 PM,210,63,147
07/23/2015 06:00:00 PM,118,32,86
07/23/2015 07:00:00 PM,53,16,37
07/23/2015 08:00:00 PM,36,16,20
07/23/2015 09:00:00 PM,22,10,12
07/23/2015 10:00:00 PM,22,14,8
07/23/2015 11:00:00 PM,7,3,4
07/24/2015 12:00:00 AM,2,0,2
07/24/2015 01:00:00 AM,2,2,0
07/24/2015 02:00:00 AM,3,0,3
07/24/2015 03:00:00 AM,0,0,0
07/24/2015 04:00:00 AM,0,0,0
07/24/2015 05:00:00 AM,9,4,5
07/24/2015 06:00:00 AM,37,15,22
07/24/2015 07:00:00 AM,85,33,52
07/24/2015 08:00:00 AM,121,37,84
07/24/2015 09:00:00 AM,58,19,39
07/24/2015 10:00:00 AM,44,17,27
07/24/2015 11:00:00 AM,25,8,17
07/24/2015 12:00:00 PM,46,19,27
07/24/2015 01:00:00 PM,37,13,24
07/24/2015 02:00:00 PM,39,12,27
07/24/2015 03:00:00 PM,80,22,58
07/24/2015 04:00:00 PM,139,49,90
07/24/2015 05:00:00 PM,169,59,110
07/24/2015 06:00:00 PM,81,22,59
07/24/2015 07:00:00 PM,45,14,31
07/24/2015 08:00:00 PM,21,4,17
07/24/2015 09:00:00 PM,13,6,7
07/24/2015 10:00:00 PM,18,7,11
07/24/2015 11:00:00 PM,8,5,3
07/25/2015 12:00:00 AM,8,2,6
07/25/2015 01:00:00 AM,2,0,2
07/25/2015 02:00:00 AM,3,0,3
07/25/2015 03:00:00 AM,1,0,1
07/25/2015 04:00:00 AM,0,0,0
07/25/2015 05:00:00 AM,1,1,0
07/25/2015 06:00:00 AM,3,0,3
07/25/2015 07:00:00 AM,14,4,10
07/25/2015 08:00:00 AM,20,2,18
07/25/2015 09:00:00 AM,12,1,11
07/25/2015 10:00:00 AM,29,8,21
07/25/2015 11:00:00 AM,14,2,12
07/25/2015 12:00:00 PM,47,12,35
07/25/2015 01:00:00 PM,51,26,25
07/25/2015 02:00:00 PM,28,15,13
07/25/2015 03:00:00 PM,33,13,20
07/25/2015 04:00:00 PM,27,13,14
07/25/2015 05:00:00 PM,12,3,9
07/25/2015 06:00:00 PM,8,5,3
07/25/2015 07:00:00 PM,14,9,5
07/25/2015 08:00:00 PM,18,13,5
07/25/2015 09:00:00 PM,18,9,9
07/25/2015 10:00:00 PM,10,6,4
07/25/2015 11:00:00 PM,10,2,8
07/26/2015 12:00:00 AM,7,2,5
07/26/2015 01:00:00 AM,2,0,2
07/26/2015 02:00:00 AM,3,2,1
07/26/2015 03:00:00 AM,0,0,0
07/26/2015 04:00:00 AM,1,0,1
07/26/2015 05:00:00 AM,4,3,1
07/26/2015 06:00:00 AM,3,2,1
07/26/2015 07:00:00 AM,3,1,2
07/26/2015 08:00:00 AM,9,2,7
07/26/2015 09:00:00 AM,17,5,12
07/26/2015 10:00:00 AM,19,4,15
07/26/2015 11:00:00 AM,20,4,16
07/26/2015 12:00:00 PM,26,6,20
07/26/2015 01:00:00 PM,29,12,17
07/26/2015 02:00:00 PM,20,11,9
07/26/2015 03:00:00 PM,19,10,9
07/26/2015 04:00:00 PM,13,7,6
07/26/2015 05:00:00 PM,8,5,3
07/26/2015 06:00:00 PM,7,0,7
07/26/2015 07:00:00 PM,10,4,6
07/26/2015 08:00:00 PM,13,5,8
07/26/2015 09:00:00 PM,10,3,7
07/26/2015 10:00:00 PM,5,2,3
07/26/2015 11:00:00 PM,3,2,1
07/27/2015 12:00:00 AM,1,0,1
07/27/2015 01:00:00 AM,3,1,2
07/27/2015 02:00:00 AM,1,0,1
07/27/2015 03:00:00 AM,1,0,1
07/27/2015 04:00:00 AM,1,0,1
07/27/2015 05:00:00 AM,13,10,3
07/27/2015 06:00:00 AM,42,19,23
07/27/2015 07:00:00 AM,71,23,48
07/27/2015 08:00:00 AM,163,62,101
07/27/2015 09:00:00 AM,72,25,47
07/27/2015 10:00:00 AM,35,12,23
07/27/2015 11:00:00 AM,33,8,25
07/27/2015 12:00:00 PM,40,19,21
07/27/2015 01:00:00 PM,52,17,35
07/27/2015 02:00:00 PM,53,21,32
07/27/2015 03:00:00 PM,79,18,61
07/27/2015 04:00:00 PM,114,27,87
07/27/2015 05:00:00 PM,183,64,119
07/27/2015 06:00:00 PM,117,43,74
07/27/2015 07:00:00 PM,43,14,29
07/27/2015 08:00:00 PM,26,10,16
07/27/2015 09:00:00 PM,22,5,17
07/27/2015 10:00:00 PM,15,6,9
07/27/2015 11:00:00 PM,11,4,7
07/28/2015 12:00:00 AM,3,1,2
07/28/2015 01:00:00 AM,1,0,1
07/28/2015 02:00:00 AM,1,0,1
07/28/2015 03:00:00 AM,1,0,1
07/28/2015 04:00:00 AM,1,0,1
07/28/2015 05:00:00 AM,11,6,5
07/28/2015 06:00:00 AM,59,21,38
07/28/2015 07:00:00 AM,120,49,71
07/28/2015 08:00:00 AM,174,57,117
07/28/2015 09:00:00 AM,89,36,53
07/28/2015 10:00:00 AM,48,17,31
07/28/2015 11:00:00 AM,51,21,30
07/28/2015 12:00:00 PM,61,20,41
07/28/2015 01:00:00 PM,40,10,30
07/28/2015 02:00:00 PM,36,16,20
07/28/2015 03:00:00 PM,73,24,49
07/28/2015 04:00:00 PM,164,41,123
07/28/2015 05:00:00 PM,225,87,138
07/28/2015 06:00:00 PM,142,32,110
07/28/2015 07:00:00 PM,55,19,36
07/28/2015 08:00:00 PM,19,9,10
07/28/2015 09:00:00 PM,30,14,16
07/28/2015 10:00:00 PM,21,17,4
07/28/2015 11:00:00 PM,7,6,1
07/29/2015 12:00:00 AM,8,2,6
07/29/2015 01:00:00 AM,2,1,1
07/29/2015 02:00:00 AM,0,0,0
07/29/2015 03:00:00 AM,2,0,2
07/29/2015 04:00:00 AM,0,0,0
07/29/2015 05:00:00 AM,18,9,9
07/29/2015 06:00:00 AM,49,16,33
07/29/2015 07:00:00 AM,115,43,72
07/29/2015 08:00:00 AM,175,53,122
07/29/2015 09:00:00 AM,90,40,50
07/29/2015 10:00:00 AM,48,15,33
07/29/2015 11:00:00 AM,49,13,36
07/29/2015 12:00:00 PM,74,18,56
07/29/2015 01:00:00 PM,51,19,32
07/29/2015 02:00:00 PM,48,21,27
07/29/2015 03:00:00 PM,73,20,53
07/29/2015 04:00:00 PM,165,50,115
07/29/2015 05:00:00 PM,208,70,138
07/29/2015 06:00:00 PM,106,43,63
07/29/2015 07:00:00 PM,45,13,32
07/29/2015 08:00:00 PM,25,10,15
07/29/2015 09:00:00 PM,17,6,11
07/29/2015 10:00:00 PM,7,3,4
07/29/2015 11:00:00 PM,6,1,5
07/30/2015 12:00:00 AM,5,4,1
07/30/2015 01:00:00 AM,1,0,1
07/30/2015 02:00:00 AM,1,0,1
07/30/2015 03:00:00 AM,1,1,0
07/30/2015 04:00:00 AM,1,0,1
07/30/2015 05:00:00 AM,11,6,5
07/30/2015 06:00:00 AM,47,20,27
07/30/2015 07:00:00 AM,106,35,71
07/30/2015 08:00:00 AM,178,59,119
07/30/2015 09:00:00 AM,79,30,49
07/30/2015 10:00:00 AM,52,9,43
07/30/2015 11:00:00 AM,32,10,22
07/30/2015 12:00:00 PM,40,16,24
07/30/2015 01:00:00 PM,50,19,31
07/30/2015 02:00:00 PM,42,20,22
07/30/2015 03:00:00 PM,59,18,41
07/30/2015 04:00:00 PM,124,31,93
07/30/2015 05:00:00 PM,172,54,118
07/30/2015 06:00:00 PM,115,35,80
07/30/2015 07:00:00 PM,71,19,52
07/30/2015 08:00:00 PM,19,10,9
07/30/2015 09:00:00 PM,28,8,20
07/30/2015 10:00:00 PM,26,14,12
07/30/2015 11:00:00 PM,6,2,4
07/31/2015 12:00:00 AM,6,1,5
07/31/2015 01:00:00 AM,3,1,2
07/31/2015 02:00:00 AM,3,1,2
07/31/2015 03:00:00 AM,0,0,0
07/31/2015 04:00:00 AM,0,0,0
07/31/2015 05:00:00 AM,8,5,3
07/31/2015 06:00:00 AM,37,14,23
07/31/2015 07:00:00 AM,83,31,52
07/31/2015 08:00:00 AM,138,49,89
07/31/2015 09:00:00 AM,86,26,60
07/31/2015 10:00:00 AM,53,22,31
07/31/2015 11:00:00 AM,53,14,39
07/31/2015 12:00:00 PM,55,24,31
07/31/2015 01:00:00 PM,55,18,37
07/31/2015 02:00:00 PM,56,19,37
07/31/2015 03:00:00 PM,83,23,60
07/31/2015 04:00:00 PM,127,33,94
07/31/2015 05:00:00 PM,170,59,111
07/31/2015 06:00:00 PM,72,24,48
07/31/2015 07:00:00 PM,42,21,21
07/31/2015 08:00:00 PM,16,7,9
07/31/2015 09:00:00 PM,12,5,7
07/31/2015 10:00:00 PM,23,7,16
07/31/2015 11:00:00 PM,10,3,7
08/01/2015 12:00:00 AM,1,0,1
08/01/2015 01:00:00 AM,8,2,6
08/01/2015 02:00:00 AM,2,0,2
08/01/2015 03:00:00 AM,0,0,0
08/01/2015 04:00:00 AM,2,1,1
08/01/2015 05:00:00 AM,1,1,0
08/01/2015 06:00:00 AM,3,2,1
08/01/2015 07:00:00 AM,6,3,3
08/01/2015 08:00:00 AM,23,8,15
08/01/2015 09:00:00 AM,27,10,17
08/01/2015 10:00:00 AM,11,1,10
08/01/2015 11:00:00 AM,34,6,28
08/01/2015 12:00:00 PM,41,15,26
08/01/2015 01:00:00 PM,40,17,23
08/01/2015 02:00:00 PM,43,10,33
08/01/2015 03:00:00 PM,36,13,23
08/01/2015 04:00:00 PM,19,7,12
08/01/2015 05:00:00 PM,44,13,31
08/01/2015 06:00:00 PM,51,7,44
08/01/2015 07:00:00 PM,18,5,13
08/01/2015 08:00:00 PM,13,6,7
08/01/2015 09:00:00 PM,41,38,3
08/01/2015 10:00:00 PM,13,8,5
08/01/2015 11:00:00 PM,6,4,2
08/02/2015 12:00:00 AM,12,9,3
08/02/2015 01:00:00 AM,5,4,1
08/02/2015 02:00:00 AM,4,2,2
08/02/2015 03:00:00 AM,0,0,0
08/02/2015 04:00:00 AM,0,0,0
08/02/2015 05:00:00 AM,3,1,2
08/02/2015 06:00:00 AM,1,0,1
08/02/2015 07:00:00 AM,5,1,4
08/02/2015 08:00:00 AM,6,2,4
08/02/2015 09:00:00 AM,12,5,7
08/02/2015 10:00:00 AM,25,12,13
08/02/2015 11:00:00 AM,22,2,20
08/02/2015 12:00:00 PM,32,3,29
08/02/2015 01:00:00 PM,35,12,23
08/02/2015 02:00:00 PM,29,14,15
08/02/2015 03:00:00 PM,35,14,21
08/02/2015 04:00:00 PM,37,8,29
08/02/2015 05:00:00 PM,41,20,21
08/02/2015 06:00:00 PM,24,12,12
08/02/2015 07:00:00 PM,13,8,5
08/02/2015 08:00:00 PM,14,6,8
08/02/2015 09:00:00 PM,14,2,12
08/02/2015 10:00:00 PM,6,3,3
08/02/2015 11:00:00 PM,6,2,4
08/03/2015 12:00:00 AM,2,1,1
08/03/2015 01:00:00 AM,1,0,1
08/03/2015 02:00:00 AM,2,1,1
08/03/2015 03:00:00 AM,1,0,1
08/03/2015 04:00:00 AM,0,0,0
08/03/2015 05:00:00 AM,11,7,4
08/03/2015 06:00:00 AM,39,14,25
08/03/2015 07:00:00 AM,89,30,59
08/03/2015 08:00:00 AM,139,52,87
08/03/2015 09:00:00 AM,82,36,46
08/03/2015 10:00:00 AM,45,10,35
08/03/2015 11:00:00 AM,39,17,22
08/03/2015 12:00:00 PM,30,13,17
08/03/2015 01:00:00 PM,40,14,26
08/03/2015 02:00:00 PM,43,12,31
08/03/2015 03:00:00 PM,75,22,53
08/03/2015 04:00:00 PM,122,31,91
08/03/2015 05:00:00 PM,191,73,118
08/03/2015 06:00:00 PM,115,28,87
08/03/2015 07:00:00 PM,30,12,18
08/03/2015 08:00:00 PM,24,8,16
08/03/2015 09:00:00 PM,17,7,10
08/03/2015 10:00:00 PM,16,5,11
08/03/2015 11:00:00 PM,7,2,5
08/04/2015 12:00:00 AM,11,1,10
08/04/2015 01:00:00 AM,2,0,2
08/04/2015 02:00:00 AM,3,2,1
08/04/2015 03:00:00 AM,2,1,1
08/04/2015 04:00:00 AM,0,0,0
08/04/2015 05:00:00 AM,9,5,4
08/04/2015 06:00:00 AM,47,15,32
08/04/2015 07:00:00 AM,122,39,83
08/04/2015 08:00:00 AM,161,63,98
08/04/2015 09:00:00 AM,83,27,56
08/04/2015 10:00:00 AM,38,14,24
08/04/2015 11:00:00 AM,32,11,21
08/04/2015 12:00:00 PM,44,16,28
08/04/2015 01:00:00 PM,48,18,30
08/04/2015 02:00:00 PM,33,17,16
08/04/2015 03:00:00 PM,74,19,55
08/04/2015 04:00:00 PM,143,36,107
08/04/2015 05:00:00 PM,214,84,130
08/04/2015 06:00:00 PM,112,42,70
08/04/2015 07:00:00 PM,35,14,21
08/04/2015 08:00:00 PM,26,7,19
08/04/2015 09:00:00 PM,11,4,7
08/04/2015 10:00:00 PM,15,2,13
08/04/2015 11:00:00 PM,9,2,7
08/05/2015 12:00:00 AM,5,2,3
08/05/2015 01:00:00 AM,3,3,0
08/05/2015 02:00:00 AM,1,0,1
08/05/2015 03:00:00 AM,0,0,0
08/05/2015 04:00:00 AM,0,0,0
08/05/2015 05:00:00 AM,9,4,5
08/05/2015 06:00:00 AM,49,17,32
08/05/2015 07:00:00 AM,97,31,66
08/05/2015 08:00:00 AM,169,58,111
08/05/2015 09:00:00 AM,90,33,57
08/05/2015 10:00:00 AM,46,16,30
08/05/2015 11:00:00 AM,39,9,30
08/05/2015 12:00:00 PM,44,12,32
08/05/2015 01:00:00 PM,46,18,28
08/05/2015 02:00:00 PM,54,19,35
08/05/2015 03:00:00 PM,73,21,52
08/05/2015 04:00:00 PM,136,45,91
08/05/2015 05:00:00 PM,223,82,141
08/05/2015 06:00:00 PM,95,33,62
08/05/2015 07:00:00 PM,34,10,24
08/05/2015 08:00:00 PM,16,5,11
08/05/2015 09:00:00 PM,16,4,12
08/05/2015 10:00:00 PM,14,6,8
08/05/2015 11:00:00 PM,12,7,5
08/06/2015 12:00:00 AM,11,1,10
08/06/2015 01:00:00 AM,1,0,1
08/06/2015 02:00:00 AM,0,0,0
08/06/2015 03:00:00 AM,1,0,1
08/06/2015 04:00:00 AM,0,0,0
08/06/2015 05:00:00 AM,16,9,7
08/06/2015 06:00:00 AM,39,19,20
08/06/2015 07:00:00 AM,98,35,63
08/06/2015 08:00:00 AM,171,62,109
08/06/2015 09:00:00 AM,84,29,55
08/06/2015 10:00:00 AM,36,13,23
08/06/2015 11:00:00 AM,44,17,27
08/06/2015 12:00:00 PM,33,12,21
08/06/2015 01:00:00 PM,51,11,40
08/06/2015 02:00:00 PM,41,13,28
08/06/2015 03:00:00 PM,71,14,57
08/06/2015 04:00:00 PM,134,44,90
08/06/2015 05:00:00 PM,214,72,142
08/06/2015 06:00:00 PM,124,37,87
08/06/2015 07:00:00 PM,52,20,32
08/06/2015 08:00:00 PM,30,14,16
08/06/2015 09:00:00 PM,24,8,16
08/06/2015 10:00:00 PM,13,9,4
08/06/2015 11:00:00 PM,9,4,5
08/07/2015 12:00:00 AM,8,4,4
08/07/2015 01:00:00 AM,4,1,3
08/07/2015 02:00:00 AM,1,0,1
08/07/2015 03:00:00 AM,0,0,0
08/07/2015 04:00:00 AM,0,0,0
08/07/2015 05:00:00 AM,6,3,3
08/07/2015 06:00:00 AM,37,15,22
08/07/2015 07:00:00 AM,80,27,53
08/07/2015 08:00:00 AM,134,50,84
08/07/2015 09:00:00 AM,53,12,41
08/07/2015 10:00:00 AM,40,13,27
08/07/2015 11:00:00 AM,36,13,23
08/07/2015 12:00:00 PM,50,10,40
08/07/2015 01:00:00 PM,49,25,24
08/07/2015 02:00:00 PM,59,22,37
08/07/2015 03:00:00 PM,98,38,60
08/07/2015 04:00:00 PM,130,48,82
08/07/2015 05:00:00 PM,164,59,105
08/07/2015 06:00:00 PM,87,29,58
08/07/2015 07:00:00 PM,53,17,36
08/07/2015 08:00:00 PM,25,9,16
08/07/2015 09:00:00 PM,22,12,10
08/07/2015 10:00:00 PM,17,10,7
08/07/2015 11:00:00 PM,21,14,7
08/08/2015 12:00:00 AM,15,9,6
08/08/2015 01:00:00 AM,12,11,1
08/08/2015 02:00:00 AM,2,1,1
08/08/2015 03:00:00 AM,0,0,0
08/08/2015 04:00:00 AM,1,1,0
08/08/2015 05:00:00 AM,3,2,1
08/08/2015 06:00:00 AM,5,2,3
08/08/2015 07:00:00 AM,4,2,2
08/08/2015 08:00:00 AM,18,1,17
08/08/2015 09:00:00 AM,15,6,9
08/08/2015 10:00:00 AM,40,9,31
08/08/2015 11:00:00 AM,20,6,14
08/08/2015 12:00:00 PM,29,11,18
08/08/2015 01:00:00 PM,46,21,25
08/08/2015 02:00:00 PM,20,5,15
08/08/2015 03:00:00 PM,35,16,19
08/08/2015 04:00:00 PM,42,17,25
08/08/2015 05:00:00 PM,34,7,27
08/08/2015 06:00:00 PM,25,9,16
08/08/2015 07:00:00 PM,15,7,8
08/08/2015 08:00:00 PM,19,5,14
08/08/2015 09:00:00 PM,12,7,5
08/08/2015 10:00:00 PM,15,7,8
08/08/2015 11:00:00 PM,16,9,7
08/09/2015 12:00:00 AM,9,9,0
08/09/2015 01:00:00 AM,4,2,2
08/09/2015 02:00:00 AM,1,0,1
08/09/2015 03:00:00 AM,1,0,1
08/09/2015 04:00:00 AM,1,1,0
08/09/2015 05:00:00 AM,2,1,1
08/09/2015 06:00:00 AM,11,1,10
08/09/2015 07:00:00 AM,8,2,6
08/09/2015 08:00:00 AM,6,0,6
08/09/2015 09:00:00 AM,9,6,3
08/09/2015 10:00:00 AM,16,3,13
08/09/2015 11:00:00 AM,23,10,13
08/09/2015 12:00:00 PM,40,6,34
08/09/2015 01:00:00 PM,46,26,20
08/09/2015 02:00:00 PM,26,9,17
08/09/2015 03:00:00 PM,24,10,14
08/09/2015 04:00:00 PM,40,17,23
08/09/2015 05:00:00 PM,20,11,9
08/09/2015 06:00:00 PM,27,18,9
08/09/2015 07:00:00 PM,19,13,6
08/09/2015 08:00:00 PM,8,5,3
08/09/2015 09:00:00 PM,14,9,5
08/09/2015 10:00:00 PM,10,4,6
08/09/2015 11:00:00 PM,4,2,2
08/10/2015 12:00:00 AM,0,0,0
08/10/2015 01:00:00 AM,1,0,1
08/10/2015 02:00:00 AM,0,0,0
08/10/2015 03:00:00 AM,1,0,1
08/10/2015 04:00:00 AM,4,3,1
08/10/2015 05:00:00 AM,21,17,4
08/10/2015 06:00:00 AM,50,20,30
08/10/2015 07:00:00 AM,95,32,63
08/10/2015 08:00:00 AM,136,60,76
08/10/2015 09:00:00 AM,68,25,43
08/10/2015 10:00:00 AM,42,18,24
08/10/2015 11:00:00 AM,43,15,28
08/10/2015 12:00:00 PM,32,8,24
08/10/2015 01:00:00 PM,36,16,20
08/10/2015 02:00:00 PM,32,14,18
08/10/2015 03:00:00 PM,69,17,52
08/10/2015 04:00:00 PM,133,48,85
08/10/2015 05:00:00 PM,185,52,133
08/10/2015 06:00:00 PM,105,29,76
08/10/2015 07:00:00 PM,48,15,33
08/10/2015 08:00:00 PM,16,6,10
08/10/2015 09:00:00 PM,15,6,9
08/10/2015 10:00:00 PM,9,8,1
08/10/2015 11:00:00 PM,7,1,6
08/11/2015 12:00:00 AM,3,0,3
08/11/2015 01:00:00 AM,4,1,3
08/11/2015 02:00:00 AM,1,0,1
08/11/2015 03:00:00 AM,1,0,1
08/11/2015 04:00:00 AM,0,0,0
08/11/2015 05:00:00 AM,12,8,4
08/11/2015 06:00:00 AM,46,20,26
08/11/2015 07:00:00 AM,103,33,70
08/11/2015 08:00:00 AM,189,62,127
08/11/2015 09:00:00 AM,98,40,58
08/11/2015 10:00:00 AM,37,14,23
08/11/2015 11:00:00 AM,49,18,31
08/11/2015 12:00:00 PM,49,16,33
08/11/2015 01:00:00 PM,65,27,38
08/11/2015 02:00:00 PM,48,15,33
08/11/2015 03:00:00 PM,79,22,57
08/11/2015 04:00:00 PM,133,30,103
08/11/2015 05:00:00 PM,229,79,150
08/11/2015 06:00:00 PM,121,46,75
08/11/2015 07:00:00 PM,57,16,41
08/11/2015 08:00:00 PM,32,6,26
08/11/2015 09:00:00 PM,21,8,13
08/11/2015 10:00:00 PM,18,10,8
08/11/2015 11:00:00 PM,9,6,3
08/12/2015 12:00:00 AM,6,0,6
08/12/2015 01:00:00 AM,0,0,0
08/12/2015 02:00:00 AM,1,1,0
08/12/2015 03:00:00 AM,1,0,1
08/12/2015 04:00:00 AM,1,1,0
08/12/2015 05:00:00 AM,13,8,5
08/12/2015 06:00:00 AM,44,22,22
08/12/2015 07:00:00 AM,114,36,78
08/12/2015 08:00:00 AM,160,52,108
08/12/2015 09:00:00 AM,89,27,62
08/12/2015 10:00:00 AM,49,11,38
08/12/2015 11:00:00 AM,37,13,24
08/12/2015 12:00:00 PM,54,17,37
08/12/2015 01:00:00 PM,40,25,15
08/12/2015 02:00:00 PM,38,14,24
08/12/2015 03:00:00 PM,85,33,52
08/12/2015 04:00:00 PM,157,60,97
08/12/2015 05:00:00 PM,214,73,141
08/12/2015 06:00:00 PM,97,37,60
08/12/2015 07:00:00 PM,33,15,18
08/12/2015 08:00:00 PM,20,5,15
08/12/2015 09:00:00 PM,15,4,11
08/12/2015 10:00:00 PM,11,6,5
08/12/2015 11:00:00 PM,7,4,3
08/13/2015 12:00:00 AM,7,3,4
08/13/2015 01:00:00 AM,2,0,2
08/13/2015 02:00:00 AM,3,1,2
08/13/2015 03:00:00 AM,1,0,1
08/13/2015 04:00:00 AM,0,0,0
08/13/2015 05:00:00 AM,10,6,4
08/13/2015 06:00:00 AM,49,25,24
08/13/2015 07:00:00 AM,103,40,63
08/13/2015 08:00:00 AM,166,54,112
08/13/2015 09:00:00 AM,93,27,66
08/13/2015 10:00:00 AM,42,17,25
08/13/2015 11:00:00 AM,41,15,26
08/13/2015 12:00:00 PM,45,25,20
08/13/2015 01:00:00 PM,52,15,37
08/13/2015 02:00:00 PM,48,20,28
08/13/2015 03:00:00 PM,72,19,53
08/13/2015 04:00:00 PM,136,44,92
08/13/2015 05:00:00 PM,221,79,142
08/13/2015 06:00:00 PM,114,37,77
08/13/2015 07:00:00 PM,43,16,27
08/13/2015 08:00:00 PM,22,7,15
08/13/2015 09:00:00 PM,22,3,19
08/13/2015 10:00:00 PM,9,3,6
08/13/2015 11:00:00 PM,10,3,7
08/14/2015 12:00:00 AM,6,3,3
08/14/2015 01:00:00 AM,4,3,1
08/14/2015 02:00:00 AM,2,1,1
08/14/2015 03:00:00 AM,1,0,1
08/14/2015 04:00:00 AM,1,0,1
08/14/2015 05:00:00 AM,4,2,2
08/14/2015 06:00:00 AM,23,12,11
08/14/2015 07:00:00 AM,53,12,41
08/14/2015 08:00:00 AM,101,33,68
08/14/2015 09:00:00 AM,61,22,39
08/14/2015 10:00:00 AM,26,6,20
08/14/2015 11:00:00 AM,35,10,25
08/14/2015 12:00:00 PM,38,14,24
08/14/2015 01:00:00 PM,33,14,19
08/14/2015 02:00:00 PM,28,9,19
08/14/2015 03:00:00 PM,43,14,29
08/14/2015 04:00:00 PM,72,25,47
08/14/2015 05:00:00 PM,80,21,59
08/14/2015 06:00:00 PM,50,10,40
08/14/2015 07:00:00 PM,25,6,19
08/14/2015 08:00:00 PM,11,2,9
08/14/2015 09:00:00 PM,11,4,7
08/14/2015 10:00:00 PM,12,7,5
08/14/2015 11:00:00 PM,6,5,1
08/15/2015 12:00:00 AM,4,0,4
08/15/2015 01:00:00 AM,2,2,0
08/15/2015 02:00:00 AM,2,1,1
08/15/2015 03:00:00 AM,1,0,1
08/15/2015 04:00:00 AM,1,1,0
08/15/2015 05:00:00 AM,1,0,1
08/15/2015 06:00:00 AM,6,2,4
08/15/2015 07:00:00 AM,9,2,7
08/15/2015 08:00:00 AM,21,4,17
08/15/2015 09:00:00 AM,12,3,9
08/15/2015 10:00:00 AM,22,10,12
08/15/2015 11:00:00 AM,28,7,21
08/15/2015 12:00:00 PM,16,4,12
08/15/2015 01:00:00 PM,36,14,22
08/15/2015 02:00:00 PM,32,13,19
08/15/2015 03:00:00 PM,43,21,22
08/15/2015 04:00:00 PM,49,19,30
08/15/2015 05:00:00 PM,20,9,11
08/15/2015 06:00:00 PM,13,5,8
08/15/2015 07:00:00 PM,26,15,11
08/15/2015 08:00:00 PM,16,8,8
08/15/2015 09:00:00 PM,10,4,6
08/15/2015 10:00:00 PM,14,5,9
08/15/2015 11:00:00 PM,13,3,10
08/16/2015 12:00:00 AM,7,1,6
08/16/2015 01:00:00 AM,3,2,1
08/16/2015 02:00:00 AM,2,0,2
08/16/2015 03:00:00 AM,2,1,1
08/16/2015 04:00:00 AM,1,0,1
08/16/2015 05:00:00 AM,3,0,3
08/16/2015 06:00:00 AM,3,1,2
08/16/2015 07:00:00 AM,4,3,1
08/16/2015 08:00:00 AM,11,4,7
08/16/2015 09:00:00 AM,17,5,12
08/16/2015 10:00:00 AM,19,5,14
08/16/2015 11:00:00 AM,33,1,32
08/16/2015 12:00:00 PM,52,8,44
08/16/2015 01:00:00 PM,110,14,96
08/16/2015 02:00:00 PM,43,15,28
08/16/2015 03:00:00 PM,41,13,28
08/16/2015 04:00:00 PM,74,57,17
08/16/2015 05:00:00 PM,46,25,21
08/16/2015 06:00:00 PM,27,10,17
08/16/2015 07:00:00 PM,17,3,14
08/16/2015 08:00:00 PM,16,9,7
08/16/2015 09:00:00 PM,6,3,3
08/16/2015 10:00:00 PM,7,4,3
08/16/2015 11:00:00 PM,5,1,4
08/17/2015 12:00:00 AM,1,1,0
08/17/2015 01:00:00 AM,1,0,1
08/17/2015 02:00:00 AM,2,0,2
08/17/2015 03:00:00 AM,1,0,1
08/17/2015 04:00:00 AM,1,1,0
08/17/2015 05:00:00 AM,6,3,3
08/17/2015 06:00:00 AM,41,21,20
08/17/2015 07:00:00 AM,96,30,66
08/17/2015 08:00:00 AM,150,57,93
08/17/2015 09:00:00 AM,95,27,68
08/17/2015 10:00:00 AM,42,14,28
08/17/2015 11:00:00 AM,31,12,19
08/17/2015 12:00:00 PM,39,16,23
08/17/2015 01:00:00 PM,42,20,22
08/17/2015 02:00:00 PM,44,17,27
08/17/2015 03:00:00 PM,84,26,58
08/17/2015 04:00:00 PM,129,44,85
08/17/2015 05:00:00 PM,189,64,125
08/17/2015 06:00:00 PM,106,36,70
08/17/2015 07:00:00 PM,44,18,26
08/17/2015 08:00:00 PM,18,6,12
08/17/2015 09:00:00 PM,15,2,13
08/17/2015 10:00:00 PM,8,5,3
08/17/2015 11:00:00 PM,9,3,6
08/18/2015 12:00:00 AM,5,1,4
08/18/2015 01:00:00 AM,0,0,0
08/18/2015 02:00:00 AM,2,1,1
08/18/2015 03:00:00 AM,1,0,1
08/18/2015 04:00:00 AM,1,0,1
08/18/2015 05:00:00 AM,17,9,8
08/18/2015 06:00:00 AM,42,16,26
08/18/2015 07:00:00 AM,123,51,72
08/18/2015 08:00:00 AM,173,56,117
08/18/2015 09:00:00 AM,107,40,67
08/18/2015 10:00:00 AM,38,14,24
08/18/2015 11:00:00 AM,48,18,30
08/18/2015 12:00:00 PM,44,25,19
08/18/2015 01:00:00 PM,42,18,24
08/18/2015 02:00:00 PM,59,25,34
08/18/2015 03:00:00 PM,75,25,50
08/18/2015 04:00:00 PM,146,49,97
08/18/2015 05:00:00 PM,242,71,171
08/18/2015 06:00:00 PM,108,43,65
08/18/2015 07:00:00 PM,44,17,27
08/18/2015 08:00:00 PM,32,5,27
08/18/2015 09:00:00 PM,16,7,9
08/18/2015 10:00:00 PM,7,4,3
08/18/2015 11:00:00 PM,6,1,5
08/19/2015 12:00:00 AM,3,1,2
08/19/2015 01:00:00 AM,3,0,3
08/19/2015 02:00:00 AM,1,0,1
08/19/2015 03:00:00 AM,3,1,2
08/19/2015 04:00:00 AM,0,0,0
08/19/2015 05:00:00 AM,15,9,6
08/19/2015 06:00:00 AM,57,21,36
08/19/2015 07:00:00 AM,92,28,64
08/19/2015 08:00:00 AM,171,51,120
08/19/2015 09:00:00 AM,90,31,59
08/19/2015 10:00:00 AM,51,18,33
08/19/2015 11:00:00 AM,34,15,19
08/19/2015 12:00:00 PM,44,19,25
08/19/2015 01:00:00 PM,48,19,29
08/19/2015 02:00:00 PM,42,14,28
08/19/2015 03:00:00 PM,77,28,49
08/19/2015 04:00:00 PM,153,47,106
08/19/2015 05:00:00 PM,224,57,167
08/19/2015 06:00:00 PM,138,32,106
08/19/2015 07:00:00 PM,61,11,50
08/19/2015 08:00:00 PM,29,11,18
08/19/2015 09:00:00 PM,47,34,13
08/19/2015 10:00:00 PM,23,12,11
08/19/2015 11:00:00 PM,12,6,6
08/20/2015 12:00:00 AM,4,0,4
08/20/2015 01:00:00 AM,0,0,0
08/20/2015 02:00:00 AM,2,1,1
08/20/2015 03:00:00 AM,0,0,0
08/20/2015 04:00:00 AM,1,1,0
08/20/2015 05:00:00 AM,16,8,8
08/20/2015 06:00:00 AM,46,21,25
08/20/2015 07:00:00 AM,90,34,56
08/20/2015 08:00:00 AM,148,44,104
08/20/2015 09:00:00 AM,79,24,55
08/20/2015 10:00:00 AM,36,15,21
08/20/2015 11:00:00 AM,46,15,31
08/20/2015 12:00:00 PM,51,23,28
08/20/2015 01:00:00 PM,44,17,27
08/20/2015 02:00:00 PM,35,13,22
08/20/2015 03:00:00 PM,79,27,52
08/20/2015 04:00:00 PM,127,30,97
08/20/2015 05:00:00 PM,209,69,140
08/20/2015 06:00:00 PM,110,40,70
08/20/2015 07:00:00 PM,55,14,41
08/20/2015 08:00:00 PM,31,11,20
08/20/2015 09:00:00 PM,20,6,14
08/20/2015 10:00:00 PM,9,2,7
08/20/2015 11:00:00 PM,6,2,4
08/21/2015 12:00:00 AM,6,4,2
08/21/2015 01:00:00 AM,2,1,1
08/21/2015 02:00:00 AM,1,0,1
08/21/2015 03:00:00 AM,3,2,1
08/21/2015 04:00:00 AM,1,1,0
08/21/2015 05:00:00 AM,7,3,4
08/21/2015 06:00:00 AM,36,17,19
08/21/2015 07:00:00 AM,86,23,63
08/21/2015 08:00:00 AM,126,41,85
08/21/2015 09:00:00 AM,93,41,52
08/21/2015 10:00:00 AM,31,12,19
08/21/2015 11:00:00 AM,49,26,23
08/21/2015 12:00:00 PM,49,28,21
08/21/2015 01:00:00 PM,38,14,24
08/21/2015 02:00:00 PM,48,14,34
08/21/2015 03:00:00 PM,92,26,66
08/21/2015 04:00:00 PM,134,43,91
08/21/2015 05:00:00 PM,175,48,127
08/21/2015 06:00:00 PM,82,29,53
08/21/2015 07:00:00 PM,39,18,21
08/21/2015 08:00:00 PM,17,9,8
08/21/2015 09:00:00 PM,17,7,10
08/21/2015 10:00:00 PM,16,12,4
08/21/2015 11:00:00 PM,16,11,5
08/22/2015 12:00:00 AM,11,2,9
08/22/2015 01:00:00 AM,6,1,5
08/22/2015 02:00:00 AM,0,0,0
08/22/2015 03:00:00 AM,3,1,2
08/22/2015 04:00:00 AM,0,0,0
08/22/2015 05:00:00 AM,4,1,3
08/22/2015 06:00:00 AM,3,1,2
08/22/2015 07:00:00 AM,5,2,3
08/22/2015 08:00:00 AM,15,5,10
08/22/2015 09:00:00 AM,25,7,18
08/22/2015 10:00:00 AM,24,12,12
08/22/2015 11:00:00 AM,21,8,13
08/22/2015 12:00:00 PM,30,21,9
08/22/2015 01:00:00 PM,36,16,20
08/22/2015 02:00:00 PM,31,10,21
08/22/2015 03:00:00 PM,24,9,15
08/22/2015 04:00:00 PM,34,15,19
08/22/2015 05:00:00 PM,24,10,14
08/22/2015 06:00:00 PM,29,11,18
08/22/2015 07:00:00 PM,30,12,18
08/22/2015 08:00:00 PM,11,5,6
08/22/2015 09:00:00 PM,12,6,6
08/22/2015 10:00:00 PM,12,5,7
08/22/2015 11:00:00 PM,14,6,8
08/23/2015 12:00:00 AM,4,1,3
08/23/2015 01:00:00 AM,3,0,3
08/23/2015 02:00:00 AM,3,1,2
08/23/2015 03:00:00 AM,1,0,1
08/23/2015 04:00:00 AM,0,0,0
08/23/2015 05:00:00 AM,1,1,0
08/23/2015 06:00:00 AM,2,0,2
08/23/2015 07:00:00 AM,8,2,6
08/23/2015 08:00:00 AM,11,3,8
08/23/2015 09:00:00 AM,26,9,17
08/23/2015 10:00:00 AM,23,10,13
08/23/2015 11:00:00 AM,23,12,11
08/23/2015 12:00:00 PM,31,8,23
08/23/2015 01:00:00 PM,25,9,16
08/23/2015 02:00:00 PM,25,6,19
08/23/2015 03:00:00 PM,21,3,18
08/23/2015 04:00:00 PM,38,18,20
08/23/2015 05:00:00 PM,26,11,15
08/23/2015 06:00:00 PM,22,12,10
08/23/2015 07:00:00 PM,23,12,11
08/23/2015 08:00:00 PM,22,3,19
08/23/2015 09:00:00 PM,9,2,7
08/23/2015 10:00:00 PM,9,1,8
08/23/2015 11:00:00 PM,4,2,2
08/24/2015 12:00:00 AM,3,1,2
08/24/2015 01:00:00 AM,0,0,0
08/24/2015 02:00:00 AM,3,0,3
08/24/2015 03:00:00 AM,0,0,0
08/24/2015 04:00:00 AM,0,0,0
08/24/2015 05:00:00 AM,16,10,6
08/24/2015 06:00:00 AM,41,14,27
08/24/2015 07:00:00 AM,96,40,56
08/24/2015 08:00:00 AM,169,50,119
08/24/2015 09:00:00 AM,88,34,54
08/24/2015 10:00:00 AM,26,10,16
08/24/2015 11:00:00 AM,54,21,33
08/24/2015 12:00:00 PM,30,11,19
08/24/2015 01:00:00 PM,44,21,23
08/24/2015 02:00:00 PM,58,23,35
08/24/2015 03:00:00 PM,74,22,52
08/24/2015 04:00:00 PM,140,49,91
08/24/2015 05:00:00 PM,206,63,143
08/24/2015 06:00:00 PM,111,40,71
08/24/2015 07:00:00 PM,45,20,25
08/24/2015 08:00:00 PM,22,6,16
08/24/2015 09:00:00 PM,16,6,10
08/24/2015 10:00:00 PM,12,5,7
08/24/2015 11:00:00 PM,12,9,3
08/25/2015 12:00:00 AM,5,0,5
08/25/2015 01:00:00 AM,4,0,4
08/25/2015 02:00:00 AM,2,1,1
08/25/2015 03:00:00 AM,1,0,1
08/25/2015 04:00:00 AM,1,1,0
08/25/2015 05:00:00 AM,11,5,6
08/25/2015 06:00:00 AM,43,17,26
08/25/2015 07:00:00 AM,124,48,76
08/25/2015 08:00:00 AM,186,53,133
08/25/2015 09:00:00 AM,88,31,57
08/25/2015 10:00:00 AM,44,9,35
08/25/2015 11:00:00 AM,43,17,26
08/25/2015 12:00:00 PM,45,19,26
08/25/2015 01:00:00 PM,45,21,24
08/25/2015 02:00:00 PM,52,18,34
08/25/2015 03:00:00 PM,74,19,55
08/25/2015 04:00:00 PM,152,48,104
08/25/2015 05:00:00 PM,223,70,153
08/25/2015 06:00:00 PM,112,42,70
08/25/2015 07:00:00 PM,60,17,43
08/25/2015 08:00:00 PM,26,10,16
08/25/2015 09:00:00 PM,20,9,11
08/25/2015 10:00:00 PM,17,8,9
08/25/2015 11:00:00 PM,11,4,7
08/26/2015 12:00:00 AM,3,0,3
08/26/2015 01:00:00 AM,2,0,2
08/26/2015 02:00:00 AM,0,0,0
08/26/2015 03:00:00 AM,0,0,0
08/26/2015 04:00:00 AM,0,0,0
08/26/2015 05:00:00 AM,13,6,7
08/26/2015 06:00:00 AM,49,22,27
08/26/2015 07:00:00 AM,96,29,67
08/26/2015 08:00:00 AM,186,56,130
08/26/2015 09:00:00 AM,87,35,52
08/26/2015 10:00:00 AM,53,21,32
08/26/2015 11:00:00 AM,36,9,27
08/26/2015 12:00:00 PM,52,14,38
08/26/2015 01:00:00 PM,42,21,21
08/26/2015 02:00:00 PM,58,25,33
08/26/2015 03:00:00 PM,62,15,47
08/26/2015 04:00:00 PM,125,39,86
08/26/2015 05:00:00 PM,198,71,127
08/26/2015 06:00:00 PM,101,37,64
08/26/2015 07:00:00 PM,47,21,26
08/26/2015 08:00:00 PM,29,9,20
08/26/2015 09:00:00 PM,16,5,11
08/26/2015 10:00:00 PM,11,2,9
08/26/2015 11:00:00 PM,9,4,5
08/27/2015 12:00:00 AM,3,1,2
08/27/2015 01:00:00 AM,1,1,0
08/27/2015 02:00:00 AM,0,0,0
08/27/2015 03:00:00 AM,0,0,0
08/27/2015 04:00:00 AM,1,1,0
08/27/2015 05:00:00 AM,10,5,5
08/27/2015 06:00:00 AM,47,15,32
08/27/2015 07:00:00 AM,99,39,60
08/27/2015 08:00:00 AM,157,44,113
08/27/2015 09:00:00 AM,105,41,64
08/27/2015 10:00:00 AM,37,11,26
08/27/2015 11:00:00 AM,31,13,18
08/27/2015 12:00:00 PM,53,27,26
08/27/2015 01:00:00 PM,47,19,28
08/27/2015 02:00:00 PM,40,17,23
08/27/2015 03:00:00 PM,74,25,49
08/27/2015 04:00:00 PM,132,35,97
08/27/2015 05:00:00 PM,197,59,138
08/27/2015 06:00:00 PM,104,46,58
08/27/2015 07:00:00 PM,45,22,23
08/27/2015 08:00:00 PM,36,14,22
08/27/2015 09:00:00 PM,16,3,13
08/27/2015 10:00:00 PM,7,4,3
08/27/2015 11:00:00 PM,3,2,1
08/28/2015 12:00:00 AM,5,0,5
08/28/2015 01:00:00 AM,2,0,2
08/28/2015 02:00:00 AM,0,0,0
08/28/2015 03:00:00 AM,0,0,0
08/28/2015 04:00:00 AM,0,0,0
08/28/2015 05:00:00 AM,6,2,4
08/28/2015 06:00:00 AM,31,13,18
08/28/2015 07:00:00 AM,60,28,32
08/28/2015 08:00:00 AM,99,26,73
08/28/2015 09:00:00 AM,66,32,34
08/28/2015 10:00:00 AM,46,15,31
08/28/2015 11:00:00 AM,34,15,19
08/28/2015 12:00:00 PM,32,14,18
08/28/2015 01:00:00 PM,26,12,14
08/28/2015 02:00:00 PM,47,12,35
08/28/2015 03:00:00 PM,81,29,52
08/28/2015 04:00:00 PM,113,45,68
08/28/2015 05:00:00 PM,124,47,77
08/28/2015 06:00:00 PM,71,31,40
08/28/2015 07:00:00 PM,19,8,11
08/28/2015 08:00:00 PM,11,3,8
08/28/2015 09:00:00 PM,12,4,8
08/28/2015 10:00:00 PM,8,5,3
08/28/2015 11:00:00 PM,10,4,6
08/29/2015 12:00:00 AM,6,1,5
08/29/2015 01:00:00 AM,4,1,3
08/29/2015 02:00:00 AM,3,0,3
08/29/2015 03:00:00 AM,0,0,0
08/29/2015 04:00:00 AM,1,0,1
08/29/2015 05:00:00 AM,3,2,1
08/29/2015 06:00:00 AM,2,1,1
08/29/2015 07:00:00 AM,5,2,3
08/29/2015 08:00:00 AM,6,2,4
08/29/2015 09:00:00 AM,8,3,5
08/29/2015 10:00:00 AM,12,5,7
08/29/2015 11:00:00 AM,11,3,8
08/29/2015 12:00:00 PM,13,3,10
08/29/2015 01:00:00 PM,14,6,8
08/29/2015 02:00:00 PM,14,8,6
08/29/2015 03:00:00 PM,18,6,12
08/29/2015 04:00:00 PM,24,10,14
08/29/2015 05:00:00 PM,15,5,10
08/29/2015 06:00:00 PM,13,3,10
08/29/2015 07:00:00 PM,6,3,3
08/29/2015 08:00:00 PM,5,1,4
08/29/2015 09:00:00 PM,2,1,1
08/29/2015 10:00:00 PM,5,3,2
08/29/2015 11:00:00 PM,1,0,1
08/30/2015 12:00:00 AM,3,0,3
08/30/2015 01:00:00 AM,1,0,1
08/30/2015 02:00:00 AM,1,0,1
08/30/2015 03:00:00 AM,1,0,1
08/30/2015 04:00:00 AM,0,0,0
08/30/2015 05:00:00 AM,2,0,2
08/30/2015 06:00:00 AM,2,2,0
08/30/2015 07:00:00 AM,1,0,1
08/30/2015 08:00:00 AM,8,1,7
08/30/2015 09:00:00 AM,1,1,0
08/30/2015 10:00:00 AM,21,7,14
08/30/2015 11:00:00 AM,24,3,21
08/30/2015 12:00:00 PM,41,4,37
08/30/2015 01:00:00 PM,72,3,69
08/30/2015 02:00:00 PM,28,6,22
08/30/2015 03:00:00 PM,20,11,9
08/30/2015 04:00:00 PM,56,46,10
08/30/2015 05:00:00 PM,11,5,6
08/30/2015 06:00:00 PM,11,8,3
08/30/2015 07:00:00 PM,10,2,8
08/30/2015 08:00:00 PM,8,1,7
08/30/2015 09:00:00 PM,8,4,4
08/30/2015 10:00:00 PM,4,2,2
08/30/2015 11:00:00 PM,6,0,6
08/31/2015 12:00:00 AM,4,2,2
08/31/2015 01:00:00 AM,2,0,2
08/31/2015 02:00:00 AM,1,1,0
08/31/2015 03:00:00 AM,0,0,0
08/31/2015 04:00:00 AM,2,0,2
08/31/2015 05:00:00 AM,10,5,5
08/31/2015 06:00:00 AM,31,13,18
08/31/2015 07:00:00 AM,76,32,44
08/31/2015 08:00:00 AM,122,46,76
08/31/2015 09:00:00 AM,64,21,43
08/31/2015 10:00:00 AM,20,11,9
08/31/2015 11:00:00 AM,28,9,19
08/31/2015 12:00:00 PM,48,16,32
08/31/2015 01:00:00 PM,31,11,20
08/31/2015 02:00:00 PM,31,11,20
08/31/2015 03:00:00 PM,52,15,37
08/31/2015 04:00:00 PM,96,29,67
08/31/2015 05:00:00 PM,143,37,106
08/31/2015 06:00:00 PM,86,28,58
08/31/2015 07:00:00 PM,34,10,24
08/31/2015 08:00:00 PM,12,7,5
08/31/2015 09:00:00 PM,15,8,7
08/31/2015 10:00:00 PM,9,3,6
08/31/2015 11:00:00 PM,11,1,10
09/01/2015 12:00:00 AM,4,0,4
09/01/2015 01:00:00 AM,0,0,0
09/01/2015 02:00:00 AM,1,1,0
09/01/2015 03:00:00 AM,0,0,0
09/01/2015 04:00:00 AM,1,0,1
09/01/2015 05:00:00 AM,12,3,9
09/01/2015 06:00:00 AM,36,10,26
09/01/2015 07:00:00 AM,76,21,55
09/01/2015 08:00:00 AM,133,42,91
09/01/2015 09:00:00 AM,63,22,41
09/01/2015 10:00:00 AM,36,14,22
09/01/2015 11:00:00 AM,29,12,17
09/01/2015 12:00:00 PM,34,15,19
09/01/2015 01:00:00 PM,35,16,19
09/01/2015 02:00:00 PM,33,9,24
09/01/2015 03:00:00 PM,56,18,38
09/01/2015 04:00:00 PM,93,30,63
09/01/2015 05:00:00 PM,156,57,99
09/01/2015 06:00:00 PM,75,30,45
09/01/2015 07:00:00 PM,25,10,15
09/01/2015 08:00:00 PM,20,9,11
09/01/2015 09:00:00 PM,10,3,7
09/01/2015 10:00:00 PM,10,5,5
09/01/2015 11:00:00 PM,5,1,4
09/02/2015 12:00:00 AM,4,1,3
09/02/2015 01:00:00 AM,0,0,0
09/02/2015 02:00:00 AM,1,1,0
09/02/2015 03:00:00 AM,0,0,0
09/02/2015 04:00:00 AM,1,0,1
09/02/2015 05:00:00 AM,10,3,7
09/02/2015 06:00:00 AM,41,22,19
09/02/2015 07:00:00 AM,90,22,68
09/02/2015 08:00:00 AM,145,52,93
09/02/2015 09:00:00 AM,76,26,50
09/02/2015 10:00:00 AM,40,11,29
09/02/2015 11:00:00 AM,32,12,20
09/02/2015 12:00:00 PM,36,22,14
09/02/2015 01:00:00 PM,44,17,27
09/02/2015 02:00:00 PM,45,18,27
09/02/2015 03:00:00 PM,64,22,42
09/02/2015 04:00:00 PM,121,36,85
09/02/2015 05:00:00 PM,192,57,135
09/02/2015 06:00:00 PM,91,35,56
09/02/2015 07:00:00 PM,41,10,31
09/02/2015 08:00:00 PM,23,6,17
09/02/2015 09:00:00 PM,5,4,1
09/02/2015 10:00:00 PM,16,7,9
09/02/2015 11:00:00 PM,4,1,3
09/03/2015 12:00:00 AM,4,0,4
09/03/2015 01:00:00 AM,0,0,0
09/03/2015 02:00:00 AM,2,1,1
09/03/2015 03:00:00 AM,1,0,1
09/03/2015 04:00:00 AM,0,0,0
09/03/2015 05:00:00 AM,10,4,6
09/03/2015 06:00:00 AM,40,17,23
09/03/2015 07:00:00 AM,77,34,43
09/03/2015 08:00:00 AM,121,39,82
09/03/2015 09:00:00 AM,68,26,42
09/03/2015 10:00:00 AM,37,13,24
09/03/2015 11:00:00 AM,35,15,20
09/03/2015 12:00:00 PM,39,20,19
09/03/2015 01:00:00 PM,45,12,33
09/03/2015 02:00:00 PM,43,12,31
09/03/2015 03:00:00 PM,69,29,40
09/03/2015 04:00:00 PM,129,43,86
09/03/2015 05:00:00 PM,195,51,144
09/03/2015 06:00:00 PM,140,35,105
09/03/2015 07:00:00 PM,58,21,37
09/03/2015 08:00:00 PM,33,13,20
09/03/2015 09:00:00 PM,19,4,15
09/03/2015 10:00:00 PM,24,13,11
09/03/2015 11:00:00 PM,9,6,3
09/04/2015 12:00:00 AM,8,5,3
09/04/2015 01:00:00 AM,1,1,0
09/04/2015 02:00:00 AM,1,1,0
09/04/2015 03:00:00 AM,2,0,2
09/04/2015 04:00:00 AM,1,0,1
09/04/2015 05:00:00 AM,6,3,3
09/04/2015 06:00:00 AM,31,19,12
09/04/2015 07:00:00 AM,59,19,40
09/04/2015 08:00:00 AM,106,39,67
09/04/2015 09:00:00 AM,80,30,50
09/04/2015 10:00:00 AM,45,13,32
09/04/2015 11:00:00 AM,33,10,23
09/04/2015 12:00:00 PM,38,17,21
09/04/2015 01:00:00 PM,53,15,38
09/04/2015 02:00:00 PM,57,17,40
09/04/2015 03:00:00 PM,75,27,48
09/04/2015 04:00:00 PM,115,32,83
09/04/2015 05:00:00 PM,127,51,76
09/04/2015 06:00:00 PM,63,27,36
09/04/2015 07:00:00 PM,29,12,17
09/04/2015 08:00:00 PM,22,7,15
09/04/2015 09:00:00 PM,11,2,9
09/04/2015 10:00:00 PM,8,4,4
09/04/2015 11:00:00 PM,3,0,3
09/05/2015 12:00:00 AM,6,2,4
09/05/2015 01:00:00 AM,2,0,2
09/05/2015 02:00:00 AM,0,0,0
09/05/2015 03:00:00 AM,2,1,1
09/05/2015 04:00:00 AM,0,0,0
09/05/2015 05:00:00 AM,1,1,0
09/05/2015 06:00:00 AM,7,0,7
09/05/2015 07:00:00 AM,4,3,1
09/05/2015 08:00:00 AM,18,1,17
09/05/2015 09:00:00 AM,16,5,11
09/05/2015 10:00:00 AM,20,10,10
09/05/2015 11:00:00 AM,21,6,15
09/05/2015 12:00:00 PM,29,7,22
09/05/2015 01:00:00 PM,47,25,22
09/05/2015 02:00:00 PM,30,12,18
09/05/2015 03:00:00 PM,23,8,15
09/05/2015 04:00:00 PM,24,11,13
09/05/2015 05:00:00 PM,17,7,10
09/05/2015 06:00:00 PM,15,4,11
09/05/2015 07:00:00 PM,13,3,10
09/05/2015 08:00:00 PM,3,1,2
09/05/2015 09:00:00 PM,18,13,5
09/05/2015 10:00:00 PM,5,2,3
09/05/2015 11:00:00 PM,3,0,3
09/06/2015 12:00:00 AM,8,6,2
09/06/2015 01:00:00 AM,2,0,2
09/06/2015 02:00:00 AM,2,0,2
09/06/2015 03:00:00 AM,0,0,0
09/06/2015 04:00:00 AM,1,0,1
09/06/2015 05:00:00 AM,0,0,0
09/06/2015 06:00:00 AM,2,1,1
09/06/2015 07:00:00 AM,5,1,4
09/06/2015 08:00:00 AM,3,1,2
09/06/2015 09:00:00 AM,4,1,3
09/06/2015 10:00:00 AM,5,2,3
09/06/2015 11:00:00 AM,8,2,6
09/06/2015 12:00:00 PM,20,6,14
09/06/2015 01:00:00 PM,12,3,9
09/06/2015 02:00:00 PM,22,11,11
09/06/2015 03:00:00 PM,17,7,10
09/06/2015 04:00:00 PM,16,7,9
09/06/2015 05:00:00 PM,22,4,18
09/06/2015 06:00:00 PM,6,3,3
09/06/2015 07:00:00 PM,7,4,3
09/06/2015 08:00:00 PM,6,3,3
09/06/2015 09:00:00 PM,6,2,4
09/06/2015 10:00:00 PM,7,4,3
09/06/2015 11:00:00 PM,4,3,1
09/07/2015 12:00:00 AM,2,0,2
09/07/2015 01:00:00 AM,2,0,2
09/07/2015 02:00:00 AM,3,2,1
09/07/2015 03:00:00 AM,0,0,0
09/07/2015 04:00:00 AM,2,0,2
09/07/2015 05:00:00 AM,0,0,0
09/07/2015 06:00:00 AM,3,2,1
09/07/2015 07:00:00 AM,8,1,7
09/07/2015 08:00:00 AM,11,4,7
09/07/2015 09:00:00 AM,15,6,9
09/07/2015 10:00:00 AM,14,3,11
09/07/2015 11:00:00 AM,15,3,12
09/07/2015 12:00:00 PM,40,12,28
09/07/2015 01:00:00 PM,28,11,17
09/07/2015 02:00:00 PM,36,19,17
09/07/2015 03:00:00 PM,48,15,33
09/07/2015 04:00:00 PM,27,10,17
09/07/2015 05:00:00 PM,34,17,17
09/07/2015 06:00:00 PM,17,6,11
09/07/2015 07:00:00 PM,22,12,10
09/07/2015 08:00:00 PM,10,5,5
09/07/2015 09:00:00 PM,13,3,10
09/07/2015 10:00:00 PM,8,3,5
09/07/2015 11:00:00 PM,2,0,2
09/08/2015 12:00:00 AM,4,0,4
09/08/2015 01:00:00 AM,1,0,1
09/08/2015 02:00:00 AM,3,1,2
09/08/2015 03:00:00 AM,1,0,1
09/08/2015 04:00:00 AM,0,0,0
09/08/2015 05:00:00 AM,11,7,4
09/08/2015 06:00:00 AM,40,13,27
09/08/2015 07:00:00 AM,94,34,60
09/08/2015 08:00:00 AM,168,56,112
09/08/2015 09:00:00 AM,83,31,52
09/08/2015 10:00:00 AM,42,9,33
09/08/2015 11:00:00 AM,33,12,21
09/08/2015 12:00:00 PM,35,16,19
09/08/2015 01:00:00 PM,32,11,21
09/08/2015 02:00:00 PM,46,25,21
09/08/2015 03:00:00 PM,66,19,47
09/08/2015 04:00:00 PM,139,39,100
09/08/2015 05:00:00 PM,173,54,119
09/08/2015 06:00:00 PM,100,49,51
09/08/2015 07:00:00 PM,58,16,42
09/08/2015 08:00:00 PM,23,9,14
09/08/2015 09:00:00 PM,10,5,5
09/08/2015 10:00:00 PM,6,2,4
09/08/2015 11:00:00 PM,4,2,2
09/09/2015 12:00:00 AM,10,1,9
09/09/2015 01:00:00 AM,1,0,1
09/09/2015 02:00:00 AM,1,1,0
09/09/2015 03:00:00 AM,1,0,1
09/09/2015 04:00:00 AM,2,1,1
09/09/2015 05:00:00 AM,9,7,2
09/09/2015 06:00:00 AM,42,19,23
09/09/2015 07:00:00 AM,96,32,64
09/09/2015 08:00:00 AM,157,47,110
09/09/2015 09:00:00 AM,86,40,46
09/09/2015 10:00:00 AM,45,21,24
09/09/2015 11:00:00 AM,30,12,18
09/09/2015 12:00:00 PM,55,19,36
09/09/2015 01:00:00 PM,34,12,22
09/09/2015 02:00:00 PM,50,17,33
09/09/2015 03:00:00 PM,74,26,48
09/09/2015 04:00:00 PM,121,31,90
09/09/2015 05:00:00 PM,219,73,146
09/09/2015 06:00:00 PM,115,39,76
09/09/2015 07:00:00 PM,46,17,29
09/09/2015 08:00:00 PM,30,9,21
09/09/2015 09:00:00 PM,14,4,10
09/09/2015 10:00:00 PM,11,7,4
09/09/2015 11:00:00 PM,7,1,6
09/10/2015 12:00:00 AM,3,1,2
09/10/2015 01:00:00 AM,1,1,0
09/10/2015 02:00:00 AM,2,1,1
09/10/2015 03:00:00 AM,0,0,0
09/10/2015 04:00:00 AM,1,0,1
09/10/2015 05:00:00 AM,12,7,5
09/10/2015 06:00:00 AM,36,13,23
09/10/2015 07:00:00 AM,96,31,65
09/10/2015 08:00:00 AM,142,45,97
09/10/2015 09:00:00 AM,94,43,51
09/10/2015 10:00:00 AM,44,21,23
09/10/2015 11:00:00 AM,45,10,35
09/10/2015 12:00:00 PM,72,29,43
09/10/2015 01:00:00 PM,48,28,20
09/10/2015 02:00:00 PM,45,22,23
09/10/2015 03:00:00 PM,85,30,55
09/10/2015 04:00:00 PM,120,41,79
09/10/2015 05:00:00 PM,211,58,153
09/10/2015 06:00:00 PM,106,40,66
09/10/2015 07:00:00 PM,40,14,26
09/10/2015 08:00:00 PM,32,14,18
09/10/2015 09:00:00 PM,19,7,12
09/10/2015 10:00:00 PM,9,3,6
09/10/2015 11:00:00 PM,4,0,4
09/11/2015 12:00:00 AM,6,0,6
09/11/2015 01:00:00 AM,1,0,1
09/11/2015 02:00:00 AM,3,1,2
09/11/2015 03:00:00 AM,4,0,4
09/11/2015 04:00:00 AM,0,0,0
09/11/2015 05:00:00 AM,7,4,3
09/11/2015 06:00:00 AM,33,17,16
09/11/2015 07:00:00 AM,96,30,66
09/11/2015 08:00:00 AM,141,48,93
09/11/2015 09:00:00 AM,68,18,50
09/11/2015 10:00:00 AM,46,21,25
09/11/2015 11:00:00 AM,35,10,25
09/11/2015 12:00:00 PM,50,25,25
09/11/2015 01:00:00 PM,55,23,32
09/11/2015 02:00:00 PM,67,25,42
09/11/2015 03:00:00 PM,71,22,49
09/11/2015 04:00:00 PM,127,44,83
09/11/2015 05:00:00 PM,167,53,114
09/11/2015 06:00:00 PM,86,28,58
09/11/2015 07:00:00 PM,39,17,22
09/11/2015 08:00:00 PM,21,6,15
09/11/2015 09:00:00 PM,7,2,5
09/11/2015 10:00:00 PM,16,9,7
09/11/2015 11:00:00 PM,13,10,3
09/12/2015 12:00:00 AM,8,3,5
09/12/2015 01:00:00 AM,1,1,0
09/12/2015 02:00:00 AM,1,0,1
09/12/2015 03:00:00 AM,3,1,2
09/12/2015 04:00:00 AM,1,0,1
09/12/2015 05:00:00 AM,1,1,0
09/12/2015 06:00:00 AM,3,1,2
09/12/2015 07:00:00 AM,9,4,5
09/12/2015 08:00:00 AM,16,5,11
09/12/2015 09:00:00 AM,24,8,16
09/12/2015 10:00:00 AM,30,7,23
09/12/2015 11:00:00 AM,26,7,19
09/12/2015 12:00:00 PM,44,14,30
09/12/2015 01:00:00 PM,47,20,27
09/12/2015 02:00:00 PM,41,10,31
09/12/2015 03:00:00 PM,33,16,17
09/12/2015 04:00:00 PM,30,16,14
09/12/2015 05:00:00 PM,41,19,22
09/12/2015 06:00:00 PM,28,6,22
09/12/2015 07:00:00 PM,22,9,13
09/12/2015 08:00:00 PM,18,9,9
09/12/2015 09:00:00 PM,28,12,16
09/12/2015 10:00:00 PM,22,11,11
09/12/2015 11:00:00 PM,15,6,9
09/13/2015 12:00:00 AM,7,5,2
09/13/2015 01:00:00 AM,3,0,3
09/13/2015 02:00:00 AM,4,0,4
09/13/2015 03:00:00 AM,2,1,1
09/13/2015 04:00:00 AM,0,0,0
09/13/2015 05:00:00 AM,3,1,2
09/13/2015 06:00:00 AM,2,0,2
09/13/2015 07:00:00 AM,4,2,2
09/13/2015 08:00:00 AM,8,5,3
09/13/2015 09:00:00 AM,22,6,16
09/13/2015 10:00:00 AM,11,3,8
09/13/2015 11:00:00 AM,11,7,4
09/13/2015 12:00:00 PM,6,3,3
09/13/2015 01:00:00 PM,10,3,7
09/13/2015 02:00:00 PM,15,7,8
09/13/2015 03:00:00 PM,15,5,10
09/13/2015 04:00:00 PM,11,3,8
09/13/2015 05:00:00 PM,18,7,11
09/13/2015 06:00:00 PM,16,4,12
09/13/2015 07:00:00 PM,16,6,10
09/13/2015 08:00:00 PM,4,0,4
09/13/2015 09:00:00 PM,10,2,8
09/13/2015 10:00:00 PM,6,4,2
09/13/2015 11:00:00 PM,5,1,4
09/14/2015 12:00:00 AM,2,1,1
09/14/2015 01:00:00 AM,2,2,0
09/14/2015 02:00:00 AM,1,1,0
09/14/2015 03:00:00 AM,1,1,0
09/14/2015 04:00:00 AM,2,0,2
09/14/2015 05:00:00 AM,13,7,6
09/14/2015 06:00:00 AM,40,16,24
09/14/2015 07:00:00 AM,90,35,55
09/14/2015 08:00:00 AM,131,47,84
09/14/2015 09:00:00 AM,79,28,51
09/14/2015 10:00:00 AM,25,8,17
09/14/2015 11:00:00 AM,30,13,17
09/14/2015 12:00:00 PM,38,10,28
09/14/2015 01:00:00 PM,30,13,17
09/14/2015 02:00:00 PM,44,19,25
09/14/2015 03:00:00 PM,69,22,47
09/14/2015 04:00:00 PM,95,20,75
09/14/2015 05:00:00 PM,185,54,131
09/14/2015 06:00:00 PM,94,38,56
09/14/2015 07:00:00 PM,32,9,23
09/14/2015 08:00:00 PM,15,7,8
09/14/2015 09:00:00 PM,11,2,9
09/14/2015 10:00:00 PM,12,8,4
09/14/2015 11:00:00 PM,2,1,1
09/15/2015 12:00:00 AM,2,0,2
09/15/2015 01:00:00 AM,5,4,1
09/15/2015 02:00:00 AM,3,1,2
09/15/2015 03:00:00 AM,4,0,4
09/15/2015 04:00:00 AM,0,0,0
09/15/2015 05:00:00 AM,7,4,3
09/15/2015 06:00:00 AM,33,13,20
09/15/2015 07:00:00 AM,86,27,59
09/15/2015 08:00:00 AM,150,44,106
09/15/2015 09:00:00 AM,97,35,62
09/15/2015 10:00:00 AM,37,15,22
09/15/2015 11:00:00 AM,24,10,14
09/15/2015 12:00:00 PM,49,18,31
09/15/2015 01:00:00 PM,21,12,9
09/15/2015 02:00:00 PM,40,13,27
09/15/2015 03:00:00 PM,68,15,53
09/15/2015 04:00:00 PM,109,34,75
09/15/2015 05:00:00 PM,194,63,131
09/15/2015 06:00:00 PM,108,38,70
09/15/2015 07:00:00 PM,37,15,22
09/15/2015 08:00:00 PM,15,8,7
09/15/2015 09:00:00 PM,15,5,10
09/15/2015 10:00:00 PM,5,1,4
09/15/2015 11:00:00 PM,5,2,3
09/16/2015 12:00:00 AM,3,1,2
09/16/2015 01:00:00 AM,1,1,0
09/16/2015 02:00:00 AM,2,2,0
09/16/2015 03:00:00 AM,2,1,1
09/16/2015 04:00:00 AM,2,1,1
09/16/2015 05:00:00 AM,9,5,4
09/16/2015 06:00:00 AM,39,16,23
09/16/2015 07:00:00 AM,77,35,42
09/16/2015 08:00:00 AM,149,53,96
09/16/2015 09:00:00 AM,86,32,54
09/16/2015 10:00:00 AM,41,21,20
09/16/2015 11:00:00 AM,34,6,28
09/16/2015 12:00:00 PM,39,17,22
09/16/2015 01:00:00 PM,52,24,28
09/16/2015 02:00:00 PM,46,18,28
09/16/2015 03:00:00 PM,61,13,48
09/16/2015 04:00:00 PM,129,37,92
09/16/2015 05:00:00 PM,188,58,130
09/16/2015 06:00:00 PM,90,32,58
09/16/2015 07:00:00 PM,42,13,29
09/16/2015 08:00:00 PM,18,7,11
09/16/2015 09:00:00 PM,12,4,8
09/16/2015 10:00:00 PM,13,8,5
09/16/2015 11:00:00 PM,5,4,1
09/17/2015 12:00:00 AM,3,2,1
09/17/2015 01:00:00 AM,1,1,0
09/17/2015 02:00:00 AM,1,1,0
09/17/2015 03:00:00 AM,1,0,1
09/17/2015 04:00:00 AM,1,0,1
09/17/2015 05:00:00 AM,10,5,5
09/17/2015 06:00:00 AM,24,8,16
09/17/2015 07:00:00 AM,67,26,41
09/17/2015 08:00:00 AM,128,40,88
09/17/2015 09:00:00 AM,70,30,40
09/17/2015 10:00:00 AM,46,19,27
09/17/2015 11:00:00 AM,36,6,30
09/17/2015 12:00:00 PM,28,9,19
09/17/2015 01:00:00 PM,33,17,16
09/17/2015 02:00:00 PM,32,15,17
09/17/2015 03:00:00 PM,51,19,32
09/17/2015 04:00:00 PM,71,23,48
09/17/2015 05:00:00 PM,135,47,88
09/17/2015 06:00:00 PM,65,13,52
09/17/2015 07:00:00 PM,22,10,12
09/17/2015 08:00:00 PM,14,4,10
09/17/2015 09:00:00 PM,13,3,10
09/17/2015 10:00:00 PM,3,1,2
09/17/2015 11:00:00 PM,5,2,3
09/18/2015 12:00:00 AM,6,4,2
09/18/2015 01:00:00 AM,1,1,0
09/18/2015 02:00:00 AM,1,0,1
09/18/2015 03:00:00 AM,0,0,0
09/18/2015 04:00:00 AM,0,0,0
09/18/2015 05:00:00 AM,3,1,2
09/18/2015 06:00:00 AM,26,13,13
09/18/2015 07:00:00 AM,85,31,54
09/18/2015 08:00:00 AM,128,38,90
09/18/2015 09:00:00 AM,59,27,32
09/18/2015 10:00:00 AM,29,11,18
09/18/2015 11:00:00 AM,24,12,12
09/18/2015 12:00:00 PM,45,15,30
09/18/2015 01:00:00 PM,51,18,33
09/18/2015 02:00:00 PM,55,22,33
09/18/2015 03:00:00 PM,66,23,43
09/18/2015 04:00:00 PM,102,28,74
09/18/2015 05:00:00 PM,133,37,96
09/18/2015 06:00:00 PM,63,18,45
09/18/2015 07:00:00 PM,31,13,18
09/18/2015 08:00:00 PM,9,5,4
09/18/2015 09:00:00 PM,8,2,6
09/18/2015 10:00:00 PM,4,1,3
09/18/2015 11:00:00 PM,4,1,3
09/19/2015 12:00:00 AM,7,0,7
09/19/2015 01:00:00 AM,3,1,2
09/19/2015 02:00:00 AM,0,0,0
09/19/2015 03:00:00 AM,0,0,0
09/19/2015 04:00:00 AM,0,0,0
09/19/2015 05:00:00 AM,4,1,3
09/19/2015 06:00:00 AM,7,4,3
09/19/2015 07:00:00 AM,9,2,7
09/19/2015 08:00:00 AM,20,5,15
09/19/2015 09:00:00 AM,15,4,11
09/19/2015 10:00:00 AM,21,7,14
09/19/2015 11:00:00 AM,27,13,14
09/19/2015 12:00:00 PM,20,5,15
09/19/2015 01:00:00 PM,45,18,27
09/19/2015 02:00:00 PM,15,6,9
09/19/2015 03:00:00 PM,23,8,15
09/19/2015 04:00:00 PM,25,8,17
09/19/2015 05:00:00 PM,19,4,15
09/19/2015 06:00:00 PM,23,10,13
09/19/2015 07:00:00 PM,21,11,10
09/19/2015 08:00:00 PM,8,6,2
09/19/2015 09:00:00 PM,1,1,0
09/19/2015 10:00:00 PM,12,2,10
09/19/2015 11:00:00 PM,5,1,4
09/20/2015 12:00:00 AM,6,1,5
09/20/2015 01:00:00 AM,4,0,4
09/20/2015 02:00:00 AM,2,0,2
09/20/2015 03:00:00 AM,1,0,1
09/20/2015 04:00:00 AM,1,0,1
09/20/2015 05:00:00 AM,1,0,1
09/20/2015 06:00:00 AM,3,1,2
09/20/2015 07:00:00 AM,2,1,1
09/20/2015 08:00:00 AM,9,3,6
09/20/2015 09:00:00 AM,10,6,4
09/20/2015 10:00:00 AM,15,6,9
09/20/2015 11:00:00 AM,13,6,7
09/20/2015 12:00:00 PM,14,7,7
09/20/2015 01:00:00 PM,27,8,19
09/20/2015 02:00:00 PM,19,7,12
09/20/2015 03:00:00 PM,31,15,16
09/20/2015 04:00:00 PM,12,7,5
09/20/2015 05:00:00 PM,16,6,10
09/20/2015 06:00:00 PM,17,8,9
09/20/2015 07:00:00 PM,13,3,10
09/20/2015 08:00:00 PM,7,4,3
09/20/2015 09:00:00 PM,5,1,4
09/20/2015 10:00:00 PM,4,3,1
09/20/2015 11:00:00 PM,3,1,2
09/21/2015 12:00:00 AM,1,1,0
09/21/2015 01:00:00 AM,3,1,2
09/21/2015 02:00:00 AM,1,0,1
09/21/2015 03:00:00 AM,1,0,1
09/21/2015 04:00:00 AM,0,0,0
09/21/2015 05:00:00 AM,25,17,8
09/21/2015 06:00:00 AM,38,16,22
09/21/2015 07:00:00 AM,86,27,59
09/21/2015 08:00:00 AM,155,48,107
09/21/2015 09:00:00 AM,88,38,50
09/21/2015 10:00:00 AM,32,10,22
09/21/2015 11:00:00 AM,33,15,18
09/21/2015 12:00:00 PM,27,16,11
09/21/2015 01:00:00 PM,32,9,23
09/21/2015 02:00:00 PM,40,11,29
09/21/2015 03:00:00 PM,53,14,39
09/21/2015 04:00:00 PM,118,40,78
09/21/2015 05:00:00 PM,208,58,150
09/21/2015 06:00:00 PM,124,43,81
09/21/2015 07:00:00 PM,38,20,18
09/21/2015 08:00:00 PM,25,10,15
09/21/2015 09:00:00 PM,10,3,7
09/21/2015 10:00:00 PM,13,7,6
09/21/2015 11:00:00 PM,3,1,2
09/22/2015 12:00:00 AM,4,0,4
09/22/2015 01:00:00 AM,1,0,1
09/22/2015 02:00:00 AM,2,0,2
09/22/2015 03:00:00 AM,0,0,0
09/22/2015 04:00:00 AM,0,0,0
09/22/2015 05:00:00 AM,14,9,5
09/22/2015 06:00:00 AM,34,13,21
09/22/2015 07:00:00 AM,125,39,86
09/22/2015 08:00:00 AM,199,54,145
09/22/2015 09:00:00 AM,101,29,72
09/22/2015 10:00:00 AM,36,13,23
09/22/2015 11:00:00 AM,36,14,22
09/22/2015 12:00:00 PM,32,13,19
09/22/2015 01:00:00 PM,42,25,17
09/22/2015 02:00:00 PM,53,16,37
09/22/2015 03:00:00 PM,74,22,52
09/22/2015 04:00:00 PM,131,35,96
09/22/2015 05:00:00 PM,220,67,153
09/22/2015 06:00:00 PM,135,61,74
09/22/2015 07:00:00 PM,43,24,19
09/22/2015 08:00:00 PM,25,7,18
09/22/2015 09:00:00 PM,10,1,9
09/22/2015 10:00:00 PM,13,5,8
09/22/2015 11:00:00 PM,7,1,6
09/23/2015 12:00:00 AM,5,0,5
09/23/2015 01:00:00 AM,2,1,1
09/23/2015 02:00:00 AM,3,1,2
09/23/2015 03:00:00 AM,1,1,0
09/23/2015 04:00:00 AM,1,0,1
09/23/2015 05:00:00 AM,13,3,10
09/23/2015 06:00:00 AM,44,19,25
09/23/2015 07:00:00 AM,101,35,66
09/23/2015 08:00:00 AM,177,54,123
09/23/2015 09:00:00 AM,97,36,61
09/23/2015 10:00:00 AM,44,17,27
09/23/2015 11:00:00 AM,42,20,22
09/23/2015 12:00:00 PM,37,14,23
09/23/2015 01:00:00 PM,47,23,24
09/23/2015 02:00:00 PM,41,23,18
09/23/2015 03:00:00 PM,79,22,57
09/23/2015 04:00:00 PM,134,33,101
09/23/2015 05:00:00 PM,265,79,186
09/23/2015 06:00:00 PM,170,44,126
09/23/2015 07:00:00 PM,60,22,38
09/23/2015 08:00:00 PM,20,6,14
09/23/2015 09:00:00 PM,52,42,10
09/23/2015 10:00:00 PM,17,11,6
09/23/2015 11:00:00 PM,6,1,5
09/24/2015 12:00:00 AM,4,1,3
09/24/2015 01:00:00 AM,3,0,3
09/24/2015 02:00:00 AM,4,2,2
09/24/2015 03:00:00 AM,2,0,2
09/24/2015 04:00:00 AM,1,0,1
09/24/2015 05:00:00 AM,7,2,5
09/24/2015 06:00:00 AM,44,24,20
09/24/2015 07:00:00 AM,99,37,62
09/24/2015 08:00:00 AM,153,52,101
09/24/2015 09:00:00 AM,103,40,63
09/24/2015 10:00:00 AM,31,10,21
09/24/2015 11:00:00 AM,45,15,30
09/24/2015 12:00:00 PM,43,14,29
09/24/2015 01:00:00 PM,46,16,30
09/24/2015 02:00:00 PM,51,23,28
09/24/2015 03:00:00 PM,61,19,42
09/24/2015 04:00:00 PM,153,43,110
09/24/2015 05:00:00 PM,222,70,152
09/24/2015 06:00:00 PM,95,37,58
09/24/2015 07:00:00 PM,33,6,27
09/24/2015 08:00:00 PM,22,7,15
09/24/2015 09:00:00 PM,14,5,9
09/24/2015 10:00:00 PM,10,4,6
09/24/2015 11:00:00 PM,13,6,7
09/25/2015 12:00:00 AM,5,3,2
09/25/2015 01:00:00 AM,1,0,1
09/25/2015 02:00:00 AM,1,1,0
09/25/2015 03:00:00 AM,0,0,0
09/25/2015 04:00:00 AM,0,0,0
09/25/2015 05:00:00 AM,2,1,1
09/25/2015 06:00:00 AM,26,12,14
09/25/2015 07:00:00 AM,55,23,32
09/25/2015 08:00:00 AM,100,36,64
09/25/2015 09:00:00 AM,60,29,31
09/25/2015 10:00:00 AM,25,7,18
09/25/2015 11:00:00 AM,26,10,16
09/25/2015 12:00:00 PM,41,17,24
09/25/2015 01:00:00 PM,29,8,21
09/25/2015 02:00:00 PM,35,6,29
09/25/2015 03:00:00 PM,62,21,41
09/25/2015 04:00:00 PM,86,29,57
09/25/2015 05:00:00 PM,122,37,85
09/25/2015 06:00:00 PM,75,21,54
09/25/2015 07:00:00 PM,26,13,13
09/25/2015 08:00:00 PM,12,4,8
09/25/2015 09:00:00 PM,8,3,5
09/25/2015 10:00:00 PM,13,5,8
09/25/2015 11:00:00 PM,3,2,1
09/26/2015 12:00:00 AM,8,2,6
09/26/2015 01:00:00 AM,2,1,1
09/26/2015 02:00:00 AM,2,1,1
09/26/2015 03:00:00 AM,2,1,1
09/26/2015 04:00:00 AM,0,0,0
09/26/2015 05:00:00 AM,0,0,0
09/26/2015 06:00:00 AM,10,2,8
09/26/2015 07:00:00 AM,8,4,4
09/26/2015 08:00:00 AM,19,4,15
09/26/2015 09:00:00 AM,17,8,9
09/26/2015 10:00:00 AM,26,8,18
09/26/2015 11:00:00 AM,27,9,18
09/26/2015 12:00:00 PM,19,7,12
09/26/2015 01:00:00 PM,36,14,22
09/26/2015 02:00:00 PM,31,7,24
09/26/2015 03:00:00 PM,34,14,20
09/26/2015 04:00:00 PM,16,7,9
09/26/2015 05:00:00 PM,26,8,18
09/26/2015 06:00:00 PM,23,7,16
09/26/2015 07:00:00 PM,14,7,7
09/26/2015 08:00:00 PM,5,2,3
09/26/2015 09:00:00 PM,9,1,8
09/26/2015 10:00:00 PM,14,3,11
09/26/2015 11:00:00 PM,13,5,8
09/27/2015 12:00:00 AM,9,3,6
09/27/2015 01:00:00 AM,4,1,3
09/27/2015 02:00:00 AM,1,0,1
09/27/2015 03:00:00 AM,3,1,2
09/27/2015 04:00:00 AM,0,0,0
09/27/2015 05:00:00 AM,1,0,1
09/27/2015 06:00:00 AM,4,1,3
09/27/2015 07:00:00 AM,4,1,3
09/27/2015 08:00:00 AM,12,5,7
09/27/2015 09:00:00 AM,18,3,15
09/27/2015 10:00:00 AM,33,13,20
09/27/2015 11:00:00 AM,34,11,23
09/27/2015 12:00:00 PM,31,8,23
09/27/2015 01:00:00 PM,41,17,24
09/27/2015 02:00:00 PM,36,11,25
09/27/2015 03:00:00 PM,18,7,11
09/27/2015 04:00:00 PM,34,19,15
09/27/2015 05:00:00 PM,27,18,9
09/27/2015 06:00:00 PM,27,12,15
09/27/2015 07:00:00 PM,13,7,6
09/27/2015 08:00:00 PM,16,8,8
09/27/2015 09:00:00 PM,8,3,5
09/27/2015 10:00:00 PM,6,1,5
09/27/2015 11:00:00 PM,4,2,2
09/28/2015 12:00:00 AM,5,2,3
09/28/2015 01:00:00 AM,1,1,0
09/28/2015 02:00:00 AM,0,0,0
09/28/2015 03:00:00 AM,0,0,0
09/28/2015 04:00:00 AM,2,1,1
09/28/2015 05:00:00 AM,9,4,5
09/28/2015 06:00:00 AM,43,20,23
09/28/2015 07:00:00 AM,90,35,55
09/28/2015 08:00:00 AM,157,53,104
09/28/2015 09:00:00 AM,81,22,59
09/28/2015 10:00:00 AM,29,13,16
09/28/2015 11:00:00 AM,30,12,18
09/28/2015 12:00:00 PM,45,19,26
09/28/2015 01:00:00 PM,22,8,14
09/28/2015 02:00:00 PM,38,13,25
09/28/2015 03:00:00 PM,52,16,36
09/28/2015 04:00:00 PM,122,27,95
09/28/2015 05:00:00 PM,208,74,134
09/28/2015 06:00:00 PM,120,43,77
09/28/2015 07:00:00 PM,38,11,27
09/28/2015 08:00:00 PM,10,4,6
09/28/2015 09:00:00 PM,9,3,6
09/28/2015 10:00:00 PM,13,10,3
09/28/2015 11:00:00 PM,6,4,2
09/29/2015 12:00:00 AM,4,1,3
09/29/2015 01:00:00 AM,1,0,1
09/29/2015 02:00:00 AM,1,1,0
09/29/2015 03:00:00 AM,0,0,0
09/29/2015 04:00:00 AM,1,0,1
09/29/2015 05:00:00 AM,5,5,0
09/29/2015 06:00:00 AM,38,14,24
09/29/2015 07:00:00 AM,98,39,59
09/29/2015 08:00:00 AM,182,55,127
09/29/2015 09:00:00 AM,93,40,53
09/29/2015 10:00:00 AM,46,19,27
09/29/2015 11:00:00 AM,41,13,28
09/29/2015 12:00:00 PM,35,13,22
09/29/2015 01:00:00 PM,40,13,27
09/29/2015 02:00:00 PM,30,6,24
09/29/2015 03:00:00 PM,58,21,37
09/29/2015 04:00:00 PM,136,43,93
09/29/2015 05:00:00 PM,248,100,148
09/29/2015 06:00:00 PM,117,37,80
09/29/2015 07:00:00 PM,45,14,31
09/29/2015 08:00:00 PM,18,7,11
09/29/2015 09:00:00 PM,12,4,8
09/29/2015 10:00:00 PM,14,8,6
09/29/2015 11:00:00 PM,3,0,3
09/30/2015 12:00:00 AM,5,1,4
09/30/2015 01:00:00 AM,0,0,0
09/30/2015 02:00:00 AM,1,1,0
09/30/2015 03:00:00 AM,1,1,0
09/30/2015 04:00:00 AM,1,0,1
09/30/2015 05:00:00 AM,11,6,5
09/30/2015 06:00:00 AM,45,28,17
09/30/2015 07:00:00 AM,86,44,42
09/30/2015 08:00:00 AM,166,53,113
09/30/2015 09:00:00 AM,82,32,50
09/30/2015 10:00:00 AM,57,19,38
09/30/2015 11:00:00 AM,37,15,22
09/30/2015 12:00:00 PM,37,18,19
09/30/2015 01:00:00 PM,47,18,29
09/30/2015 02:00:00 PM,37,13,24
09/30/2015 03:00:00 PM,51,11,40
09/30/2015 04:00:00 PM,109,19,90
09/30/2015 05:00:00 PM,206,62,144
09/30/2015 06:00:00 PM,119,38,81
09/30/2015 07:00:00 PM,37,11,26
09/30/2015 08:00:00 PM,29,11,18
09/30/2015 09:00:00 PM,9,3,6
09/30/2015 10:00:00 PM,8,5,3
09/30/2015 11:00:00 PM,8,2,6
10/01/2015 12:00:00 AM,6,3,3
10/01/2015 01:00:00 AM,1,0,1
10/01/2015 02:00:00 AM,1,1,0
10/01/2015 03:00:00 AM,0,0,0
10/01/2015 04:00:00 AM,1,0,1
10/01/2015 05:00:00 AM,9,4,5
10/01/2015 06:00:00 AM,42,23,19
10/01/2015 07:00:00 AM,92,35,57
10/01/2015 08:00:00 AM,140,38,102
10/01/2015 09:00:00 AM,74,30,44
10/01/2015 10:00:00 AM,46,15,31
10/01/2015 11:00:00 AM,30,12,18
10/01/2015 12:00:00 PM,50,27,23
10/01/2015 01:00:00 PM,39,14,25
10/01/2015 02:00:00 PM,44,19,25
10/01/2015 03:00:00 PM,78,19,59
10/01/2015 04:00:00 PM,126,36,90
10/01/2015 05:00:00 PM,201,54,147
10/01/2015 06:00:00 PM,111,37,74
10/01/2015 07:00:00 PM,41,12,29
10/01/2015 08:00:00 PM,23,7,16
10/01/2015 09:00:00 PM,18,6,12
10/01/2015 10:00:00 PM,11,5,6
10/01/2015 11:00:00 PM,4,2,2
10/02/2015 12:00:00 AM,5,1,4
10/02/2015 01:00:00 AM,5,2,3
10/02/2015 02:00:00 AM,2,1,1
10/02/2015 03:00:00 AM,2,0,2
10/02/2015 04:00:00 AM,1,0,1
10/02/2015 05:00:00 AM,6,4,2
10/02/2015 06:00:00 AM,38,20,18
10/02/2015 07:00:00 AM,62,31,31
10/02/2015 08:00:00 AM,111,39,72
10/02/2015 09:00:00 AM,69,29,40
10/02/2015 10:00:00 AM,40,16,24
10/02/2015 11:00:00 AM,27,10,17
10/02/2015 12:00:00 PM,39,19,20
10/02/2015 01:00:00 PM,32,7,25
10/02/2015 02:00:00 PM,51,16,35
10/02/2015 03:00:00 PM,67,24,43
10/02/2015 04:00:00 PM,114,25,89
10/02/2015 05:00:00 PM,149,39,110
10/02/2015 06:00:00 PM,77,30,47
10/02/2015 07:00:00 PM,33,14,19
10/02/2015 08:00:00 PM,14,8,6
10/02/2015 09:00:00 PM,12,3,9
10/02/2015 10:00:00 PM,10,7,3
10/02/2015 11:00:00 PM,5,1,4
10/03/2015 12:00:00 AM,7,3,4
10/03/2015 01:00:00 AM,1,0,1
10/03/2015 02:00:00 AM,0,0,0
10/03/2015 03:00:00 AM,1,1,0
10/03/2015 04:00:00 AM,1,1,0
10/03/2015 05:00:00 AM,0,0,0
10/03/2015 06:00:00 AM,4,1,3
10/03/2015 07:00:00 AM,4,1,3
10/03/2015 08:00:00 AM,18,9,9
10/03/2015 09:00:00 AM,10,3,7
10/03/2015 10:00:00 AM,8,2,6
10/03/2015 11:00:00 AM,19,7,12
10/03/2015 12:00:00 PM,17,6,11
10/03/2015 01:00:00 PM,28,10,18
10/03/2015 02:00:00 PM,30,5,25
10/03/2015 03:00:00 PM,34,16,18
10/03/2015 04:00:00 PM,33,8,25
10/03/2015 05:00:00 PM,23,6,17
10/03/2015 06:00:00 PM,11,2,9
10/03/2015 07:00:00 PM,22,6,16
10/03/2015 08:00:00 PM,6,1,5
10/03/2015 09:00:00 PM,16,5,11
10/03/2015 10:00:00 PM,15,8,7
10/03/2015 11:00:00 PM,5,2,3
10/04/2015 12:00:00 AM,11,5,6
10/04/2015 01:00:00 AM,1,0,1
10/04/2015 02:00:00 AM,2,0,2
10/04/2015 03:00:00 AM,2,0,2
10/04/2015 04:00:00 AM,0,0,0
10/04/2015 05:00:00 AM,3,1,2
10/04/2015 06:00:00 AM,2,1,1
10/04/2015 07:00:00 AM,7,5,2
10/04/2015 08:00:00 AM,6,1,5
10/04/2015 09:00:00 AM,14,7,7
10/04/2015 10:00:00 AM,20,5,15
10/04/2015 11:00:00 AM,34,6,28
10/04/2015 12:00:00 PM,28,7,21
10/04/2015 01:00:00 PM,24,6,18
10/04/2015 02:00:00 PM,33,9,24
10/04/2015 03:00:00 PM,38,16,22
10/04/2015 04:00:00 PM,56,16,40
10/04/2015 05:00:00 PM,54,9,45
10/04/2015 06:00:00 PM,43,5,38
10/04/2015 07:00:00 PM,17,3,14
10/04/2015 08:00:00 PM,46,41,5
10/04/2015 09:00:00 PM,25,20,5
10/04/2015 10:00:00 PM,6,4,2
10/04/2015 11:00:00 PM,7,4,3
10/05/2015 12:00:00 AM,2,1,1
10/05/2015 01:00:00 AM,1,0,1
10/05/2015 02:00:00 AM,1,0,1
10/05/2015 03:00:00 AM,0,0,0
10/05/2015 04:00:00 AM,0,0,0
10/05/2015 05:00:00 AM,14,9,5
10/05/2015 06:00:00 AM,38,19,19
10/05/2015 07:00:00 AM,96,36,60
10/05/2015 08:00:00 AM,154,63,91
10/05/2015 09:00:00 AM,73,25,48
10/05/2015 10:00:00 AM,39,19,20
10/05/2015 11:00:00 AM,45,10,35
10/05/2015 12:00:00 PM,29,14,15
10/05/2015 01:00:00 PM,41,14,27
10/05/2015 02:00:00 PM,63,17,46
10/05/2015 03:00:00 PM,93,25,68
10/05/2015 04:00:00 PM,176,44,132
10/05/2015 05:00:00 PM,216,85,131
10/05/2015 06:00:00 PM,79,31,48
10/05/2015 07:00:00 PM,26,10,16
10/05/2015 08:00:00 PM,38,26,12
10/05/2015 09:00:00 PM,25,10,15
10/05/2015 10:00:00 PM,7,3,4
10/05/2015 11:00:00 PM,6,2,4
10/06/2015 12:00:00 AM,2,1,1
10/06/2015 01:00:00 AM,0,0,0
10/06/2015 02:00:00 AM,1,1,0
10/06/2015 03:00:00 AM,0,0,0
10/06/2015 04:00:00 AM,6,2,4
10/06/2015 05:00:00 AM,17,9,8
10/06/2015 06:00:00 AM,49,18,31
10/06/2015 07:00:00 AM,101,40,61
10/06/2015 08:00:00 AM,167,47,120
10/06/2015 09:00:00 AM,81,24,57
10/06/2015 10:00:00 AM,37,18,19
10/06/2015 11:00:00 AM,37,11,26
10/06/2015 12:00:00 PM,38,15,23
10/06/2015 01:00:00 PM,46,12,34
10/06/2015 02:00:00 PM,50,19,31
10/06/2015 03:00:00 PM,69,21,48
10/06/2015 04:00:00 PM,128,37,91
10/06/2015 05:00:00 PM,214,64,150
10/06/2015 06:00:00 PM,94,37,57
10/06/2015 07:00:00 PM,39,15,24
10/06/2015 08:00:00 PM,17,8,9
10/06/2015 09:00:00 PM,10,2,8
10/06/2015 10:00:00 PM,9,2,7
10/06/2015 11:00:00 PM,2,2,0
10/07/2015 12:00:00 AM,2,0,2
10/07/2015 01:00:00 AM,1,0,1
10/07/2015 02:00:00 AM,2,2,0
10/07/2015 03:00:00 AM,0,0,0
10/07/2015 04:00:00 AM,0,0,0
10/07/2015 05:00:00 AM,10,9,1
10/07/2015 06:00:00 AM,33,16,17
10/07/2015 07:00:00 AM,62,20,42
10/07/2015 08:00:00 AM,91,34,57
10/07/2015 09:00:00 AM,51,21,30
10/07/2015 10:00:00 AM,30,14,16
10/07/2015 11:00:00 AM,23,10,13
10/07/2015 12:00:00 PM,21,10,11
10/07/2015 01:00:00 PM,23,8,15
10/07/2015 02:00:00 PM,23,10,13
10/07/2015 03:00:00 PM,45,11,34
10/07/2015 04:00:00 PM,78,19,59
10/07/2015 05:00:00 PM,136,41,95
10/07/2015 06:00:00 PM,66,29,37
10/07/2015 07:00:00 PM,18,5,13
10/07/2015 08:00:00 PM,5,0,5
10/07/2015 09:00:00 PM,8,3,5
10/07/2015 10:00:00 PM,4,3,1
10/07/2015 11:00:00 PM,4,1,3
10/08/2015 12:00:00 AM,5,1,4
10/08/2015 01:00:00 AM,1,0,1
10/08/2015 02:00:00 AM,1,1,0
10/08/2015 03:00:00 AM,0,0,0
10/08/2015 04:00:00 AM,0,0,0
10/08/2015 05:00:00 AM,10,7,3
10/08/2015 06:00:00 AM,36,21,15
10/08/2015 07:00:00 AM,73,29,44
10/08/2015 08:00:00 AM,131,41,90
10/08/2015 09:00:00 AM,95,41,54
10/08/2015 10:00:00 AM,35,10,25
10/08/2015 11:00:00 AM,42,16,26
10/08/2015 12:00:00 PM,34,12,22
10/08/2015 01:00:00 PM,45,15,30
10/08/2015 02:00:00 PM,48,17,31
10/08/2015 03:00:00 PM,64,20,44
10/08/2015 04:00:00 PM,106,40,66
10/08/2015 05:00:00 PM,181,62,119
10/08/2015 06:00:00 PM,78,32,46
10/08/2015 07:00:00 PM,32,12,20
10/08/2015 08:00:00 PM,24,6,18
10/08/2015 09:00:00 PM,13,3,10
10/08/2015 10:00:00 PM,9,4,5
10/08/2015 11:00:00 PM,8,6,2
10/09/2015 12:00:00 AM,5,3,2
10/09/2015 01:00:00 AM,1,1,0
10/09/2015 02:00:00 AM,1,1,0
10/09/2015 03:00:00 AM,1,1,0
10/09/2015 04:00:00 AM,0,0,0
10/09/2015 05:00:00 AM,9,6,3
10/09/2015 06:00:00 AM,32,19,13
10/09/2015 07:00:00 AM,49,17,32
10/09/2015 08:00:00 AM,136,44,92
10/09/2015 09:00:00 AM,74,32,42
10/09/2015 10:00:00 AM,41,12,29
10/09/2015 11:00:00 AM,35,14,21
10/09/2015 12:00:00 PM,41,16,25
10/09/2015 01:00:00 PM,35,9,26
10/09/2015 02:00:00 PM,55,26,29
10/09/2015 03:00:00 PM,57,17,40
10/09/2015 04:00:00 PM,116,33,83
10/09/2015 05:00:00 PM,139,45,94
10/09/2015 06:00:00 PM,60,16,44
10/09/2015 07:00:00 PM,31,14,17
10/09/2015 08:00:00 PM,13,9,4
10/09/2015 09:00:00 PM,9,2,7
10/09/2015 10:00:00 PM,7,4,3
10/09/2015 11:00:00 PM,7,2,5
10/10/2015 12:00:00 AM,8,1,7
10/10/2015 01:00:00 AM,3,1,2
10/10/2015 02:00:00 AM,2,1,1
10/10/2015 03:00:00 AM,1,1,0
10/10/2015 04:00:00 AM,1,0,1
10/10/2015 05:00:00 AM,0,0,0
10/10/2015 06:00:00 AM,4,2,2
10/10/2015 07:00:00 AM,2,1,1
10/10/2015 08:00:00 AM,10,3,7
10/10/2015 09:00:00 AM,5,4,1
10/10/2015 10:00:00 AM,6,0,6
10/10/2015 11:00:00 AM,4,2,2
10/10/2015 12:00:00 PM,13,6,7
10/10/2015 01:00:00 PM,10,2,8
10/10/2015 02:00:00 PM,14,5,9
10/10/2015 03:00:00 PM,4,1,3
10/10/2015 04:00:00 PM,9,6,3
10/10/2015 05:00:00 PM,11,3,8
10/10/2015 06:00:00 PM,7,3,4
10/10/2015 07:00:00 PM,5,3,2
10/10/2015 08:00:00 PM,6,2,4
10/10/2015 09:00:00 PM,8,2,6
10/10/2015 10:00:00 PM,6,2,4
10/10/2015 11:00:00 PM,6,0,6
10/11/2015 12:00:00 AM,5,1,4
10/11/2015 01:00:00 AM,1,0,1
10/11/2015 02:00:00 AM,0,0,0
10/11/2015 03:00:00 AM,1,0,1
10/11/2015 04:00:00 AM,0,0,0
10/11/2015 05:00:00 AM,0,0,0
10/11/2015 06:00:00 AM,2,1,1
10/11/2015 07:00:00 AM,1,0,1
10/11/2015 08:00:00 AM,4,2,2
10/11/2015 09:00:00 AM,9,2,7
10/11/2015 10:00:00 AM,6,2,4
10/11/2015 11:00:00 AM,23,9,14
10/11/2015 12:00:00 PM,13,3,10
10/11/2015 01:00:00 PM,21,13,8
10/11/2015 02:00:00 PM,31,11,20
10/11/2015 03:00:00 PM,34,5,29
10/11/2015 04:00:00 PM,33,13,20
10/11/2015 05:00:00 PM,15,6,9
10/11/2015 06:00:00 PM,15,5,10
10/11/2015 07:00:00 PM,6,3,3
10/11/2015 08:00:00 PM,12,7,5
10/11/2015 09:00:00 PM,9,3,6
10/11/2015 10:00:00 PM,8,3,5
10/11/2015 11:00:00 PM,5,4,1
10/12/2015 12:00:00 AM,1,0,1
10/12/2015 01:00:00 AM,0,0,0
10/12/2015 02:00:00 AM,1,0,1
10/12/2015 03:00:00 AM,0,0,0
10/12/2015 04:00:00 AM,3,1,2
10/12/2015 05:00:00 AM,11,7,4
10/12/2015 06:00:00 AM,43,21,22
10/12/2015 07:00:00 AM,81,31,50
10/12/2015 08:00:00 AM,152,51,101
10/12/2015 09:00:00 AM,64,26,38
10/12/2015 10:00:00 AM,35,14,21
10/12/2015 11:00:00 AM,23,8,15
10/12/2015 12:00:00 PM,37,14,23
10/12/2015 01:00:00 PM,23,11,12
10/12/2015 02:00:00 PM,37,12,25
10/12/2015 03:00:00 PM,47,16,31
10/12/2015 04:00:00 PM,121,39,82
10/12/2015 05:00:00 PM,212,55,157
10/12/2015 06:00:00 PM,64,23,41
10/12/2015 07:00:00 PM,29,14,15
10/12/2015 08:00:00 PM,14,5,9
10/12/2015 09:00:00 PM,8,3,5
10/12/2015 10:00:00 PM,10,5,5
10/12/2015 11:00:00 PM,2,2,0
10/13/2015 12:00:00 AM,3,0,3
10/13/2015 01:00:00 AM,1,0,1
10/13/2015 02:00:00 AM,3,2,1
10/13/2015 03:00:00 AM,0,0,0
10/13/2015 04:00:00 AM,0,0,0
10/13/2015 05:00:00 AM,10,6,4
10/13/2015 06:00:00 AM,41,21,20
10/13/2015 07:00:00 AM,88,27,61
10/13/2015 08:00:00 AM,142,45,97
10/13/2015 09:00:00 AM,70,31,39
10/13/2015 10:00:00 AM,35,15,20
10/13/2015 11:00:00 AM,32,15,17
10/13/2015 12:00:00 PM,32,14,18
10/13/2015 01:00:00 PM,32,13,19
10/13/2015 02:00:00 PM,44,15,29
10/13/2015 03:00:00 PM,72,23,49
10/13/2015 04:00:00 PM,110,39,71
10/13/2015 05:00:00 PM,184,51,133
10/13/2015 06:00:00 PM,93,36,57
10/13/2015 07:00:00 PM,21,9,12
10/13/2015 08:00:00 PM,18,10,8
10/13/2015 09:00:00 PM,10,2,8
10/13/2015 10:00:00 PM,7,5,2
10/13/2015 11:00:00 PM,3,1,2
10/14/2015 12:00:00 AM,4,0,4
10/14/2015 01:00:00 AM,1,0,1
10/14/2015 02:00:00 AM,2,1,1
10/14/2015 03:00:00 AM,1,0,1
10/14/2015 04:00:00 AM,1,0,1
10/14/2015 05:00:00 AM,14,9,5
10/14/2015 06:00:00 AM,42,22,20
10/14/2015 07:00:00 AM,91,30,61
10/14/2015 08:00:00 AM,150,53,97
10/14/2015 09:00:00 AM,85,37,48
10/14/2015 10:00:00 AM,31,14,17
10/14/2015 11:00:00 AM,38,12,26
10/14/2015 12:00:00 PM,33,19,14
10/14/2015 01:00:00 PM,38,13,25
10/14/2015 02:00:00 PM,39,10,29
10/14/2015 03:00:00 PM,56,11,45
10/14/2015 04:00:00 PM,114,31,83
10/14/2015 05:00:00 PM,208,52,156
10/14/2015 06:00:00 PM,116,40,76
10/14/2015 07:00:00 PM,33,13,20
10/14/2015 08:00:00 PM,16,9,7
10/14/2015 09:00:00 PM,15,5,10
10/14/2015 10:00:00 PM,3,1,2
10/14/2015 11:00:00 PM,4,2,2
10/15/2015 12:00:00 AM,4,2,2
10/15/2015 01:00:00 AM,1,0,1
10/15/2015 02:00:00 AM,1,1,0
10/15/2015 03:00:00 AM,0,0,0
10/15/2015 04:00:00 AM,0,0,0
10/15/2015 05:00:00 AM,10,4,6
10/15/2015 06:00:00 AM,33,16,17
10/15/2015 07:00:00 AM,82,21,61
10/15/2015 08:00:00 AM,135,46,89
10/15/2015 09:00:00 AM,77,29,48
10/15/2015 10:00:00 AM,46,12,34
10/15/2015 11:00:00 AM,34,18,16
10/15/2015 12:00:00 PM,42,17,25
10/15/2015 01:00:00 PM,40,11,29
10/15/2015 02:00:00 PM,43,18,25
10/15/2015 03:00:00 PM,69,17,52
10/15/2015 04:00:00 PM,118,28,90
10/15/2015 05:00:00 PM,182,61,121
10/15/2015 06:00:00 PM,86,30,56
10/15/2015 07:00:00 PM,38,15,23
10/15/2015 08:00:00 PM,19,7,12
10/15/2015 09:00:00 PM,5,2,3
10/15/2015 10:00:00 PM,10,3,7
10/15/2015 11:00:00 PM,2,1,1
10/16/2015 12:00:00 AM,1,0,1
10/16/2015 01:00:00 AM,1,1,0
10/16/2015 02:00:00 AM,1,1,0
10/16/2015 03:00:00 AM,1,0,1
10/16/2015 04:00:00 AM,1,1,0
10/16/2015 05:00:00 AM,6,3,3
10/16/2015 06:00:00 AM,27,18,9
10/16/2015 07:00:00 AM,65,18,47
10/16/2015 08:00:00 AM,124,44,80
10/16/2015 09:00:00 AM,61,27,34
10/16/2015 10:00:00 AM,43,15,28
10/16/2015 11:00:00 AM,32,8,24
10/16/2015 12:00:00 PM,40,18,22
10/16/2015 01:00:00 PM,35,14,21
10/16/2015 02:00:00 PM,60,19,41
10/16/2015 03:00:00 PM,64,25,39
10/16/2015 04:00:00 PM,120,43,77
10/16/2015 05:00:00 PM,153,49,104
10/16/2015 06:00:00 PM,86,35,51
10/16/2015 07:00:00 PM,29,12,17
10/16/2015 08:00:00 PM,12,3,9
10/16/2015 09:00:00 PM,11,5,6
10/16/2015 10:00:00 PM,8,4,4
10/16/2015 11:00:00 PM,10,3,7
10/17/2015 12:00:00 AM,4,0,4
10/17/2015 01:00:00 AM,4,2,2
10/17/2015 02:00:00 AM,0,0,0
10/17/2015 03:00:00 AM,1,0,1
10/17/2015 04:00:00 AM,3,0,3
10/17/2015 05:00:00 AM,2,0,2
10/17/2015 06:00:00 AM,8,6,2
10/17/2015 07:00:00 AM,3,1,2
10/17/2015 08:00:00 AM,12,4,8
10/17/2015 09:00:00 AM,12,1,11
10/17/2015 10:00:00 AM,15,1,14
10/17/2015 11:00:00 AM,12,4,8
10/17/2015 12:00:00 PM,27,3,24
10/17/2015 01:00:00 PM,19,9,10
10/17/2015 02:00:00 PM,13,4,9
10/17/2015 03:00:00 PM,22,7,15
10/17/2015 04:00:00 PM,25,11,14
10/17/2015 05:00:00 PM,14,6,8
10/17/2015 06:00:00 PM,16,5,11
10/17/2015 07:00:00 PM,10,3,7
10/17/2015 08:00:00 PM,6,3,3
10/17/2015 09:00:00 PM,5,4,1
10/17/2015 10:00:00 PM,6,1,5
10/17/2015 11:00:00 PM,5,1,4
10/18/2015 12:00:00 AM,9,3,6
10/18/2015 01:00:00 AM,3,1,2
10/18/2015 02:00:00 AM,1,0,1
10/18/2015 03:00:00 AM,1,1,0
10/18/2015 04:00:00 AM,2,1,1
10/18/2015 05:00:00 AM,2,1,1
10/18/2015 06:00:00 AM,3,2,1
10/18/2015 07:00:00 AM,3,1,2
10/18/2015 08:00:00 AM,9,1,8
10/18/2015 09:00:00 AM,11,0,11
10/18/2015 10:00:00 AM,17,3,14
10/18/2015 11:00:00 AM,16,5,11
10/18/2015 12:00:00 PM,18,4,14
10/18/2015 01:00:00 PM,16,5,11
10/18/2015 02:00:00 PM,8,5,3
10/18/2015 03:00:00 PM,15,3,12
10/18/2015 04:00:00 PM,12,7,5
10/18/2015 05:00:00 PM,17,9,8
10/18/2015 06:00:00 PM,20,9,11
10/18/2015 07:00:00 PM,10,4,6
10/18/2015 08:00:00 PM,4,1,3
10/18/2015 09:00:00 PM,8,2,6
10/18/2015 10:00:00 PM,1,0,1
10/18/2015 11:00:00 PM,1,1,0
10/19/2015 12:00:00 AM,4,2,2
10/19/2015 01:00:00 AM,1,1,0
10/19/2015 02:00:00 AM,2,1,1
10/19/2015 03:00:00 AM,1,0,1
10/19/2015 04:00:00 AM,0,0,0
10/19/2015 05:00:00 AM,15,6,9
10/19/2015 06:00:00 AM,31,15,16
10/19/2015 07:00:00 AM,57,19,38
10/19/2015 08:00:00 AM,120,41,79
10/19/2015 09:00:00 AM,78,33,45
10/19/2015 10:00:00 AM,25,7,18
10/19/2015 11:00:00 AM,28,12,16
10/19/2015 12:00:00 PM,30,12,18
10/19/2015 01:00:00 PM,36,17,19
10/19/2015 02:00:00 PM,33,10,23
10/19/2015 03:00:00 PM,40,12,28
10/19/2015 04:00:00 PM,121,34,87
10/19/2015 05:00:00 PM,160,50,110
10/19/2015 06:00:00 PM,69,28,41
10/19/2015 07:00:00 PM,22,9,13
10/19/2015 08:00:00 PM,7,3,4
10/19/2015 09:00:00 PM,13,3,10
10/19/2015 10:00:00 PM,6,3,3
10/19/2015 11:00:00 PM,7,3,4
10/20/2015 12:00:00 AM,1,0,1
10/20/2015 01:00:00 AM,1,0,1
10/20/2015 02:00:00 AM,4,2,2
10/20/2015 03:00:00 AM,1,0,1
10/20/2015 04:00:00 AM,1,1,0
10/20/2015 05:00:00 AM,9,6,3
10/20/2015 06:00:00 AM,42,18,24
10/20/2015 07:00:00 AM,71,26,45
10/20/2015 08:00:00 AM,163,53,110
10/20/2015 09:00:00 AM,92,39,53
10/20/2015 10:00:00 AM,45,11,34
10/20/2015 11:00:00 AM,33,11,22
10/20/2015 12:00:00 PM,31,17,14
10/20/2015 01:00:00 PM,39,11,28
10/20/2015 02:00:00 PM,39,14,25
10/20/2015 03:00:00 PM,66,19,47
10/20/2015 04:00:00 PM,109,31,78
10/20/2015 05:00:00 PM,184,53,131
10/20/2015 06:00:00 PM,104,47,57
10/20/2015 07:00:00 PM,34,16,18
10/20/2015 08:00:00 PM,19,9,10
10/20/2015 09:00:00 PM,8,6,2
10/20/2015 10:00:00 PM,9,3,6
10/20/2015 11:00:00 PM,4,1,3
10/21/2015 12:00:00 AM,5,1,4
10/21/2015 01:00:00 AM,2,0,2
10/21/2015 02:00:00 AM,2,2,0
10/21/2015 03:00:00 AM,1,0,1
10/21/2015 04:00:00 AM,1,1,0
10/21/2015 05:00:00 AM,12,6,6
10/21/2015 06:00:00 AM,33,15,18
10/21/2015 07:00:00 AM,79,29,50
10/21/2015 08:00:00 AM,155,54,101
10/21/2015 09:00:00 AM,92,38,54
10/21/2015 10:00:00 AM,34,11,23
10/21/2015 11:00:00 AM,29,15,14
10/21/2015 12:00:00 PM,25,7,18
10/21/2015 01:00:00 PM,46,13,33
10/21/2015 02:00:00 PM,43,18,25
10/21/2015 03:00:00 PM,50,19,31
10/21/2015 04:00:00 PM,111,27,84
10/21/2015 05:00:00 PM,210,80,130
10/21/2015 06:00:00 PM,107,25,82
10/21/2015 07:00:00 PM,42,16,26
10/21/2015 08:00:00 PM,13,8,5
10/21/2015 09:00:00 PM,20,14,6
10/21/2015 10:00:00 PM,8,5,3
10/21/2015 11:00:00 PM,4,3,1
10/22/2015 12:00:00 AM,4,1,3
10/22/2015 01:00:00 AM,1,1,0
10/22/2015 02:00:00 AM,3,2,1
10/22/2015 03:00:00 AM,1,0,1
10/22/2015 04:00:00 AM,1,1,0
10/22/2015 05:00:00 AM,8,5,3
10/22/2015 06:00:00 AM,29,16,13
10/22/2015 07:00:00 AM,82,29,53
10/22/2015 08:00:00 AM,150,42,108
10/22/2015 09:00:00 AM,70,23,47
10/22/2015 10:00:00 AM,34,16,18
10/22/2015 11:00:00 AM,38,13,25
10/22/2015 12:00:00 PM,34,14,20
10/22/2015 01:00:00 PM,45,18,27
10/22/2015 02:00:00 PM,42,15,27
10/22/2015 03:00:00 PM,39,14,25
10/22/2015 04:00:00 PM,122,37,85
10/22/2015 05:00:00 PM,175,61,114
10/22/2015 06:00:00 PM,76,25,51
10/22/2015 07:00:00 PM,29,11,18
10/22/2015 08:00:00 PM,19,7,12
10/22/2015 09:00:00 PM,13,1,12
10/22/2015 10:00:00 PM,11,2,9
10/22/2015 11:00:00 PM,5,4,1
10/23/2015 12:00:00 AM,6,2,4
10/23/2015 01:00:00 AM,1,0,1
10/23/2015 02:00:00 AM,2,1,1
10/23/2015 03:00:00 AM,0,0,0
10/23/2015 04:00:00 AM,2,2,0
10/23/2015 05:00:00 AM,5,3,2
10/23/2015 06:00:00 AM,32,17,15
10/23/2015 07:00:00 AM,51,20,31
10/23/2015 08:00:00 AM,130,39,91
10/23/2015 09:00:00 AM,63,25,38
10/23/2015 10:00:00 AM,37,11,26
10/23/2015 11:00:00 AM,38,18,20
10/23/2015 12:00:00 PM,32,16,16
10/23/2015 01:00:00 PM,59,24,35
10/23/2015 02:00:00 PM,38,11,27
10/23/2015 03:00:00 PM,68,19,49
10/23/2015 04:00:00 PM,98,26,72
10/23/2015 05:00:00 PM,138,41,97
10/23/2015 06:00:00 PM,69,23,46
10/23/2015 07:00:00 PM,22,10,12
10/23/2015 08:00:00 PM,12,4,8
10/23/2015 09:00:00 PM,9,6,3
10/23/2015 10:00:00 PM,13,2,11
10/23/2015 11:00:00 PM,6,3,3
10/24/2015 12:00:00 AM,5,1,4
10/24/2015 01:00:00 AM,5,3,2
10/24/2015 02:00:00 AM,1,0,1
10/24/2015 03:00:00 AM,1,0,1
10/24/2015 04:00:00 AM,0,0,0
10/24/2015 05:00:00 AM,1,0,1
10/24/2015 06:00:00 AM,8,3,5
10/24/2015 07:00:00 AM,10,5,5
10/24/2015 08:00:00 AM,13,3,10
10/24/2015 09:00:00 AM,14,4,10
10/24/2015 10:00:00 AM,18,7,11
10/24/2015 11:00:00 AM,13,5,8
10/24/2015 12:00:00 PM,13,7,6
10/24/2015 01:00:00 PM,27,12,15
10/24/2015 02:00:00 PM,16,4,12
10/24/2015 03:00:00 PM,23,10,13
10/24/2015 04:00:00 PM,24,9,15
10/24/2015 05:00:00 PM,12,4,8
10/24/2015 06:00:00 PM,17,5,12
10/24/2015 07:00:00 PM,11,3,8
10/24/2015 08:00:00 PM,9,1,8
10/24/2015 09:00:00 PM,6,3,3
10/24/2015 10:00:00 PM,17,12,5
10/24/2015 11:00:00 PM,4,3,1
10/25/2015 12:00:00 AM,7,3,4
10/25/2015 01:00:00 AM,2,1,1
10/25/2015 02:00:00 AM,0,0,0
10/25/2015 03:00:00 AM,0,0,0
10/25/2015 04:00:00 AM,1,1,0
10/25/2015 05:00:00 AM,1,0,1
10/25/2015 06:00:00 AM,4,2,2
10/25/2015 07:00:00 AM,7,1,6
10/25/2015 08:00:00 AM,6,3,3
10/25/2015 09:00:00 AM,10,3,7
10/25/2015 10:00:00 AM,16,9,7
10/25/2015 11:00:00 AM,14,2,12
10/25/2015 12:00:00 PM,17,8,9
10/25/2015 01:00:00 PM,20,5,15
10/25/2015 02:00:00 PM,34,7,27
10/25/2015 03:00:00 PM,30,9,21
10/25/2015 04:00:00 PM,23,3,20
10/25/2015 05:00:00 PM,9,2,7
10/25/2015 06:00:00 PM,26,22,4
10/25/2015 07:00:00 PM,13,7,6
10/25/2015 08:00:00 PM,8,2,6
10/25/2015 09:00:00 PM,4,1,3
10/25/2015 10:00:00 PM,4,1,3
10/25/2015 11:00:00 PM,3,1,2
10/26/2015 12:00:00 AM,3,1,2
10/26/2015 01:00:00 AM,1,0,1
10/26/2015 02:00:00 AM,2,0,2
10/26/2015 03:00:00 AM,0,0,0
10/26/2015 04:00:00 AM,1,1,0
10/26/2015 05:00:00 AM,8,2,6
10/26/2015 06:00:00 AM,24,13,11
10/26/2015 07:00:00 AM,51,20,31
10/26/2015 08:00:00 AM,102,27,75
10/26/2015 09:00:00 AM,61,25,36
10/26/2015 10:00:00 AM,30,13,17
10/26/2015 11:00:00 AM,23,7,16
10/26/2015 12:00:00 PM,18,9,9
10/26/2015 01:00:00 PM,26,8,18
10/26/2015 02:00:00 PM,27,12,15
10/26/2015 03:00:00 PM,33,13,20
10/26/2015 04:00:00 PM,91,25,66
10/26/2015 05:00:00 PM,138,47,91
10/26/2015 06:00:00 PM,53,23,30
10/26/2015 07:00:00 PM,25,12,13
10/26/2015 08:00:00 PM,11,2,9
10/26/2015 09:00:00 PM,6,0,6
10/26/2015 10:00:00 PM,5,3,2
10/26/2015 11:00:00 PM,5,2,3
10/27/2015 12:00:00 AM,3,2,1
10/27/2015 01:00:00 AM,0,0,0
10/27/2015 02:00:00 AM,3,2,1
10/27/2015 03:00:00 AM,1,1,0
10/27/2015 04:00:00 AM,1,1,0
10/27/2015 05:00:00 AM,10,6,4
10/27/2015 06:00:00 AM,38,16,22
10/27/2015 07:00:00 AM,72,27,45
10/27/2015 08:00:00 AM,154,48,106
10/27/2015 09:00:00 AM,101,37,64
10/27/2015 10:00:00 AM,31,7,24
10/27/2015 11:00:00 AM,37,15,22
10/27/2015 12:00:00 PM,30,6,24
10/27/2015 01:00:00 PM,36,17,19
10/27/2015 02:00:00 PM,42,16,26
10/27/2015 03:00:00 PM,38,12,26
10/27/2015 04:00:00 PM,113,39,74
10/27/2015 05:00:00 PM,213,70,143
10/27/2015 06:00:00 PM,86,36,50
10/27/2015 07:00:00 PM,35,7,28
10/27/2015 08:00:00 PM,18,6,12
10/27/2015 09:00:00 PM,10,5,5
10/27/2015 10:00:00 PM,8,2,6
10/27/2015 11:00:00 PM,11,7,4
10/28/2015 12:00:00 AM,5,1,4
10/28/2015 01:00:00 AM,1,1,0
10/28/2015 02:00:00 AM,2,1,1
10/28/2015 03:00:00 AM,2,0,2
10/28/2015 04:00:00 AM,2,1,1
10/28/2015 05:00:00 AM,6,3,3
10/28/2015 06:00:00 AM,31,17,14
10/28/2015 07:00:00 AM,56,17,39
10/28/2015 08:00:00 AM,128,36,92
10/28/2015 09:00:00 AM,64,21,43
10/28/2015 10:00:00 AM,33,14,19
10/28/2015 11:00:00 AM,19,9,10
10/28/2015 12:00:00 PM,33,15,18
10/28/2015 01:00:00 PM,28,11,17
10/28/2015 02:00:00 PM,34,10,24
10/28/2015 03:00:00 PM,46,16,30
10/28/2015 04:00:00 PM,89,23,66
10/28/2015 05:00:00 PM,164,51,113
10/28/2015 06:00:00 PM,86,27,59
10/28/2015 07:00:00 PM,31,9,22
10/28/2015 08:00:00 PM,11,3,8
10/28/2015 09:00:00 PM,27,22,5
10/28/2015 10:00:00 PM,10,5,5
10/28/2015 11:00:00 PM,5,2,3
10/29/2015 12:00:00 AM,4,2,2
10/29/2015 01:00:00 AM,3,3,0
10/29/2015 02:00:00 AM,3,0,3
10/29/2015 03:00:00 AM,0,0,0
10/29/2015 04:00:00 AM,2,2,0
10/29/2015 05:00:00 AM,8,3,5
10/29/2015 06:00:00 AM,31,18,13
10/29/2015 07:00:00 AM,70,27,43
10/29/2015 08:00:00 AM,129,40,89
10/29/2015 09:00:00 AM,76,20,56
10/29/2015 10:00:00 AM,46,17,29
10/29/2015 11:00:00 AM,28,7,21
10/29/2015 12:00:00 PM,37,15,22
10/29/2015 01:00:00 PM,31,10,21
10/29/2015 02:00:00 PM,26,10,16
10/29/2015 03:00:00 PM,59,22,37
10/29/2015 04:00:00 PM,85,22,63
10/29/2015 05:00:00 PM,165,62,103
10/29/2015 06:00:00 PM,82,38,44
10/29/2015 07:00:00 PM,33,12,21
10/29/2015 08:00:00 PM,5,1,4
10/29/2015 09:00:00 PM,8,2,6
10/29/2015 10:00:00 PM,9,3,6
10/29/2015 11:00:00 PM,4,2,2
10/30/2015 12:00:00 AM,5,2,3
10/30/2015 01:00:00 AM,1,0,1
10/30/2015 02:00:00 AM,1,1,0
10/30/2015 03:00:00 AM,0,0,0
10/30/2015 04:00:00 AM,0,0,0
10/30/2015 05:00:00 AM,4,1,3
10/30/2015 06:00:00 AM,21,10,11
10/30/2015 07:00:00 AM,37,13,24
10/30/2015 08:00:00 AM,77,23,54
10/30/2015 09:00:00 AM,51,22,29
10/30/2015 10:00:00 AM,40,13,27
10/30/2015 11:00:00 AM,32,14,18
10/30/2015 12:00:00 PM,37,20,17
10/30/2015 01:00:00 PM,28,10,18
10/30/2015 02:00:00 PM,31,18,13
10/30/2015 03:00:00 PM,52,15,37
10/30/2015 04:00:00 PM,79,29,50
10/30/2015 05:00:00 PM,97,34,63
10/30/2015 06:00:00 PM,44,13,31
10/30/2015 07:00:00 PM,19,10,9
10/30/2015 08:00:00 PM,6,2,4
10/30/2015 09:00:00 PM,6,1,5
10/30/2015 10:00:00 PM,7,3,4
10/30/2015 11:00:00 PM,7,4,3
10/31/2015 12:00:00 AM,4,0,4
10/31/2015 01:00:00 AM,3,0,3
10/31/2015 02:00:00 AM,0,0,0
10/31/2015 03:00:00 AM,0,0,0
10/31/2015 04:00:00 AM,0,0,0
10/31/2015 05:00:00 AM,2,0,2
10/31/2015 06:00:00 AM,0,0,0
10/31/2015 07:00:00 AM,4,2,2
10/31/2015 08:00:00 AM,2,1,1
10/31/2015 09:00:00 AM,6,3,3
10/31/2015 10:00:00 AM,12,4,8
10/31/2015 11:00:00 AM,7,2,5
10/31/2015 12:00:00 PM,6,0,6
10/31/2015 01:00:00 PM,16,8,8
10/31/2015 02:00:00 PM,3,0,3
10/31/2015 03:00:00 PM,7,3,4
10/31/2015 04:00:00 PM,8,0,8
10/31/2015 05:00:00 PM,9,3,6
10/31/2015 06:00:00 PM,14,5,9
10/31/2015 07:00:00 PM,1,0,1
10/31/2015 08:00:00 PM,2,1,1
10/31/2015 09:00:00 PM,3,1,2
10/31/2015 10:00:00 PM,2,0,2
10/31/2015 11:00:00 PM,3,0,3
11/01/2015 12:00:00 AM,7,1,6
11/01/2015 01:00:00 AM,5,1,4
11/01/2015 02:00:00 AM,4,4,0
11/01/2015 03:00:00 AM,0,0,0
11/01/2015 04:00:00 AM,0,0,0
11/01/2015 05:00:00 AM,0,0,0
11/01/2015 06:00:00 AM,3,2,1
11/01/2015 07:00:00 AM,1,1,0
11/01/2015 08:00:00 AM,2,1,1
11/01/2015 09:00:00 AM,10,2,8
11/01/2015 10:00:00 AM,8,2,6
11/01/2015 11:00:00 AM,3,0,3
11/01/2015 12:00:00 PM,8,3,5
11/01/2015 01:00:00 PM,9,2,7
11/01/2015 02:00:00 PM,6,3,3
11/01/2015 03:00:00 PM,11,4,7
11/01/2015 04:00:00 PM,9,5,4
11/01/2015 05:00:00 PM,34,3,31
11/01/2015 06:00:00 PM,18,2,16
11/01/2015 07:00:00 PM,3,1,2
11/01/2015 08:00:00 PM,20,15,5
11/01/2015 09:00:00 PM,5,3,2
11/01/2015 10:00:00 PM,4,1,3
11/01/2015 11:00:00 PM,0,0,0
11/02/2015 12:00:00 AM,2,1,1
11/02/2015 01:00:00 AM,1,0,1
11/02/2015 02:00:00 AM,0,0,0
11/02/2015 03:00:00 AM,0,0,0
11/02/2015 04:00:00 AM,1,1,0
11/02/2015 05:00:00 AM,9,4,5
11/02/2015 06:00:00 AM,34,18,16
11/02/2015 07:00:00 AM,71,29,42
11/02/2015 08:00:00 AM,124,44,80
11/02/2015 09:00:00 AM,65,25,40
11/02/2015 10:00:00 AM,27,9,18
11/02/2015 11:00:00 AM,28,11,17
11/02/2015 12:00:00 PM,24,10,14
11/02/2015 01:00:00 PM,24,8,16
11/02/2015 02:00:00 PM,25,10,15
11/02/2015 03:00:00 PM,53,16,37
11/02/2015 04:00:00 PM,107,35,72
11/02/2015 05:00:00 PM,176,46,130
11/02/2015 06:00:00 PM,72,29,43
11/02/2015 07:00:00 PM,28,13,15
11/02/2015 08:00:00 PM,17,4,13
11/02/2015 09:00:00 PM,10,2,8
11/02/2015 10:00:00 PM,0,0,0
11/02/2015 11:00:00 PM,2,2,0
11/03/2015 12:00:00 AM,2,0,2
11/03/2015 01:00:00 AM,0,0,0
11/03/2015 02:00:00 AM,3,0,3
11/03/2015 03:00:00 AM,1,0,1
11/03/2015 04:00:00 AM,2,1,1
11/03/2015 05:00:00 AM,8,4,4
11/03/2015 06:00:00 AM,39,14,25
11/03/2015 07:00:00 AM,87,29,58
11/03/2015 08:00:00 AM,139,43,96
11/03/2015 09:00:00 AM,62,26,36
11/03/2015 10:00:00 AM,28,13,15
11/03/2015 11:00:00 AM,26,9,17
11/03/2015 12:00:00 PM,42,18,24
11/03/2015 01:00:00 PM,35,10,25
11/03/2015 02:00:00 PM,30,13,17
11/03/2015 03:00:00 PM,62,21,41
11/03/2015 04:00:00 PM,123,34,89
11/03/2015 05:00:00 PM,146,39,107
11/03/2015 06:00:00 PM,78,36,42
11/03/2015 07:00:00 PM,34,17,17
11/03/2015 08:00:00 PM,7,4,3
11/03/2015 09:00:00 PM,14,4,10
11/03/2015 10:00:00 PM,7,3,4
11/03/2015 11:00:00 PM,4,0,4
11/04/2015 12:00:00 AM,4,0,4
11/04/2015 01:00:00 AM,1,0,1
11/04/2015 02:00:00 AM,2,1,1
11/04/2015 03:00:00 AM,1,1,0
11/04/2015 04:00:00 AM,1,1,0
11/04/2015 05:00:00 AM,7,4,3
11/04/2015 06:00:00 AM,29,16,13
11/04/2015 07:00:00 AM,89,37,52
11/04/2015 08:00:00 AM,151,40,111
11/04/2015 09:00:00 AM,77,25,52
11/04/2015 10:00:00 AM,40,10,30
11/04/2015 11:00:00 AM,32,13,19
11/04/2015 12:00:00 PM,33,14,19
11/04/2015 01:00:00 PM,42,19,23
11/04/2015 02:00:00 PM,29,10,19
11/04/2015 03:00:00 PM,42,18,24
11/04/2015 04:00:00 PM,118,35,83
11/04/2015 05:00:00 PM,175,58,117
11/04/2015 06:00:00 PM,68,26,42
11/04/2015 07:00:00 PM,30,11,19
11/04/2015 08:00:00 PM,17,5,12
11/04/2015 09:00:00 PM,7,1,6
11/04/2015 10:00:00 PM,4,1,3
11/04/2015 11:00:00 PM,2,0,2
11/05/2015 12:00:00 AM,2,1,1
11/05/2015 01:00:00 AM,0,0,0
11/05/2015 02:00:00 AM,1,0,1
11/05/2015 03:00:00 AM,0,0,0
11/05/2015 04:00:00 AM,0,0,0
11/05/2015 05:00:00 AM,10,5,5
11/05/2015 06:00:00 AM,36,15,21
11/05/2015 07:00:00 AM,79,37,42
11/05/2015 08:00:00 AM,141,40,101
11/05/2015 09:00:00 AM,74,24,50
11/05/2015 10:00:00 AM,39,16,23
11/05/2015 11:00:00 AM,31,9,22
11/05/2015 12:00:00 PM,23,11,12
11/05/2015 01:00:00 PM,37,12,25
11/05/2015 02:00:00 PM,39,17,22
11/05/2015 03:00:00 PM,46,17,29
11/05/2015 04:00:00 PM,110,35,75
11/05/2015 05:00:00 PM,159,51,108
11/05/2015 06:00:00 PM,77,24,53
11/05/2015 07:00:00 PM,38,11,27
11/05/2015 08:00:00 PM,25,14,11
11/05/2015 09:00:00 PM,18,7,11
11/05/2015 10:00:00 PM,5,2,3
11/05/2015 11:00:00 PM,2,1,1
11/06/2015 12:00:00 AM,7,4,3
11/06/2015 01:00:00 AM,2,1,1
11/06/2015 02:00:00 AM,1,1,0
11/06/2015 03:00:00 AM,0,0,0
11/06/2015 04:00:00 AM,2,1,1
11/06/2015 05:00:00 AM,6,3,3
11/06/2015 06:00:00 AM,25,12,13
11/06/2015 07:00:00 AM,65,29,36
11/06/2015 08:00:00 AM,106,32,74
11/06/2015 09:00:00 AM,57,17,40
11/06/2015 10:00:00 AM,22,13,9
11/06/2015 11:00:00 AM,27,11,16
11/06/2015 12:00:00 PM,31,15,16
11/06/2015 01:00:00 PM,26,9,17
11/06/2015 02:00:00 PM,29,14,15
11/06/2015 03:00:00 PM,60,20,40
11/06/2015 04:00:00 PM,88,29,59
11/06/2015 05:00:00 PM,127,43,84
11/06/2015 06:00:00 PM,40,12,28
11/06/2015 07:00:00 PM,16,7,9
11/06/2015 08:00:00 PM,8,3,5
11/06/2015 09:00:00 PM,6,1,5
11/06/2015 10:00:00 PM,7,0,7
11/06/2015 11:00:00 PM,11,2,9
11/07/2015 12:00:00 AM,4,1,3
11/07/2015 01:00:00 AM,0,0,0
11/07/2015 02:00:00 AM,0,0,0
11/07/2015 03:00:00 AM,2,1,1
11/07/2015 04:00:00 AM,0,0,0
11/07/2015 05:00:00 AM,0,0,0
11/07/2015 06:00:00 AM,2,0,2
11/07/2015 07:00:00 AM,4,3,1
11/07/2015 08:00:00 AM,10,3,7
11/07/2015 09:00:00 AM,3,0,3
11/07/2015 10:00:00 AM,7,3,4
11/07/2015 11:00:00 AM,9,4,5
11/07/2015 12:00:00 PM,15,7,8
11/07/2015 01:00:00 PM,12,8,4
11/07/2015 02:00:00 PM,11,4,7
11/07/2015 03:00:00 PM,8,3,5
11/07/2015 04:00:00 PM,7,4,3
11/07/2015 05:00:00 PM,6,0,6
11/07/2015 06:00:00 PM,8,2,6
11/07/2015 07:00:00 PM,4,2,2
11/07/2015 08:00:00 PM,0,0,0
11/07/2015 09:00:00 PM,6,2,4
11/07/2015 10:00:00 PM,5,1,4
11/07/2015 11:00:00 PM,1,0,1
11/08/2015 12:00:00 AM,5,1,4
11/08/2015 01:00:00 AM,4,1,3
11/08/2015 02:00:00 AM,1,0,1
11/08/2015 03:00:00 AM,1,1,0
11/08/2015 04:00:00 AM,0,0,0
11/08/2015 05:00:00 AM,0,0,0
11/08/2015 06:00:00 AM,2,0,2
11/08/2015 07:00:00 AM,3,1,2
11/08/2015 08:00:00 AM,9,2,7
11/08/2015 09:00:00 AM,3,2,1
11/08/2015 10:00:00 AM,9,5,4
11/08/2015 11:00:00 AM,3,0,3
11/08/2015 12:00:00 PM,9,3,6
11/08/2015 01:00:00 PM,11,7,4
11/08/2015 02:00:00 PM,10,7,3
11/08/2015 03:00:00 PM,13,4,9
11/08/2015 04:00:00 PM,13,4,9
11/08/2015 05:00:00 PM,11,3,8
11/08/2015 06:00:00 PM,8,3,5
11/08/2015 07:00:00 PM,6,2,4
11/08/2015 08:00:00 PM,2,0,2
11/08/2015 09:00:00 PM,4,1,3
11/08/2015 10:00:00 PM,2,0,2
11/08/2015 11:00:00 PM,5,2,3
11/09/2015 12:00:00 AM,1,0,1
11/09/2015 01:00:00 AM,0,0,0
11/09/2015 02:00:00 AM,0,0,0
11/09/2015 03:00:00 AM,0,0,0
11/09/2015 04:00:00 AM,1,1,0
11/09/2015 05:00:00 AM,11,5,6
11/09/2015 06:00:00 AM,39,17,22
11/09/2015 07:00:00 AM,59,27,32
11/09/2015 08:00:00 AM,106,38,68
11/09/2015 09:00:00 AM,65,30,35
11/09/2015 10:00:00 AM,17,7,10
11/09/2015 11:00:00 AM,26,11,15
11/09/2015 12:00:00 PM,18,12,6
11/09/2015 01:00:00 PM,26,7,19
11/09/2015 02:00:00 PM,29,13,16
11/09/2015 03:00:00 PM,46,9,37
11/09/2015 04:00:00 PM,118,31,87
11/09/2015 05:00:00 PM,145,50,95
11/09/2015 06:00:00 PM,56,29,27
11/09/2015 07:00:00 PM,20,10,10
11/09/2015 08:00:00 PM,15,3,12
11/09/2015 09:00:00 PM,12,5,7
11/09/2015 10:00:00 PM,2,1,1
11/09/2015 11:00:00 PM,5,2,3
11/10/2015 12:00:00 AM,2,0,2
11/10/2015 01:00:00 AM,3,2,1
11/10/2015 02:00:00 AM,2,1,1
11/10/2015 03:00:00 AM,0,0,0
11/10/2015 04:00:00 AM,1,1,0
11/10/2015 05:00:00 AM,8,5,3
11/10/2015 06:00:00 AM,29,16,13
11/10/2015 07:00:00 AM,99,36,63
11/10/2015 08:00:00 AM,159,42,117
11/10/2015 09:00:00 AM,89,38,51
11/10/2015 10:00:00 AM,32,7,25
11/10/2015 11:00:00 AM,37,15,22
11/10/2015 12:00:00 PM,31,12,19
11/10/2015 01:00:00 PM,29,12,17
11/10/2015 02:00:00 PM,42,13,29
11/10/2015 03:00:00 PM,61,23,38
11/10/2015 04:00:00 PM,121,34,87
11/10/2015 05:00:00 PM,172,56,116
11/10/2015 06:00:00 PM,75,38,37
11/10/2015 07:00:00 PM,29,15,14
11/10/2015 08:00:00 PM,16,6,10
11/10/2015 09:00:00 PM,12,3,9
11/10/2015 10:00:00 PM,5,2,3
11/10/2015 11:00:00 PM,2,0,2
11/11/2015 12:00:00 AM,5,1,4
11/11/2015 01:00:00 AM,1,0,1
11/11/2015 02:00:00 AM,3,3,0
11/11/2015 03:00:00 AM,1,0,1
11/11/2015 04:00:00 AM,0,0,0
11/11/2015 05:00:00 AM,12,8,4
11/11/2015 06:00:00 AM,18,9,9
11/11/2015 07:00:00 AM,50,21,29
11/11/2015 08:00:00 AM,113,38,75
11/11/2015 09:00:00 AM,60,23,37
11/11/2015 10:00:00 AM,26,10,16
11/11/2015 11:00:00 AM,38,17,21
11/11/2015 12:00:00 PM,35,11,24
11/11/2015 01:00:00 PM,36,13,23
11/11/2015 02:00:00 PM,31,19,12
11/11/2015 03:00:00 PM,52,18,34
11/11/2015 04:00:00 PM,104,21,83
11/11/2015 05:00:00 PM,119,32,87
11/11/2015 06:00:00 PM,82,28,54
11/11/2015 07:00:00 PM,26,12,14
11/11/2015 08:00:00 PM,14,8,6
11/11/2015 09:00:00 PM,12,6,6
11/11/2015 10:00:00 PM,8,6,2
11/11/2015 11:00:00 PM,7,2,5
11/12/2015 12:00:00 AM,3,1,2
11/12/2015 01:00:00 AM,0,0,0
11/12/2015 02:00:00 AM,1,1,0
11/12/2015 03:00:00 AM,1,0,1
11/12/2015 04:00:00 AM,1,1,0
11/12/2015 05:00:00 AM,6,6,0
11/12/2015 06:00:00 AM,31,12,19
11/12/2015 07:00:00 AM,71,27,44
11/12/2015 08:00:00 AM,109,36,73
11/12/2015 09:00:00 AM,50,19,31
11/12/2015 10:00:00 AM,39,11,28
11/12/2015 11:00:00 AM,32,12,20
11/12/2015 12:00:00 PM,43,18,25
11/12/2015 01:00:00 PM,24,11,13
11/12/2015 02:00:00 PM,26,10,16
11/12/2015 03:00:00 PM,47,13,34
11/12/2015 04:00:00 PM,92,27,65
11/12/2015 05:00:00 PM,121,39,82
11/12/2015 06:00:00 PM,56,27,29
11/12/2015 07:00:00 PM,26,8,18
11/12/2015 08:00:00 PM,8,4,4
11/12/2015 09:00:00 PM,14,2,12
11/12/2015 10:00:00 PM,12,3,9
11/12/2015 11:00:00 PM,6,3,3
11/13/2015 12:00:00 AM,3,0,3
11/13/2015 01:00:00 AM,0,0,0
11/13/2015 02:00:00 AM,1,0,1
11/13/2015 03:00:00 AM,0,0,0
11/13/2015 04:00:00 AM,0,0,0
11/13/2015 05:00:00 AM,2,2,0
11/13/2015 06:00:00 AM,14,9,5
11/13/2015 07:00:00 AM,31,12,19
11/13/2015 08:00:00 AM,73,22,51
11/13/2015 09:00:00 AM,42,13,29
11/13/2015 10:00:00 AM,26,10,16
11/13/2015 11:00:00 AM,34,13,21
11/13/2015 12:00:00 PM,32,10,22
11/13/2015 01:00:00 PM,25,13,12
11/13/2015 02:00:00 PM,19,6,13
11/13/2015 03:00:00 PM,28,8,20
11/13/2015 04:00:00 PM,63,21,42
11/13/2015 05:00:00 PM,79,26,53
11/13/2015 06:00:00 PM,43,18,25
11/13/2015 07:00:00 PM,16,6,10
11/13/2015 08:00:00 PM,5,1,4
11/13/2015 09:00:00 PM,5,3,2
11/13/2015 10:00:00 PM,6,1,5
11/13/2015 11:00:00 PM,2,0,2
11/14/2015 12:00:00 AM,4,2,2
11/14/2015 01:00:00 AM,1,1,0
11/14/2015 02:00:00 AM,1,0,1
11/14/2015 03:00:00 AM,0,0,0
11/14/2015 04:00:00 AM,0,0,0
11/14/2015 05:00:00 AM,0,0,0
11/14/2015 06:00:00 AM,0,0,0
11/14/2015 07:00:00 AM,1,0,1
11/14/2015 08:00:00 AM,1,0,1
11/14/2015 09:00:00 AM,4,4,0
11/14/2015 10:00:00 AM,7,4,3
11/14/2015 11:00:00 AM,10,4,6
11/14/2015 12:00:00 PM,14,3,11
11/14/2015 01:00:00 PM,14,4,10
11/14/2015 02:00:00 PM,14,2,12
11/14/2015 03:00:00 PM,15,8,7
11/14/2015 04:00:00 PM,6,1,5
11/14/2015 05:00:00 PM,12,4,8
11/14/2015 06:00:00 PM,6,3,3
11/14/2015 07:00:00 PM,4,0,4
11/14/2015 08:00:00 PM,2,1,1
11/14/2015 09:00:00 PM,1,0,1
11/14/2015 10:00:00 PM,3,0,3
11/14/2015 11:00:00 PM,2,2,0
11/15/2015 12:00:00 AM,2,0,2
11/15/2015 01:00:00 AM,1,0,1
11/15/2015 02:00:00 AM,2,2,0
11/15/2015 03:00:00 AM,0,0,0
11/15/2015 04:00:00 AM,0,0,0
11/15/2015 05:00:00 AM,0,0,0
11/15/2015 06:00:00 AM,1,1,0
11/15/2015 07:00:00 AM,2,1,1
11/15/2015 08:00:00 AM,7,3,4
11/15/2015 09:00:00 AM,5,1,4
11/15/2015 10:00:00 AM,11,1,10
11/15/2015 11:00:00 AM,11,2,9
11/15/2015 12:00:00 PM,12,5,7
11/15/2015 01:00:00 PM,10,6,4
11/15/2015 02:00:00 PM,17,3,14
11/15/2015 03:00:00 PM,17,5,12
11/15/2015 04:00:00 PM,20,5,15
11/15/2015 05:00:00 PM,17,6,11
11/15/2015 06:00:00 PM,5,2,3
11/15/2015 07:00:00 PM,1,0,1
11/15/2015 08:00:00 PM,6,2,4
11/15/2015 09:00:00 PM,20,13,7
11/15/2015 10:00:00 PM,14,10,4
11/15/2015 11:00:00 PM,4,2,2
11/16/2015 12:00:00 AM,2,1,1
11/16/2015 01:00:00 AM,0,0,0
11/16/2015 02:00:00 AM,0,0,0
11/16/2015 03:00:00 AM,0,0,0
11/16/2015 04:00:00 AM,2,1,1
11/16/2015 05:00:00 AM,7,4,3
11/16/2015 06:00:00 AM,28,14,14
11/16/2015 07:00:00 AM,63,22,41
11/16/2015 08:00:00 AM,107,39,68
11/16/2015 09:00:00 AM,72,31,41
11/16/2015 10:00:00 AM,32,16,16
11/16/2015 11:00:00 AM,30,11,19
11/16/2015 12:00:00 PM,31,16,15
11/16/2015 01:00:00 PM,17,6,11
11/16/2015 02:00:00 PM,24,11,13
11/16/2015 03:00:00 PM,43,12,31
11/16/2015 04:00:00 PM,68,18,50
11/16/2015 05:00:00 PM,131,31,100
11/16/2015 06:00:00 PM,82,37,45
11/16/2015 07:00:00 PM,22,9,13
11/16/2015 08:00:00 PM,12,4,8
11/16/2015 09:00:00 PM,13,3,10
11/16/2015 10:00:00 PM,4,2,2
11/16/2015 11:00:00 PM,1,1,0
11/17/2015 12:00:00 AM,1,0,1
11/17/2015 01:00:00 AM,0,0,0
11/17/2015 02:00:00 AM,1,1,0
11/17/2015 03:00:00 AM,0,0,0
11/17/2015 04:00:00 AM,0,0,0
11/17/2015 05:00:00 AM,6,5,1
11/17/2015 06:00:00 AM,22,14,8
11/17/2015 07:00:00 AM,52,17,35
11/17/2015 08:00:00 AM,72,22,50
11/17/2015 09:00:00 AM,44,18,26
11/17/2015 10:00:00 AM,19,7,12
11/17/2015 11:00:00 AM,14,4,10
11/17/2015 12:00:00 PM,18,7,11
11/17/2015 01:00:00 PM,25,8,17
11/17/2015 02:00:00 PM,15,7,8
11/17/2015 03:00:00 PM,43,10,33
11/17/2015 04:00:00 PM,66,19,47
11/17/2015 05:00:00 PM,96,23,73
11/17/2015 06:00:00 PM,55,23,32
11/17/2015 07:00:00 PM,23,9,14
11/17/2015 08:00:00 PM,5,1,4
11/17/2015 09:00:00 PM,7,4,3
11/17/2015 10:00:00 PM,5,2,3
11/17/2015 11:00:00 PM,3,2,1
11/18/2015 12:00:00 AM,3,0,3
11/18/2015 01:00:00 AM,0,0,0
11/18/2015 02:00:00 AM,4,1,3
11/18/2015 03:00:00 AM,0,0,0
11/18/2015 04:00:00 AM,0,0,0
11/18/2015 05:00:00 AM,9,5,4
11/18/2015 06:00:00 AM,38,21,17
11/18/2015 07:00:00 AM,56,23,33
11/18/2015 08:00:00 AM,127,38,89
11/18/2015 09:00:00 AM,65,19,46
11/18/2015 10:00:00 AM,33,18,15
11/18/2015 11:00:00 AM,37,7,30
11/18/2015 12:00:00 PM,26,14,12
11/18/2015 01:00:00 PM,32,14,18
11/18/2015 02:00:00 PM,35,19,16
11/18/2015 03:00:00 PM,49,10,39
11/18/2015 04:00:00 PM,106,29,77
11/18/2015 05:00:00 PM,151,47,104
11/18/2015 06:00:00 PM,77,28,49
11/18/2015 07:00:00 PM,33,15,18
11/18/2015 08:00:00 PM,13,6,7
11/18/2015 09:00:00 PM,9,2,7
11/18/2015 10:00:00 PM,3,1,2
11/18/2015 11:00:00 PM,0,0,0
11/19/2015 12:00:00 AM,4,2,2
11/19/2015 01:00:00 AM,1,1,0
11/19/2015 02:00:00 AM,15,11,4
11/19/2015 03:00:00 AM,4,3,1
11/19/2015 04:00:00 AM,1,1,0
11/19/2015 05:00:00 AM,8,5,3
11/19/2015 06:00:00 AM,25,18,7
11/19/2015 07:00:00 AM,73,23,50
11/19/2015 08:00:00 AM,123,36,87
11/19/2015 09:00:00 AM,68,25,43
11/19/2015 10:00:00 AM,39,13,26
11/19/2015 11:00:00 AM,31,14,17
11/19/2015 12:00:00 PM,42,15,27
11/19/2015 01:00:00 PM,29,10,19
11/19/2015 02:00:00 PM,38,16,22
11/19/2015 03:00:00 PM,60,25,35
11/19/2015 04:00:00 PM,102,30,72
11/19/2015 05:00:00 PM,155,45,110
11/19/2015 06:00:00 PM,70,26,44
11/19/2015 07:00:00 PM,29,16,13
11/19/2015 08:00:00 PM,14,2,12
11/19/2015 09:00:00 PM,11,1,10
11/19/2015 10:00:00 PM,9,3,6
11/19/2015 11:00:00 PM,4,0,4
11/20/2015 12:00:00 AM,5,2,3
11/20/2015 01:00:00 AM,1,0,1
11/20/2015 02:00:00 AM,2,1,1
11/20/2015 03:00:00 AM,0,0,0
11/20/2015 04:00:00 AM,1,1,0
11/20/2015 05:00:00 AM,6,4,2
11/20/2015 06:00:00 AM,26,14,12
11/20/2015 07:00:00 AM,45,19,26
11/20/2015 08:00:00 AM,92,30,62
11/20/2015 09:00:00 AM,61,27,34
11/20/2015 10:00:00 AM,35,11,24
11/20/2015 11:00:00 AM,30,13,17
11/20/2015 12:00:00 PM,30,13,17
11/20/2015 01:00:00 PM,40,11,29
11/20/2015 02:00:00 PM,30,12,18
11/20/2015 03:00:00 PM,55,16,39
11/20/2015 04:00:00 PM,86,25,61
11/20/2015 05:00:00 PM,112,33,79
11/20/2015 06:00:00 PM,49,17,32
11/20/2015 07:00:00 PM,28,14,14
11/20/2015 08:00:00 PM,14,6,8
11/20/2015 09:00:00 PM,9,5,4
11/20/2015 10:00:00 PM,6,0,6
11/20/2015 11:00:00 PM,1,1,0
11/21/2015 12:00:00 AM,6,1,5
11/21/2015 01:00:00 AM,0,0,0
11/21/2015 02:00:00 AM,0,0,0
11/21/2015 03:00:00 AM,0,0,0
11/21/2015 04:00:00 AM,1,0,1
11/21/2015 05:00:00 AM,1,1,0
11/21/2015 06:00:00 AM,4,1,3
11/21/2015 07:00:00 AM,2,2,0
11/21/2015 08:00:00 AM,9,3,6
11/21/2015 09:00:00 AM,5,1,4
11/21/2015 10:00:00 AM,12,5,7
11/21/2015 11:00:00 AM,15,3,12
11/21/2015 12:00:00 PM,50,15,35
11/21/2015 01:00:00 PM,36,13,23
11/21/2015 02:00:00 PM,19,7,12
11/21/2015 03:00:00 PM,28,13,15
11/21/2015 04:00:00 PM,15,7,8
11/21/2015 05:00:00 PM,8,2,6
11/21/2015 06:00:00 PM,14,6,8
11/21/2015 07:00:00 PM,4,1,3
11/21/2015 08:00:00 PM,4,1,3
11/21/2015 09:00:00 PM,3,1,2
11/21/2015 10:00:00 PM,5,1,4
11/21/2015 11:00:00 PM,3,2,1
11/22/2015 12:00:00 AM,4,0,4
11/22/2015 01:00:00 AM,3,0,3
11/22/2015 02:00:00 AM,0,0,0
11/22/2015 03:00:00 AM,1,0,1
11/22/2015 04:00:00 AM,0,0,0
11/22/2015 05:00:00 AM,0,0,0
11/22/2015 06:00:00 AM,6,2,4
11/22/2015 07:00:00 AM,6,2,4
11/22/2015 08:00:00 AM,7,2,5
11/22/2015 09:00:00 AM,3,1,2
11/22/2015 10:00:00 AM,18,5,13
11/22/2015 11:00:00 AM,20,5,15
11/22/2015 12:00:00 PM,10,2,8
11/22/2015 01:00:00 PM,25,8,17
11/22/2015 02:00:00 PM,18,7,11
11/22/2015 03:00:00 PM,12,5,7
11/22/2015 04:00:00 PM,19,10,9
11/22/2015 05:00:00 PM,18,8,10
11/22/2015 06:00:00 PM,10,6,4
11/22/2015 07:00:00 PM,10,3,7
11/22/2015 08:00:00 PM,7,1,6
11/22/2015 09:00:00 PM,1,0,1
11/22/2015 10:00:00 PM,0,0,0
11/22/2015 11:00:00 PM,6,1,5
11/23/2015 12:00:00 AM,1,1,0
11/23/2015 01:00:00 AM,2,2,0
11/23/2015 02:00:00 AM,0,0,0
11/23/2015 03:00:00 AM,0,0,0
11/23/2015 04:00:00 AM,2,0,2
11/23/2015 05:00:00 AM,3,2,1
11/23/2015 06:00:00 AM,29,18,11
11/23/2015 07:00:00 AM,43,11,32
11/23/2015 08:00:00 AM,109,33,76
11/23/2015 09:00:00 AM,61,25,36
11/23/2015 10:00:00 AM,25,13,12
11/23/2015 11:00:00 AM,23,9,14
11/23/2015 12:00:00 PM,24,14,10
11/23/2015 01:00:00 PM,24,11,13
11/23/2015 02:00:00 PM,28,8,20
11/23/2015 03:00:00 PM,38,13,25
11/23/2015 04:00:00 PM,80,20,60
11/23/2015 05:00:00 PM,120,31,89
11/23/2015 06:00:00 PM,54,27,27
11/23/2015 07:00:00 PM,16,7,9
11/23/2015 08:00:00 PM,10,5,5
11/23/2015 09:00:00 PM,9,2,7
11/23/2015 10:00:00 PM,2,0,2
11/23/2015 11:00:00 PM,2,2,0
11/24/2015 12:00:00 AM,1,0,1
11/24/2015 01:00:00 AM,0,0,0
11/24/2015 02:00:00 AM,1,1,0
11/24/2015 03:00:00 AM,0,0,0
11/24/2015 04:00:00 AM,1,0,1
11/24/2015 05:00:00 AM,5,3,2
11/24/2015 06:00:00 AM,26,14,12
11/24/2015 07:00:00 AM,43,17,26
11/24/2015 08:00:00 AM,80,20,60
11/24/2015 09:00:00 AM,41,15,26
11/24/2015 10:00:00 AM,21,8,13
11/24/2015 11:00:00 AM,28,18,10
11/24/2015 12:00:00 PM,30,12,18
11/24/2015 01:00:00 PM,20,8,12
11/24/2015 02:00:00 PM,21,7,14
11/24/2015 03:00:00 PM,42,9,33
11/24/2015 04:00:00 PM,78,21,57
11/24/2015 05:00:00 PM,120,33,87
11/24/2015 06:00:00 PM,43,19,24
11/24/2015 07:00:00 PM,20,8,12
11/24/2015 08:00:00 PM,7,1,6
11/24/2015 09:00:00 PM,5,1,4
11/24/2015 10:00:00 PM,4,2,2
11/24/2015 11:00:00 PM,2,1,1
11/25/2015 12:00:00 AM,4,2,2
11/25/2015 01:00:00 AM,0,0,0
11/25/2015 02:00:00 AM,2,2,0
11/25/2015 03:00:00 AM,1,0,1
11/25/2015 04:00:00 AM,0,0,0
11/25/2015 05:00:00 AM,5,3,2
11/25/2015 06:00:00 AM,16,8,8
11/25/2015 07:00:00 AM,37,11,26
11/25/2015 08:00:00 AM,76,22,54
11/25/2015 09:00:00 AM,44,21,23
11/25/2015 10:00:00 AM,30,13,17
11/25/2015 11:00:00 AM,20,7,13
11/25/2015 12:00:00 PM,25,11,14
11/25/2015 01:00:00 PM,36,14,22
11/25/2015 02:00:00 PM,62,21,41
11/25/2015 03:00:00 PM,58,18,40
11/25/2015 04:00:00 PM,67,15,52
11/25/2015 05:00:00 PM,66,22,44
11/25/2015 06:00:00 PM,27,8,19
11/25/2015 07:00:00 PM,12,6,6
11/25/2015 08:00:00 PM,7,3,4
11/25/2015 09:00:00 PM,6,4,2
11/25/2015 10:00:00 PM,1,1,0
11/25/2015 11:00:00 PM,3,1,2
11/26/2015 12:00:00 AM,0,0,0
11/26/2015 01:00:00 AM,0,0,0
11/26/2015 02:00:00 AM,2,0,2
11/26/2015 03:00:00 AM,0,0,0
11/26/2015 04:00:00 AM,0,0,0
11/26/2015 05:00:00 AM,1,0,1
11/26/2015 06:00:00 AM,2,0,2
11/26/2015 07:00:00 AM,3,0,3
11/26/2015 08:00:00 AM,0,0,0
11/26/2015 09:00:00 AM,4,2,2
11/26/2015 10:00:00 AM,4,4,0
11/26/2015 11:00:00 AM,2,2,0
11/26/2015 12:00:00 PM,2,2,0
11/26/2015 01:00:00 PM,5,3,2
11/26/2015 02:00:00 PM,4,1,3
11/26/2015 03:00:00 PM,4,2,2
11/26/2015 04:00:00 PM,4,3,1
11/26/2015 05:00:00 PM,1,0,1
11/26/2015 06:00:00 PM,1,1,0
11/26/2015 07:00:00 PM,2,1,1
11/26/2015 08:00:00 PM,0,0,0
11/26/2015 09:00:00 PM,2,2,0
11/26/2015 10:00:00 PM,3,1,2
11/26/2015 11:00:00 PM,2,2,0
11/27/2015 12:00:00 AM,1,0,1
11/27/2015 01:00:00 AM,1,0,1
11/27/2015 02:00:00 AM,1,1,0
11/27/2015 03:00:00 AM,0,0,0
11/27/2015 04:00:00 AM,0,0,0
11/27/2015 05:00:00 AM,3,3,0
11/27/2015 06:00:00 AM,4,1,3
11/27/2015 07:00:00 AM,7,2,5
11/27/2015 08:00:00 AM,7,4,3
11/27/2015 09:00:00 AM,3,0,3
11/27/2015 10:00:00 AM,8,5,3
11/27/2015 11:00:00 AM,7,0,7
11/27/2015 12:00:00 PM,12,5,7
11/27/2015 01:00:00 PM,12,4,8
11/27/2015 02:00:00 PM,12,0,12
11/27/2015 03:00:00 PM,7,0,7
11/27/2015 04:00:00 PM,14,0,14
11/27/2015 05:00:00 PM,11,0,11
11/27/2015 06:00:00 PM,11,0,11
11/27/2015 07:00:00 PM,2,0,2
11/27/2015 08:00:00 PM,4,0,4
11/27/2015 09:00:00 PM,2,0,2
11/27/2015 10:00:00 PM,3,0,3
11/27/2015 11:00:00 PM,0,0,0
11/28/2015 12:00:00 AM,2,0,2
11/28/2015 01:00:00 AM,0,0,0
11/28/2015 02:00:00 AM,0,0,0
11/28/2015 03:00:00 AM,0,0,0
11/28/2015 04:00:00 AM,0,0,0
11/28/2015 05:00:00 AM,0,0,0
11/28/2015 06:00:00 AM,1,0,1
11/28/2015 07:00:00 AM,1,0,1
11/28/2015 08:00:00 AM,2,0,2
11/28/2015 09:00:00 AM,3,0,3
11/28/2015 10:00:00 AM,7,0,7
11/28/2015 11:00:00 AM,4,0,4
11/28/2015 12:00:00 PM,9,0,9
11/28/2015 01:00:00 PM,9,0,9
11/28/2015 02:00:00 PM,8,0,8
11/28/2015 03:00:00 PM,12,0,12
11/28/2015 04:00:00 PM,11,0,11
11/28/2015 05:00:00 PM,4,0,4
11/28/2015 06:00:00 PM,8,0,8
11/28/2015 07:00:00 PM,2,0,2
11/28/2015 08:00:00 PM,2,0,2
11/28/2015 09:00:00 PM,1,0,1
11/28/2015 10:00:00 PM,3,0,3
11/28/2015 11:00:00 PM,0,0,0
11/29/2015 12:00:00 AM,1,0,1
11/29/2015 01:00:00 AM,0,0,0
11/29/2015 02:00:00 AM,2,0,2
11/29/2015 03:00:00 AM,0,0,0
11/29/2015 04:00:00 AM,0,0,0
11/29/2015 05:00:00 AM,0,0,0
11/29/2015 06:00:00 AM,2,0,2
11/29/2015 07:00:00 AM,1,0,1
11/29/2015 08:00:00 AM,6,0,6
11/29/2015 09:00:00 AM,0,0,0
11/29/2015 10:00:00 AM,6,0,6
11/29/2015 11:00:00 AM,9,0,9
11/29/2015 12:00:00 PM,9,0,9
11/29/2015 01:00:00 PM,10,0,10
11/29/2015 02:00:00 PM,4,1,3
11/29/2015 03:00:00 PM,12,0,12
11/29/2015 04:00:00 PM,3,0,3
11/29/2015 05:00:00 PM,11,0,11
11/29/2015 06:00:00 PM,6,0,6
11/29/2015 07:00:00 PM,2,0,2
11/29/2015 08:00:00 PM,1,0,1
11/29/2015 09:00:00 PM,2,0,2
11/29/2015 10:00:00 PM,1,0,1
11/29/2015 11:00:00 PM,0,0,0
11/30/2015 12:00:00 AM,1,0,1
11/30/2015 01:00:00 AM,0,0,0
11/30/2015 02:00:00 AM,0,0,0
11/30/2015 03:00:00 AM,0,0,0
11/30/2015 04:00:00 AM,0,0,0
11/30/2015 05:00:00 AM,0,0,0
11/30/2015 06:00:00 AM,8,0,8
11/30/2015 07:00:00 AM,28,0,28
11/30/2015 08:00:00 AM,50,0,50
11/30/2015 09:00:00 AM,31,1,30
11/30/2015 10:00:00 AM,10,0,10
11/30/2015 11:00:00 AM,14,1,13
11/30/2015 12:00:00 PM,11,2,9
11/30/2015 01:00:00 PM,23,0,23
11/30/2015 02:00:00 PM,11,0,11
11/30/2015 03:00:00 PM,29,1,28
11/30/2015 04:00:00 PM,44,0,44
11/30/2015 05:00:00 PM,63,0,63
11/30/2015 06:00:00 PM,19,0,19
11/30/2015 07:00:00 PM,3,0,3
11/30/2015 08:00:00 PM,2,0,2
11/30/2015 09:00:00 PM,2,0,2
11/30/2015 10:00:00 PM,0,0,0
11/30/2015 11:00:00 PM,1,0,1
12/01/2015 12:00:00 AM,2,0,2
12/01/2015 01:00:00 AM,0,0,0
12/01/2015 02:00:00 AM,0,0,0
12/01/2015 03:00:00 AM,0,0,0
12/01/2015 04:00:00 AM,0,0,0
12/01/2015 05:00:00 AM,1,0,1
12/01/2015 06:00:00 AM,8,0,8
12/01/2015 07:00:00 AM,35,0,35
12/01/2015 08:00:00 AM,51,0,51
12/01/2015 09:00:00 AM,29,2,27
12/01/2015 10:00:00 AM,15,0,15
12/01/2015 11:00:00 AM,10,0,10
12/01/2015 12:00:00 PM,11,0,11
12/01/2015 01:00:00 PM,25,7,18
12/01/2015 02:00:00 PM,31,13,18
12/01/2015 03:00:00 PM,50,15,35
12/01/2015 04:00:00 PM,90,18,72
12/01/2015 05:00:00 PM,144,45,99
12/01/2015 06:00:00 PM,52,20,32
12/01/2015 07:00:00 PM,19,9,10
12/01/2015 08:00:00 PM,9,3,6
12/01/2015 09:00:00 PM,4,1,3
12/01/2015 10:00:00 PM,5,3,2
12/01/2015 11:00:00 PM,0,0,0
12/02/2015 12:00:00 AM,4,1,3
12/02/2015 01:00:00 AM,1,1,0
12/02/2015 02:00:00 AM,1,1,0
12/02/2015 03:00:00 AM,1,1,0
12/02/2015 04:00:00 AM,2,2,0
12/02/2015 05:00:00 AM,5,3,2
12/02/2015 06:00:00 AM,33,17,16
12/02/2015 07:00:00 AM,54,21,33
12/02/2015 08:00:00 AM,109,41,68
12/02/2015 09:00:00 AM,52,15,37
12/02/2015 10:00:00 AM,31,11,20
12/02/2015 11:00:00 AM,21,6,15
12/02/2015 12:00:00 PM,26,12,14
12/02/2015 01:00:00 PM,25,5,20
12/02/2015 02:00:00 PM,25,13,12
12/02/2015 03:00:00 PM,51,16,35
12/02/2015 04:00:00 PM,86,21,65
12/02/2015 05:00:00 PM,134,47,87
12/02/2015 06:00:00 PM,65,27,38
12/02/2015 07:00:00 PM,28,11,17
12/02/2015 08:00:00 PM,17,8,9
12/02/2015 09:00:00 PM,9,3,6
12/02/2015 10:00:00 PM,0,0,0
12/02/2015 11:00:00 PM,4,3,1
12/03/2015 12:00:00 AM,4,0,4
12/03/2015 01:00:00 AM,0,0,0
12/03/2015 02:00:00 AM,1,1,0
12/03/2015 03:00:00 AM,0,0,0
12/03/2015 04:00:00 AM,2,2,0
12/03/2015 05:00:00 AM,10,4,6
12/03/2015 06:00:00 AM,32,17,15
12/03/2015 07:00:00 AM,49,18,31
12/03/2015 08:00:00 AM,68,21,47
12/03/2015 09:00:00 AM,47,23,24
12/03/2015 10:00:00 AM,35,18,17
12/03/2015 11:00:00 AM,23,9,14
12/03/2015 12:00:00 PM,24,11,13
12/03/2015 01:00:00 PM,22,10,12
12/03/2015 02:00:00 PM,32,9,23
12/03/2015 03:00:00 PM,36,5,31
12/03/2015 04:00:00 PM,70,21,49
12/03/2015 05:00:00 PM,101,28,73
12/03/2015 06:00:00 PM,55,17,38
12/03/2015 07:00:00 PM,27,14,13
12/03/2015 08:00:00 PM,16,8,8
12/03/2015 09:00:00 PM,9,2,7
12/03/2015 10:00:00 PM,9,4,5
12/03/2015 11:00:00 PM,5,2,3
12/04/2015 12:00:00 AM,1,0,1
12/04/2015 01:00:00 AM,4,2,2
12/04/2015 02:00:00 AM,1,1,0
12/04/2015 03:00:00 AM,1,0,1
12/04/2015 04:00:00 AM,3,1,2
12/04/2015 05:00:00 AM,5,2,3
12/04/2015 06:00:00 AM,29,13,16
12/04/2015 07:00:00 AM,39,10,29
12/04/2015 08:00:00 AM,84,29,55
12/04/2015 09:00:00 AM,56,21,35
12/04/2015 10:00:00 AM,38,16,22
12/04/2015 11:00:00 AM,20,7,13
12/04/2015 12:00:00 PM,31,12,19
12/04/2015 01:00:00 PM,32,14,18
12/04/2015 02:00:00 PM,27,13,14
12/04/2015 03:00:00 PM,54,14,40
12/04/2015 04:00:00 PM,78,36,42
12/04/2015 05:00:00 PM,108,34,74
12/04/2015 06:00:00 PM,41,14,27
12/04/2015 07:00:00 PM,18,5,13
12/04/2015 08:00:00 PM,9,3,6
12/04/2015 09:00:00 PM,9,3,6
12/04/2015 10:00:00 PM,11,7,4
12/04/2015 11:00:00 PM,4,2,2
12/05/2015 12:00:00 AM,5,1,4
12/05/2015 01:00:00 AM,4,0,4
12/05/2015 02:00:00 AM,3,2,1
12/05/2015 03:00:00 AM,0,0,0
12/05/2015 04:00:00 AM,1,0,1
12/05/2015 05:00:00 AM,0,0,0
12/05/2015 06:00:00 AM,2,1,1
12/05/2015 07:00:00 AM,2,2,0
12/05/2015 08:00:00 AM,7,3,4
12/05/2015 09:00:00 AM,5,1,4
12/05/2015 10:00:00 AM,1,0,1
12/05/2015 11:00:00 AM,5,1,4
12/05/2015 12:00:00 PM,10,3,7
12/05/2015 01:00:00 PM,8,6,2
12/05/2015 02:00:00 PM,6,1,5
12/05/2015 03:00:00 PM,7,3,4
12/05/2015 04:00:00 PM,9,0,9
12/05/2015 05:00:00 PM,6,2,4
12/05/2015 06:00:00 PM,7,1,6
12/05/2015 07:00:00 PM,5,3,2
12/05/2015 08:00:00 PM,3,0,3
12/05/2015 09:00:00 PM,2,0,2
12/05/2015 10:00:00 PM,5,3,2
12/05/2015 11:00:00 PM,2,0,2
12/06/2015 12:00:00 AM,2,0,2
12/06/2015 01:00:00 AM,1,0,1
12/06/2015 02:00:00 AM,1,0,1
12/06/2015 03:00:00 AM,0,0,0
12/06/2015 04:00:00 AM,0,0,0
12/06/2015 05:00:00 AM,0,0,0
12/06/2015 06:00:00 AM,0,0,0
12/06/2015 07:00:00 AM,1,1,0
12/06/2015 08:00:00 AM,2,1,1
12/06/2015 09:00:00 AM,5,1,4
12/06/2015 10:00:00 AM,3,2,1
12/06/2015 11:00:00 AM,8,2,6
12/06/2015 12:00:00 PM,10,2,8
12/06/2015 01:00:00 PM,7,3,4
12/06/2015 02:00:00 PM,7,2,5
12/06/2015 03:00:00 PM,8,3,5
12/06/2015 04:00:00 PM,4,1,3
12/06/2015 05:00:00 PM,7,3,4
12/06/2015 06:00:00 PM,3,1,2
12/06/2015 07:00:00 PM,7,5,2
12/06/2015 08:00:00 PM,0,0,0
12/06/2015 09:00:00 PM,2,0,2
12/06/2015 10:00:00 PM,2,0,2
12/06/2015 11:00:00 PM,1,1,0
12/07/2015 12:00:00 AM,0,0,0
12/07/2015 01:00:00 AM,1,0,1
12/07/2015 02:00:00 AM,0,0,0
12/07/2015 03:00:00 AM,0,0,0
12/07/2015 04:00:00 AM,1,1,0
12/07/2015 05:00:00 AM,5,3,2
12/07/2015 06:00:00 AM,30,16,14
12/07/2015 07:00:00 AM,54,18,36
12/07/2015 08:00:00 AM,91,35,56
12/07/2015 09:00:00 AM,47,19,28
12/07/2015 10:00:00 AM,16,6,10
12/07/2015 11:00:00 AM,18,7,11
12/07/2015 12:00:00 PM,21,9,12
12/07/2015 01:00:00 PM,14,7,7
12/07/2015 02:00:00 PM,24,13,11
12/07/2015 03:00:00 PM,33,5,28
12/07/2015 04:00:00 PM,57,10,47
12/07/2015 05:00:00 PM,123,38,85
12/07/2015 06:00:00 PM,48,18,30
12/07/2015 07:00:00 PM,23,12,11
12/07/2015 08:00:00 PM,12,6,6
12/07/2015 09:00:00 PM,8,1,7
12/07/2015 10:00:00 PM,8,4,4
12/07/2015 11:00:00 PM,1,0,1
12/08/2015 12:00:00 AM,0,0,0
12/08/2015 01:00:00 AM,2,1,1
12/08/2015 02:00:00 AM,1,1,0
12/08/2015 03:00:00 AM,0,0,0
12/08/2015 04:00:00 AM,0,0,0
12/08/2015 05:00:00 AM,5,3,2
12/08/2015 06:00:00 AM,23,16,7
12/08/2015 07:00:00 AM,32,14,18
12/08/2015 08:00:00 AM,82,29,53
12/08/2015 09:00:00 AM,47,18,29
12/08/2015 10:00:00 AM,19,7,12
12/08/2015 11:00:00 AM,11,4,7
12/08/2015 12:00:00 PM,23,15,8
12/08/2015 01:00:00 PM,17,8,9
12/08/2015 02:00:00 PM,21,11,10
12/08/2015 03:00:00 PM,38,9,29
12/08/2015 04:00:00 PM,53,13,40
12/08/2015 05:00:00 PM,90,34,56
12/08/2015 06:00:00 PM,43,10,33
12/08/2015 07:00:00 PM,23,9,14
12/08/2015 08:00:00 PM,8,2,6
12/08/2015 09:00:00 PM,2,1,1
12/08/2015 10:00:00 PM,3,2,1
12/08/2015 11:00:00 PM,2,2,0
12/09/2015 12:00:00 AM,1,0,1
12/09/2015 01:00:00 AM,0,0,0
12/09/2015 02:00:00 AM,1,1,0
12/09/2015 03:00:00 AM,0,0,0
12/09/2015 04:00:00 AM,0,0,0
12/09/2015 05:00:00 AM,3,2,1
12/09/2015 06:00:00 AM,25,16,9
12/09/2015 07:00:00 AM,30,10,20
12/09/2015 08:00:00 AM,79,27,52
12/09/2015 09:00:00 AM,53,17,36
12/09/2015 10:00:00 AM,35,15,20
12/09/2015 11:00:00 AM,31,17,14
12/09/2015 12:00:00 PM,31,16,15
12/09/2015 01:00:00 PM,26,5,21
12/09/2015 02:00:00 PM,32,10,22
12/09/2015 03:00:00 PM,44,16,28
12/09/2015 04:00:00 PM,69,18,51
12/09/2015 05:00:00 PM,119,26,93
12/09/2015 06:00:00 PM,56,24,32
12/09/2015 07:00:00 PM,17,6,11
12/09/2015 08:00:00 PM,14,5,9
12/09/2015 09:00:00 PM,10,3,7
12/09/2015 10:00:00 PM,6,3,3
12/09/2015 11:00:00 PM,2,2,0
12/10/2015 12:00:00 AM,3,1,2
12/10/2015 01:00:00 AM,0,0,0
12/10/2015 02:00:00 AM,2,1,1
12/10/2015 03:00:00 AM,0,0,0
12/10/2015 04:00:00 AM,0,0,0
12/10/2015 05:00:00 AM,3,1,2
12/10/2015 06:00:00 AM,17,9,8
12/10/2015 07:00:00 AM,46,17,29
12/10/2015 08:00:00 AM,78,31,47
12/10/2015 09:00:00 AM,49,15,34
12/10/2015 10:00:00 AM,16,10,6
12/10/2015 11:00:00 AM,19,7,12
12/10/2015 12:00:00 PM,16,9,7
12/10/2015 01:00:00 PM,19,8,11
12/10/2015 02:00:00 PM,19,10,9
12/10/2015 03:00:00 PM,28,11,17
12/10/2015 04:00:00 PM,60,21,39
12/10/2015 05:00:00 PM,100,22,78
12/10/2015 06:00:00 PM,44,19,25
12/10/2015 07:00:00 PM,18,7,11
12/10/2015 08:00:00 PM,9,3,6
12/10/2015 09:00:00 PM,8,1,7
12/10/2015 10:00:00 PM,1,0,1
12/10/2015 11:00:00 PM,4,1,3
12/11/2015 12:00:00 AM,2,1,1
12/11/2015 01:00:00 AM,1,0,1
12/11/2015 02:00:00 AM,3,1,2
12/11/2015 03:00:00 AM,0,0,0
12/11/2015 04:00:00 AM,1,1,0
12/11/2015 05:00:00 AM,2,1,1
12/11/2015 06:00:00 AM,20,10,10
12/11/2015 07:00:00 AM,48,24,24
12/11/2015 08:00:00 AM,81,28,53
12/11/2015 09:00:00 AM,55,21,34
12/11/2015 10:00:00 AM,34,18,16
12/11/2015 11:00:00 AM,21,5,16
12/11/2015 12:00:00 PM,32,11,21
12/11/2015 01:00:00 PM,31,14,17
12/11/2015 02:00:00 PM,30,10,20
12/11/2015 03:00:00 PM,49,13,36
12/11/2015 04:00:00 PM,73,16,57
12/11/2015 05:00:00 PM,99,33,66
12/11/2015 06:00:00 PM,49,16,33
12/11/2015 07:00:00 PM,19,7,12
12/11/2015 08:00:00 PM,3,1,2
12/11/2015 09:00:00 PM,6,1,5
12/11/2015 10:00:00 PM,4,1,3
12/11/2015 11:00:00 PM,6,3,3
12/12/2015 12:00:00 AM,6,0,6
12/12/2015 01:00:00 AM,2,1,1
12/12/2015 02:00:00 AM,1,1,0
12/12/2015 03:00:00 AM,2,1,1
12/12/2015 04:00:00 AM,0,0,0
12/12/2015 05:00:00 AM,0,0,0
12/12/2015 06:00:00 AM,3,2,1
12/12/2015 07:00:00 AM,1,1,0
12/12/2015 08:00:00 AM,5,2,3
12/12/2015 09:00:00 AM,5,3,2
12/12/2015 10:00:00 AM,3,1,2
12/12/2015 11:00:00 AM,4,1,3
12/12/2015 12:00:00 PM,5,0,5
12/12/2015 01:00:00 PM,3,1,2
12/12/2015 02:00:00 PM,5,2,3
12/12/2015 03:00:00 PM,9,5,4
12/12/2015 04:00:00 PM,10,4,6
12/12/2015 05:00:00 PM,5,1,4
12/12/2015 06:00:00 PM,7,1,6
12/12/2015 07:00:00 PM,4,2,2
12/12/2015 08:00:00 PM,4,0,4
12/12/2015 09:00:00 PM,4,0,4
12/12/2015 10:00:00 PM,2,0,2
12/12/2015 11:00:00 PM,2,1,1
12/13/2015 12:00:00 AM,4,0,4
12/13/2015 01:00:00 AM,2,0,2
12/13/2015 02:00:00 AM,2,1,1
12/13/2015 03:00:00 AM,1,1,0
12/13/2015 04:00:00 AM,1,0,1
12/13/2015 05:00:00 AM,1,1,0
12/13/2015 06:00:00 AM,3,3,0
12/13/2015 07:00:00 AM,0,0,0
12/13/2015 08:00:00 AM,2,1,1
12/13/2015 09:00:00 AM,3,1,2
12/13/2015 10:00:00 AM,7,2,5
12/13/2015 11:00:00 AM,2,0,2
12/13/2015 12:00:00 PM,6,2,4
12/13/2015 01:00:00 PM,4,0,4
12/13/2015 02:00:00 PM,5,0,5
12/13/2015 03:00:00 PM,5,4,1
12/13/2015 04:00:00 PM,3,1,2
12/13/2015 05:00:00 PM,6,1,5
12/13/2015 06:00:00 PM,4,1,3
12/13/2015 07:00:00 PM,3,2,1
12/13/2015 08:00:00 PM,3,0,3
12/13/2015 09:00:00 PM,2,0,2
12/13/2015 10:00:00 PM,2,1,1
12/13/2015 11:00:00 PM,2,1,1
12/14/2015 12:00:00 AM,1,1,0
12/14/2015 01:00:00 AM,0,0,0
12/14/2015 02:00:00 AM,0,0,0
12/14/2015 03:00:00 AM,0,0,0
12/14/2015 04:00:00 AM,2,1,1
12/14/2015 05:00:00 AM,6,4,2
12/14/2015 06:00:00 AM,27,13,14
12/14/2015 07:00:00 AM,66,23,43
12/14/2015 08:00:00 AM,110,38,72
12/14/2015 09:00:00 AM,58,22,36
12/14/2015 10:00:00 AM,27,8,19
12/14/2015 11:00:00 AM,22,7,15
12/14/2015 12:00:00 PM,29,13,16
12/14/2015 01:00:00 PM,23,4,19
12/14/2015 02:00:00 PM,29,17,12
12/14/2015 03:00:00 PM,40,14,26
12/14/2015 04:00:00 PM,100,31,69
12/14/2015 05:00:00 PM,124,38,86
12/14/2015 06:00:00 PM,62,27,35
12/14/2015 07:00:00 PM,27,13,14
12/14/2015 08:00:00 PM,8,5,3
12/14/2015 09:00:00 PM,10,1,9
12/14/2015 10:00:00 PM,9,1,8
12/14/2015 11:00:00 PM,3,1,2
12/15/2015 12:00:00 AM,3,0,3
12/15/2015 01:00:00 AM,1,0,1
12/15/2015 02:00:00 AM,2,1,1
12/15/2015 03:00:00 AM,0,0,0
12/15/2015 04:00:00 AM,2,2,0
12/15/2015 05:00:00 AM,8,6,2
12/15/2015 06:00:00 AM,24,14,10
12/15/2015 07:00:00 AM,59,18,41
12/15/2015 08:00:00 AM,103,31,72
12/15/2015 09:00:00 AM,65,28,37
12/15/2015 10:00:00 AM,21,5,16
12/15/2015 11:00:00 AM,27,7,20
12/15/2015 12:00:00 PM,30,13,17
12/15/2015 01:00:00 PM,31,15,16
12/15/2015 02:00:00 PM,29,10,19
12/15/2015 03:00:00 PM,52,15,37
12/15/2015 04:00:00 PM,77,15,62
12/15/2015 05:00:00 PM,143,43,100
12/15/2015 06:00:00 PM,82,21,61
12/15/2015 07:00:00 PM,22,13,9
12/15/2015 08:00:00 PM,9,3,6
12/15/2015 09:00:00 PM,6,3,3
12/15/2015 10:00:00 PM,3,1,2
12/15/2015 11:00:00 PM,0,0,0
12/16/2015 12:00:00 AM,4,0,4
12/16/2015 01:00:00 AM,0,0,0
12/16/2015 02:00:00 AM,1,1,0
12/16/2015 03:00:00 AM,0,0,0
12/16/2015 04:00:00 AM,1,1,0
12/16/2015 05:00:00 AM,7,5,2
12/16/2015 06:00:00 AM,24,13,11
12/16/2015 07:00:00 AM,47,14,33
12/16/2015 08:00:00 AM,90,33,57
12/16/2015 09:00:00 AM,57,19,38
12/16/2015 10:00:00 AM,39,15,24
12/16/2015 11:00:00 AM,19,11,8
12/16/2015 12:00:00 PM,24,14,10
12/16/2015 01:00:00 PM,32,10,22
12/16/2015 02:00:00 PM,27,16,11
12/16/2015 03:00:00 PM,41,14,27
12/16/2015 04:00:00 PM,90,18,72
12/16/2015 05:00:00 PM,121,39,82
12/16/2015 06:00:00 PM,58,18,40
12/16/2015 07:00:00 PM,31,14,17
12/16/2015 08:00:00 PM,18,9,9
12/16/2015 09:00:00 PM,7,4,3
12/16/2015 10:00:00 PM,7,4,3
12/16/2015 11:00:00 PM,2,1,1
12/17/2015 12:00:00 AM,3,0,3
12/17/2015 01:00:00 AM,0,0,0
12/17/2015 02:00:00 AM,2,2,0
12/17/2015 03:00:00 AM,0,0,0
12/17/2015 04:00:00 AM,1,1,0
12/17/2015 05:00:00 AM,8,3,5
12/17/2015 06:00:00 AM,21,13,8
12/17/2015 07:00:00 AM,36,13,23
12/17/2015 08:00:00 AM,61,24,37
12/17/2015 09:00:00 AM,51,18,33
12/17/2015 10:00:00 AM,19,5,14
12/17/2015 11:00:00 AM,13,3,10
12/17/2015 12:00:00 PM,20,9,11
12/17/2015 01:00:00 PM,17,7,10
12/17/2015 02:00:00 PM,20,12,8
12/17/2015 03:00:00 PM,44,12,32
12/17/2015 04:00:00 PM,50,17,33
12/17/2015 05:00:00 PM,102,25,77
12/17/2015 06:00:00 PM,44,15,29
12/17/2015 07:00:00 PM,19,6,13
12/17/2015 08:00:00 PM,6,1,5
12/17/2015 09:00:00 PM,10,3,7
12/17/2015 10:00:00 PM,6,2,4
12/17/2015 11:00:00 PM,1,0,1
12/18/2015 12:00:00 AM,0,0,0
12/18/2015 01:00:00 AM,1,0,1
12/18/2015 02:00:00 AM,1,1,0
12/18/2015 03:00:00 AM,0,0,0
12/18/2015 04:00:00 AM,1,1,0
12/18/2015 05:00:00 AM,4,2,2
12/18/2015 06:00:00 AM,19,12,7
12/18/2015 07:00:00 AM,30,10,20
12/18/2015 08:00:00 AM,63,22,41
12/18/2015 09:00:00 AM,52,18,34
12/18/2015 10:00:00 AM,23,7,16
12/18/2015 11:00:00 AM,23,14,9
12/18/2015 12:00:00 PM,28,9,19
12/18/2015 01:00:00 PM,43,12,31
12/18/2015 02:00:00 PM,38,16,22
12/18/2015 03:00:00 PM,39,12,27
12/18/2015 04:00:00 PM,65,21,44
12/18/2015 05:00:00 PM,78,24,54
12/18/2015 06:00:00 PM,29,10,19
12/18/2015 07:00:00 PM,18,10,8
12/18/2015 08:00:00 PM,13,5,8
12/18/2015 09:00:00 PM,4,1,3
12/18/2015 10:00:00 PM,3,0,3
12/18/2015 11:00:00 PM,7,4,3
12/19/2015 12:00:00 AM,1,0,1
12/19/2015 01:00:00 AM,0,0,0
12/19/2015 02:00:00 AM,2,1,1
12/19/2015 03:00:00 AM,0,0,0
12/19/2015 04:00:00 AM,0,0,0
12/19/2015 05:00:00 AM,0,0,0
12/19/2015 06:00:00 AM,7,4,3
12/19/2015 07:00:00 AM,2,0,2
12/19/2015 08:00:00 AM,3,2,1
12/19/2015 09:00:00 AM,4,2,2
12/19/2015 10:00:00 AM,16,10,6
12/19/2015 11:00:00 AM,12,5,7
12/19/2015 12:00:00 PM,14,2,12
12/19/2015 01:00:00 PM,11,4,7
12/19/2015 02:00:00 PM,25,11,14
12/19/2015 03:00:00 PM,13,6,7
12/19/2015 04:00:00 PM,12,2,10
12/19/2015 05:00:00 PM,7,1,6
12/19/2015 06:00:00 PM,5,3,2
12/19/2015 07:00:00 PM,10,4,6
12/19/2015 08:00:00 PM,5,1,4
12/19/2015 09:00:00 PM,3,0,3
12/19/2015 10:00:00 PM,6,1,5
12/19/2015 11:00:00 PM,2,2,0
12/20/2015 12:00:00 AM,4,1,3
12/20/2015 01:00:00 AM,1,0,1
12/20/2015 02:00:00 AM,3,0,3
12/20/2015 03:00:00 AM,1,0,1
12/20/2015 04:00:00 AM,4,1,3
12/20/2015 05:00:00 AM,1,1,0
12/20/2015 06:00:00 AM,2,1,1
12/20/2015 07:00:00 AM,4,2,2
12/20/2015 08:00:00 AM,5,2,3
12/20/2015 09:00:00 AM,5,2,3
12/20/2015 10:00:00 AM,3,3,0
12/20/2015 11:00:00 AM,16,5,11
12/20/2015 12:00:00 PM,21,7,14
12/20/2015 01:00:00 PM,10,5,5
12/20/2015 02:00:00 PM,18,4,14
12/20/2015 03:00:00 PM,15,7,8
12/20/2015 04:00:00 PM,13,9,4
12/20/2015 05:00:00 PM,17,8,9
12/20/2015 06:00:00 PM,14,5,9
12/20/2015 07:00:00 PM,5,1,4
12/20/2015 08:00:00 PM,7,4,3
12/20/2015 09:00:00 PM,3,1,2
12/20/2015 10:00:00 PM,1,0,1
12/20/2015 11:00:00 PM,3,1,2
12/21/2015 12:00:00 AM,2,1,1
12/21/2015 01:00:00 AM,0,0,0
12/21/2015 02:00:00 AM,0,0,0
12/21/2015 03:00:00 AM,1,1,0
12/21/2015 04:00:00 AM,1,1,0
12/21/2015 05:00:00 AM,5,3,2
12/21/2015 06:00:00 AM,16,9,7
12/21/2015 07:00:00 AM,32,12,20
12/21/2015 08:00:00 AM,66,22,44
12/21/2015 09:00:00 AM,38,21,17
12/21/2015 10:00:00 AM,12,5,7
12/21/2015 11:00:00 AM,25,15,10
12/21/2015 12:00:00 PM,10,4,6
12/21/2015 01:00:00 PM,6,2,4
12/21/2015 02:00:00 PM,18,7,11
12/21/2015 03:00:00 PM,32,9,23
12/21/2015 04:00:00 PM,42,7,35
12/21/2015 05:00:00 PM,84,23,61
12/21/2015 06:00:00 PM,34,12,22
12/21/2015 07:00:00 PM,13,7,6
12/21/2015 08:00:00 PM,9,5,4
12/21/2015 09:00:00 PM,8,0,8
12/21/2015 10:00:00 PM,2,2,0
12/21/2015 11:00:00 PM,2,0,2
12/22/2015 12:00:00 AM,1,0,1
12/22/2015 01:00:00 AM,0,0,0
12/22/2015 02:00:00 AM,1,1,0
12/22/2015 03:00:00 AM,0,0,0
12/22/2015 04:00:00 AM,1,1,0
12/22/2015 05:00:00 AM,7,4,3
12/22/2015 06:00:00 AM,19,9,10
12/22/2015 07:00:00 AM,30,14,16
12/22/2015 08:00:00 AM,71,27,44
12/22/2015 09:00:00 AM,49,19,30
12/22/2015 10:00:00 AM,23,8,15
12/22/2015 11:00:00 AM,24,8,16
12/22/2015 12:00:00 PM,13,6,7
12/22/2015 01:00:00 PM,33,12,21
12/22/2015 02:00:00 PM,29,19,10
12/22/2015 03:00:00 PM,35,11,24
12/22/2015 04:00:00 PM,80,24,56
12/22/2015 05:00:00 PM,90,30,60
12/22/2015 06:00:00 PM,42,17,25
12/22/2015 07:00:00 PM,11,5,6
12/22/2015 08:00:00 PM,5,3,2
12/22/2015 09:00:00 PM,7,2,5
12/22/2015 10:00:00 PM,4,3,1
12/22/2015 11:00:00 PM,0,0,0
12/23/2015 12:00:00 AM,2,0,2
12/23/2015 01:00:00 AM,4,1,3
12/23/2015 02:00:00 AM,1,1,0
12/23/2015 03:00:00 AM,1,0,1
12/23/2015 04:00:00 AM,0,0,0
12/23/2015 05:00:00 AM,8,3,5
12/23/2015 06:00:00 AM,10,6,4
12/23/2015 07:00:00 AM,13,4,9
12/23/2015 08:00:00 AM,49,16,33
12/23/2015 09:00:00 AM,38,15,23
12/23/2015 10:00:00 AM,11,7,4
12/23/2015 11:00:00 AM,23,9,14
12/23/2015 12:00:00 PM,19,3,16
12/23/2015 01:00:00 PM,21,10,11
12/23/2015 02:00:00 PM,20,7,13
12/23/2015 03:00:00 PM,31,9,22
12/23/2015 04:00:00 PM,52,19,33
12/23/2015 05:00:00 PM,59,24,35
12/23/2015 06:00:00 PM,22,11,11
12/23/2015 07:00:00 PM,4,3,1
12/23/2015 08:00:00 PM,1,0,1
12/23/2015 09:00:00 PM,3,0,3
12/23/2015 10:00:00 PM,3,1,2
12/23/2015 11:00:00 PM,1,0,1
12/24/2015 12:00:00 AM,1,0,1
12/24/2015 01:00:00 AM,0,0,0
12/24/2015 02:00:00 AM,1,1,0
12/24/2015 03:00:00 AM,0,0,0
12/24/2015 04:00:00 AM,0,0,0
12/24/2015 05:00:00 AM,5,1,4
12/24/2015 06:00:00 AM,2,2,0
12/24/2015 07:00:00 AM,8,3,5
12/24/2015 08:00:00 AM,14,5,9
12/24/2015 09:00:00 AM,14,6,8
12/24/2015 10:00:00 AM,13,8,5
12/24/2015 11:00:00 AM,13,3,10
12/24/2015 12:00:00 PM,24,11,13
12/24/2015 01:00:00 PM,30,13,17
12/24/2015 02:00:00 PM,12,5,7
12/24/2015 03:00:00 PM,11,3,8
12/24/2015 04:00:00 PM,19,4,15
12/24/2015 05:00:00 PM,5,3,2
12/24/2015 06:00:00 PM,3,2,1
12/24/2015 07:00:00 PM,1,1,0
12/24/2015 08:00:00 PM,1,0,1
12/24/2015 09:00:00 PM,3,0,3
12/24/2015 10:00:00 PM,1,1,0
12/24/2015 11:00:00 PM,2,1,1
12/25/2015 12:00:00 AM,1,1,0
12/25/2015 01:00:00 AM,0,0,0
12/25/2015 02:00:00 AM,1,1,0
12/25/2015 03:00:00 AM,1,0,1
12/25/2015 04:00:00 AM,0,0,0
12/25/2015 05:00:00 AM,0,0,0
12/25/2015 06:00:00 AM,0,0,0
12/25/2015 07:00:00 AM,0,0,0
12/25/2015 08:00:00 AM,0,0,0
12/25/2015 09:00:00 AM,2,1,1
12/25/2015 10:00:00 AM,2,1,1
12/25/2015 11:00:00 AM,1,0,1
12/25/2015 12:00:00 PM,8,2,6
12/25/2015 01:00:00 PM,4,1,3
12/25/2015 02:00:00 PM,6,1,5
12/25/2015 03:00:00 PM,3,0,3
12/25/2015 04:00:00 PM,4,1,3
12/25/2015 05:00:00 PM,2,1,1
12/25/2015 06:00:00 PM,2,0,2
12/25/2015 07:00:00 PM,0,0,0
12/25/2015 08:00:00 PM,0,0,0
12/25/2015 09:00:00 PM,1,1,0
12/25/2015 10:00:00 PM,1,1,0
12/25/2015 11:00:00 PM,2,2,0
12/26/2015 12:00:00 AM,0,0,0
12/26/2015 01:00:00 AM,0,0,0
12/26/2015 02:00:00 AM,1,0,1
12/26/2015 03:00:00 AM,0,0,0
12/26/2015 04:00:00 AM,0,0,0
12/26/2015 05:00:00 AM,0,0,0
12/26/2015 06:00:00 AM,4,3,1
12/26/2015 07:00:00 AM,1,0,1
12/26/2015 08:00:00 AM,2,1,1
12/26/2015 09:00:00 AM,6,2,4
12/26/2015 10:00:00 AM,4,1,3
12/26/2015 11:00:00 AM,9,3,6
12/26/2015 12:00:00 PM,12,2,10
12/26/2015 01:00:00 PM,8,4,4
12/26/2015 02:00:00 PM,14,4,10
12/26/2015 03:00:00 PM,10,2,8
12/26/2015 04:00:00 PM,8,2,6
12/26/2015 05:00:00 PM,13,5,8
12/26/2015 06:00:00 PM,3,1,2
12/26/2015 07:00:00 PM,2,1,1
12/26/2015 08:00:00 PM,3,1,2
12/26/2015 09:00:00 PM,1,0,1
12/26/2015 10:00:00 PM,5,1,4
12/26/2015 11:00:00 PM,4,2,2
12/27/2015 12:00:00 AM,2,0,2
12/27/2015 01:00:00 AM,2,0,2
12/27/2015 02:00:00 AM,1,0,1
12/27/2015 03:00:00 AM,0,0,0
12/27/2015 04:00:00 AM,1,0,1
12/27/2015 05:00:00 AM,0,0,0
12/27/2015 06:00:00 AM,4,1,3
12/27/2015 07:00:00 AM,4,1,3
12/27/2015 08:00:00 AM,4,1,3
12/27/2015 09:00:00 AM,1,0,1
12/27/2015 10:00:00 AM,4,2,2
12/27/2015 11:00:00 AM,9,4,5
12/27/2015 12:00:00 PM,4,0,4
12/27/2015 01:00:00 PM,2,0,2
12/27/2015 02:00:00 PM,3,2,1
12/27/2015 03:00:00 PM,1,1,0
12/27/2015 04:00:00 PM,10,5,5
12/27/2015 05:00:00 PM,8,7,1
12/27/2015 06:00:00 PM,8,3,5
12/27/2015 07:00:00 PM,7,3,4
12/27/2015 08:00:00 PM,2,0,2
12/27/2015 09:00:00 PM,4,2,2
12/27/2015 10:00:00 PM,1,0,1
12/27/2015 11:00:00 PM,2,2,0
12/28/2015 12:00:00 AM,1,0,1
12/28/2015 01:00:00 AM,2,1,1
12/28/2015 02:00:00 AM,0,0,0
12/28/2015 03:00:00 AM,0,0,0
12/28/2015 04:00:00 AM,0,0,0
12/28/2015 05:00:00 AM,2,0,2
12/28/2015 06:00:00 AM,11,6,5
12/28/2015 07:00:00 AM,17,8,9
12/28/2015 08:00:00 AM,52,21,31
12/28/2015 09:00:00 AM,40,18,22
12/28/2015 10:00:00 AM,15,4,11
12/28/2015 11:00:00 AM,14,5,9
12/28/2015 12:00:00 PM,16,6,10
12/28/2015 01:00:00 PM,17,6,11
12/28/2015 02:00:00 PM,21,11,10
12/28/2015 03:00:00 PM,34,10,24
12/28/2015 04:00:00 PM,39,16,23
12/28/2015 05:00:00 PM,56,21,35
12/28/2015 06:00:00 PM,29,15,14
12/28/2015 07:00:00 PM,10,5,5
12/28/2015 08:00:00 PM,3,1,2
12/28/2015 09:00:00 PM,7,2,5
12/28/2015 10:00:00 PM,7,3,4
12/28/2015 11:00:00 PM,1,0,1
12/29/2015 12:00:00 AM,3,0,3
12/29/2015 01:00:00 AM,0,0,0
12/29/2015 02:00:00 AM,1,1,0
12/29/2015 03:00:00 AM,0,0,0
12/29/2015 04:00:00 AM,0,0,0
12/29/2015 05:00:00 AM,8,5,3
12/29/2015 06:00:00 AM,11,6,5
12/29/2015 07:00:00 AM,36,15,21
12/29/2015 08:00:00 AM,61,23,38
12/29/2015 09:00:00 AM,33,12,21
12/29/2015 10:00:00 AM,22,10,12
12/29/2015 11:00:00 AM,19,8,11
12/29/2015 12:00:00 PM,19,11,8
12/29/2015 01:00:00 PM,20,8,12
12/29/2015 02:00:00 PM,14,6,8
12/29/2015 03:00:00 PM,39,14,25
12/29/2015 04:00:00 PM,41,9,32
12/29/2015 05:00:00 PM,81,22,59
12/29/2015 06:00:00 PM,39,20,19
12/29/2015 07:00:00 PM,6,1,5
12/29/2015 08:00:00 PM,4,1,3
12/29/2015 09:00:00 PM,6,2,4
12/29/2015 10:00:00 PM,6,1,5
12/29/2015 11:00:00 PM,4,2,2
12/30/2015 12:00:00 AM,6,2,4
12/30/2015 01:00:00 AM,1,0,1
12/30/2015 02:00:00 AM,1,1,0
12/30/2015 03:00:00 AM,0,0,0
12/30/2015 04:00:00 AM,0,0,0
12/30/2015 05:00:00 AM,5,3,2
12/30/2015 06:00:00 AM,16,8,8
12/30/2015 07:00:00 AM,27,9,18
12/30/2015 08:00:00 AM,50,27,23
12/30/2015 09:00:00 AM,38,15,23
12/30/2015 10:00:00 AM,29,13,16
12/30/2015 11:00:00 AM,17,5,12
12/30/2015 12:00:00 PM,26,15,11
12/30/2015 01:00:00 PM,22,8,14
12/30/2015 02:00:00 PM,21,5,16
12/30/2015 03:00:00 PM,36,9,27
12/30/2015 04:00:00 PM,49,16,33
12/30/2015 05:00:00 PM,81,32,49
12/30/2015 06:00:00 PM,30,13,17
12/30/2015 07:00:00 PM,12,4,8
12/30/2015 08:00:00 PM,7,5,2
12/30/2015 09:00:00 PM,4,0,4
12/30/2015 10:00:00 PM,4,1,3
12/30/2015 11:00:00 PM,3,1,2
12/31/2015 12:00:00 AM,2,1,1
12/31/2015 01:00:00 AM,1,1,0
12/31/2015 02:00:00 AM,1,1,0
12/31/2015 03:00:00 AM,0,0,0
12/31/2015 04:00:00 AM,1,0,1
12/31/2015 05:00:00 AM,2,1,1
12/31/2015 06:00:00 AM,10,7,3
12/31/2015 07:00:00 AM,18,6,12
12/31/2015 08:00:00 AM,38,15,23
12/31/2015 09:00:00 AM,25,9,16
12/31/2015 10:00:00 AM,13,5,8
12/31/2015 11:00:00 AM,24,11,13
12/31/2015 12:00:00 PM,23,11,12
12/31/2015 01:00:00 PM,33,12,21
12/31/2015 02:00:00 PM,31,12,19
12/31/2015 03:00:00 PM,44,14,30
12/31/2015 04:00:00 PM,30,17,13
12/31/2015 05:00:00 PM,25,11,14
12/31/2015 06:00:00 PM,16,10,6
12/31/2015 07:00:00 PM,11,4,7
12/31/2015 08:00:00 PM,3,2,1
12/31/2015 09:00:00 PM,8,3,5
12/31/2015 10:00:00 PM,5,4,1
12/31/2015 11:00:00 PM,0,0,0
01/01/2016 12:00:00 AM,5,0,5
01/01/2016 01:00:00 AM,2,0,2
01/01/2016 02:00:00 AM,7,2,5
01/01/2016 03:00:00 AM,0,0,0
01/01/2016 04:00:00 AM,2,0,2
01/01/2016 05:00:00 AM,0,0,0
01/01/2016 06:00:00 AM,0,0,0
01/01/2016 07:00:00 AM,0,0,0
01/01/2016 08:00:00 AM,2,2,0
01/01/2016 09:00:00 AM,2,1,1
01/01/2016 10:00:00 AM,5,2,3
01/01/2016 11:00:00 AM,4,0,4
01/01/2016 12:00:00 PM,10,5,5
01/01/2016 01:00:00 PM,11,4,7
01/01/2016 02:00:00 PM,19,4,15
01/01/2016 03:00:00 PM,12,2,10
01/01/2016 04:00:00 PM,11,7,4
01/01/2016 05:00:00 PM,6,2,4
01/01/2016 06:00:00 PM,2,1,1
01/01/2016 07:00:00 PM,4,1,3
01/01/2016 08:00:00 PM,1,0,1
01/01/2016 09:00:00 PM,0,0,0
01/01/2016 10:00:00 PM,2,0,2
01/01/2016 11:00:00 PM,1,0,1
01/02/2016 12:00:00 AM,1,1,0
01/02/2016 01:00:00 AM,4,0,4
01/02/2016 02:00:00 AM,1,0,1
01/02/2016 03:00:00 AM,0,0,0
01/02/2016 04:00:00 AM,0,0,0
01/02/2016 05:00:00 AM,0,0,0
01/02/2016 06:00:00 AM,3,2,1
01/02/2016 07:00:00 AM,2,2,0
01/02/2016 08:00:00 AM,2,2,0
01/02/2016 09:00:00 AM,4,0,4
01/02/2016 10:00:00 AM,5,0,5
01/02/2016 11:00:00 AM,16,2,14
01/02/2016 12:00:00 PM,17,6,11
01/02/2016 01:00:00 PM,13,5,8
01/02/2016 02:00:00 PM,12,6,6
01/02/2016 03:00:00 PM,10,6,4
01/02/2016 04:00:00 PM,7,5,2
01/02/2016 05:00:00 PM,15,6,9
01/02/2016 06:00:00 PM,4,2,2
01/02/2016 07:00:00 PM,4,1,3
01/02/2016 08:00:00 PM,6,0,6
01/02/2016 09:00:00 PM,1,0,1
01/02/2016 10:00:00 PM,4,2,2
01/02/2016 11:00:00 PM,0,0,0
01/03/2016 12:00:00 AM,1,0,1
01/03/2016 01:00:00 AM,2,0,2
01/03/2016 02:00:00 AM,1,0,1
01/03/2016 03:00:00 AM,1,0,1
01/03/2016 04:00:00 AM,0,0,0
01/03/2016 05:00:00 AM,0,0,0
01/03/2016 06:00:00 AM,1,1,0
01/03/2016 07:00:00 AM,2,2,0
01/03/2016 08:00:00 AM,1,0,1
01/03/2016 09:00:00 AM,4,2,2
01/03/2016 10:00:00 AM,4,1,3
01/03/2016 11:00:00 AM,8,7,1
01/03/2016 12:00:00 PM,8,3,5
01/03/2016 01:00:00 PM,6,2,4
01/03/2016 02:00:00 PM,7,3,4
01/03/2016 03:00:00 PM,3,2,1
01/03/2016 04:00:00 PM,11,0,11
01/03/2016 05:00:00 PM,5,2,3
01/03/2016 06:00:00 PM,6,0,6
01/03/2016 07:00:00 PM,7,1,6
01/03/2016 08:00:00 PM,0,0,0
01/03/2016 09:00:00 PM,4,2,2
01/03/2016 10:00:00 PM,0,0,0
01/03/2016 11:00:00 PM,2,1,1
01/04/2016 12:00:00 AM,0,0,0
01/04/2016 01:00:00 AM,0,0,0
01/04/2016 02:00:00 AM,0,0,0
01/04/2016 03:00:00 AM,0,0,0
01/04/2016 04:00:00 AM,0,0,0
01/04/2016 05:00:00 AM,4,3,1
01/04/2016 06:00:00 AM,17,12,5
01/04/2016 07:00:00 AM,42,19,23
01/04/2016 08:00:00 AM,74,19,55
01/04/2016 09:00:00 AM,59,27,32
01/04/2016 10:00:00 AM,29,8,21
01/04/2016 11:00:00 AM,14,3,11
01/04/2016 12:00:00 PM,20,6,14
01/04/2016 01:00:00 PM,18,6,12
01/04/2016 02:00:00 PM,15,7,8
01/04/2016 03:00:00 PM,37,10,27
01/04/2016 04:00:00 PM,60,9,51
01/04/2016 05:00:00 PM,111,37,74
01/04/2016 06:00:00 PM,53,25,28
01/04/2016 07:00:00 PM,14,8,6
01/04/2016 08:00:00 PM,3,2,1
01/04/2016 09:00:00 PM,8,4,4
01/04/2016 10:00:00 PM,5,0,5
01/04/2016 11:00:00 PM,1,1,0
01/05/2016 12:00:00 AM,3,1,2
01/05/2016 01:00:00 AM,0,0,0
01/05/2016 02:00:00 AM,3,1,2
01/05/2016 03:00:00 AM,1,0,1
01/05/2016 04:00:00 AM,0,0,0
01/05/2016 05:00:00 AM,9,5,4
01/05/2016 06:00:00 AM,32,18,14
01/05/2016 07:00:00 AM,60,22,38
01/05/2016 08:00:00 AM,83,28,55
01/05/2016 09:00:00 AM,61,27,34
01/05/2016 10:00:00 AM,22,11,11
01/05/2016 11:00:00 AM,20,7,13
01/05/2016 12:00:00 PM,15,4,11
01/05/2016 01:00:00 PM,24,11,13
01/05/2016 02:00:00 PM,23,12,11
01/05/2016 03:00:00 PM,42,13,29
01/05/2016 04:00:00 PM,72,22,50
01/05/2016 05:00:00 PM,115,30,85
01/05/2016 06:00:00 PM,72,31,41
01/05/2016 07:00:00 PM,21,7,14
01/05/2016 08:00:00 PM,5,2,3
01/05/2016 09:00:00 PM,5,2,3
01/05/2016 10:00:00 PM,7,3,4
01/05/2016 11:00:00 PM,0,0,0
01/06/2016 12:00:00 AM,2,0,2
01/06/2016 01:00:00 AM,0,0,0
01/06/2016 02:00:00 AM,1,1,0
01/06/2016 03:00:00 AM,0,0,0
01/06/2016 04:00:00 AM,0,0,0
01/06/2016 05:00:00 AM,10,6,4
01/06/2016 06:00:00 AM,24,14,10
01/06/2016 07:00:00 AM,68,26,42
01/06/2016 08:00:00 AM,114,35,79
01/06/2016 09:00:00 AM,57,25,32
01/06/2016 10:00:00 AM,32,13,19
01/06/2016 11:00:00 AM,21,9,12
01/06/2016 12:00:00 PM,20,10,10
01/06/2016 01:00:00 PM,29,12,17
01/06/2016 02:00:00 PM,30,15,15
01/06/2016 03:00:00 PM,54,17,37
01/06/2016 04:00:00 PM,91,20,71
01/06/2016 05:00:00 PM,145,42,103
01/06/2016 06:00:00 PM,69,28,41
01/06/2016 07:00:00 PM,21,9,12
01/06/2016 08:00:00 PM,15,5,10
01/06/2016 09:00:00 PM,6,3,3
01/06/2016 10:00:00 PM,7,4,3
01/06/2016 11:00:00 PM,1,0,1
01/07/2016 12:00:00 AM,1,0,1
01/07/2016 01:00:00 AM,1,0,1
01/07/2016 02:00:00 AM,1,1,0
01/07/2016 03:00:00 AM,0,0,0
01/07/2016 04:00:00 AM,1,1,0
01/07/2016 05:00:00 AM,5,5,0
01/07/2016 06:00:00 AM,33,14,19
01/07/2016 07:00:00 AM,55,23,32
01/07/2016 08:00:00 AM,99,28,71
01/07/2016 09:00:00 AM,57,23,34
01/07/2016 10:00:00 AM,25,5,20
01/07/2016 11:00:00 AM,29,9,20
01/07/2016 12:00:00 PM,29,14,15
01/07/2016 01:00:00 PM,26,12,14
01/07/2016 02:00:00 PM,25,10,15
01/07/2016 03:00:00 PM,54,19,35
01/07/2016 04:00:00 PM,98,30,68
01/07/2016 05:00:00 PM,151,42,109
01/07/2016 06:00:00 PM,76,30,46
01/07/2016 07:00:00 PM,32,12,20
01/07/2016 08:00:00 PM,19,7,12
01/07/2016 09:00:00 PM,6,2,4
01/07/2016 10:00:00 PM,7,3,4
01/07/2016 11:00:00 PM,3,2,1
01/08/2016 12:00:00 AM,2,0,2
01/08/2016 01:00:00 AM,1,0,1
01/08/2016 02:00:00 AM,2,1,1
01/08/2016 03:00:00 AM,0,0,0
01/08/2016 04:00:00 AM,0,0,0
01/08/2016 05:00:00 AM,7,3,4
01/08/2016 06:00:00 AM,26,15,11
01/08/2016 07:00:00 AM,51,19,32
01/08/2016 08:00:00 AM,86,31,55
01/08/2016 09:00:00 AM,50,21,29
01/08/2016 10:00:00 AM,26,14,12
01/08/2016 11:00:00 AM,31,10,21
01/08/2016 12:00:00 PM,43,23,20
01/08/2016 01:00:00 PM,31,7,24
01/08/2016 02:00:00 PM,23,11,12
01/08/2016 03:00:00 PM,66,15,51
01/08/2016 04:00:00 PM,81,28,53
01/08/2016 05:00:00 PM,113,31,82
01/08/2016 06:00:00 PM,61,32,29
01/08/2016 07:00:00 PM,15,6,9
01/08/2016 08:00:00 PM,13,7,6
01/08/2016 09:00:00 PM,7,0,7
01/08/2016 10:00:00 PM,8,3,5
01/08/2016 11:00:00 PM,6,2,4
01/09/2016 12:00:00 AM,4,2,2
01/09/2016 01:00:00 AM,0,0,0
01/09/2016 02:00:00 AM,3,0,3
01/09/2016 03:00:00 AM,0,0,0
01/09/2016 04:00:00 AM,0,0,0
01/09/2016 05:00:00 AM,1,0,1
01/09/2016 06:00:00 AM,3,1,2
01/09/2016 07:00:00 AM,1,1,0
01/09/2016 08:00:00 AM,5,2,3
01/09/2016 09:00:00 AM,9,6,3
01/09/2016 10:00:00 AM,9,1,8
01/09/2016 11:00:00 AM,10,3,7
01/09/2016 12:00:00 PM,13,5,8
01/09/2016 01:00:00 PM,21,5,16
01/09/2016 02:00:00 PM,27,13,14
01/09/2016 03:00:00 PM,22,14,8
01/09/2016 04:00:00 PM,17,8,9
01/09/2016 05:00:00 PM,9,5,4
01/09/2016 06:00:00 PM,14,4,10
01/09/2016 07:00:00 PM,5,1,4
01/09/2016 08:00:00 PM,4,0,4
01/09/2016 09:00:00 PM,1,0,1
01/09/2016 10:00:00 PM,3,1,2
01/09/2016 11:00:00 PM,7,1,6
01/10/2016 12:00:00 AM,9,5,4
01/10/2016 01:00:00 AM,2,0,2
01/10/2016 02:00:00 AM,2,0,2
01/10/2016 03:00:00 AM,0,0,0
01/10/2016 04:00:00 AM,0,0,0
01/10/2016 05:00:00 AM,0,0,0
01/10/2016 06:00:00 AM,4,4,0
01/10/2016 07:00:00 AM,2,2,0
01/10/2016 08:00:00 AM,9,3,6
01/10/2016 09:00:00 AM,8,1,7
01/10/2016 10:00:00 AM,10,6,4
01/10/2016 11:00:00 AM,22,16,6
01/10/2016 12:00:00 PM,14,5,9
01/10/2016 01:00:00 PM,12,3,9
01/10/2016 02:00:00 PM,25,12,13
01/10/2016 03:00:00 PM,13,3,10
01/10/2016 04:00:00 PM,9,3,6
01/10/2016 05:00:00 PM,12,3,9
01/10/2016 06:00:00 PM,14,4,10
01/10/2016 07:00:00 PM,9,4,5
01/10/2016 08:00:00 PM,1,1,0
01/10/2016 09:00:00 PM,5,2,3
01/10/2016 10:00:00 PM,4,2,2
01/10/2016 11:00:00 PM,1,1,0
01/11/2016 12:00:00 AM,2,0,2
01/11/2016 01:00:00 AM,0,0,0
01/11/2016 02:00:00 AM,1,0,1
01/11/2016 03:00:00 AM,1,0,1
01/11/2016 04:00:00 AM,2,2,0
01/11/2016 05:00:00 AM,6,3,3
01/11/2016 06:00:00 AM,28,15,13
01/11/2016 07:00:00 AM,54,26,28
01/11/2016 08:00:00 AM,90,29,61
01/11/2016 09:00:00 AM,56,25,31
01/11/2016 10:00:00 AM,27,11,16
01/11/2016 11:00:00 AM,18,9,9
01/11/2016 12:00:00 PM,23,11,12
01/11/2016 01:00:00 PM,19,8,11
01/11/2016 02:00:00 PM,26,15,11
01/11/2016 03:00:00 PM,39,7,32
01/11/2016 04:00:00 PM,76,24,52
01/11/2016 05:00:00 PM,148,51,97
01/11/2016 06:00:00 PM,57,23,34
01/11/2016 07:00:00 PM,19,9,10
01/11/2016 08:00:00 PM,7,2,5
01/11/2016 09:00:00 PM,8,3,5
01/11/2016 10:00:00 PM,3,2,1
01/11/2016 11:00:00 PM,2,1,1
01/12/2016 12:00:00 AM,1,0,1
01/12/2016 01:00:00 AM,1,0,1
01/12/2016 02:00:00 AM,2,1,1
01/12/2016 03:00:00 AM,1,0,1
01/12/2016 04:00:00 AM,0,0,0
01/12/2016 05:00:00 AM,6,2,4
01/12/2016 06:00:00 AM,33,18,15
01/12/2016 07:00:00 AM,61,22,39
01/12/2016 08:00:00 AM,97,33,64
01/12/2016 09:00:00 AM,48,18,30
01/12/2016 10:00:00 AM,21,9,12
01/12/2016 11:00:00 AM,19,11,8
01/12/2016 12:00:00 PM,19,8,11
01/12/2016 01:00:00 PM,24,7,17
01/12/2016 02:00:00 PM,28,15,13
01/12/2016 03:00:00 PM,25,5,20
01/12/2016 04:00:00 PM,69,10,59
01/12/2016 05:00:00 PM,132,49,83
01/12/2016 06:00:00 PM,58,22,36
01/12/2016 07:00:00 PM,20,10,10
01/12/2016 08:00:00 PM,7,1,6
01/12/2016 09:00:00 PM,3,2,1
01/12/2016 10:00:00 PM,5,3,2
01/12/2016 11:00:00 PM,1,0,1
01/13/2016 12:00:00 AM,3,0,3
01/13/2016 01:00:00 AM,0,0,0
01/13/2016 02:00:00 AM,1,0,1
01/13/2016 03:00:00 AM,0,0,0
01/13/2016 04:00:00 AM,1,1,0
01/13/2016 05:00:00 AM,5,3,2
01/13/2016 06:00:00 AM,19,10,9
01/13/2016 07:00:00 AM,40,15,25
01/13/2016 08:00:00 AM,64,25,39
01/13/2016 09:00:00 AM,37,18,19
01/13/2016 10:00:00 AM,18,9,9
01/13/2016 11:00:00 AM,19,7,12
01/13/2016 12:00:00 PM,15,8,7
01/13/2016 01:00:00 PM,19,8,11
01/13/2016 02:00:00 PM,15,4,11
01/13/2016 03:00:00 PM,33,11,22
01/13/2016 04:00:00 PM,66,20,46
01/13/2016 05:00:00 PM,121,34,87
01/13/2016 06:00:00 PM,49,19,30
01/13/2016 07:00:00 PM,22,11,11
01/13/2016 08:00:00 PM,12,6,6
01/13/2016 09:00:00 PM,5,2,3
01/13/2016 10:00:00 PM,2,1,1
01/13/2016 11:00:00 PM,1,0,1
01/14/2016 12:00:00 AM,4,0,4
01/14/2016 01:00:00 AM,0,0,0
01/14/2016 02:00:00 AM,1,1,0
01/14/2016 03:00:00 AM,0,0,0
01/14/2016 04:00:00 AM,0,0,0
01/14/2016 05:00:00 AM,3,1,2
01/14/2016 06:00:00 AM,27,13,14
01/14/2016 07:00:00 AM,50,22,28
01/14/2016 08:00:00 AM,107,34,73
01/14/2016 09:00:00 AM,75,30,45
01/14/2016 10:00:00 AM,27,14,13
01/14/2016 11:00:00 AM,31,13,18
01/14/2016 12:00:00 PM,29,11,18
01/14/2016 01:00:00 PM,33,12,21
01/14/2016 02:00:00 PM,24,10,14
01/14/2016 03:00:00 PM,52,17,35
01/14/2016 04:00:00 PM,84,20,64
01/14/2016 05:00:00 PM,160,55,105
01/14/2016 06:00:00 PM,77,38,39
01/14/2016 07:00:00 PM,25,10,15
01/14/2016 08:00:00 PM,15,6,9
01/14/2016 09:00:00 PM,7,1,6
01/14/2016 10:00:00 PM,7,4,3
01/14/2016 11:00:00 PM,4,3,1
01/15/2016 12:00:00 AM,3,0,3
01/15/2016 01:00:00 AM,1,0,1
01/15/2016 02:00:00 AM,1,1,0
01/15/2016 03:00:00 AM,0,0,0
01/15/2016 04:00:00 AM,0,0,0
01/15/2016 05:00:00 AM,2,0,2
01/15/2016 06:00:00 AM,17,10,7
01/15/2016 07:00:00 AM,44,13,31
01/15/2016 08:00:00 AM,79,26,53
01/15/2016 09:00:00 AM,59,25,34
01/15/2016 10:00:00 AM,24,10,14
01/15/2016 11:00:00 AM,20,10,10
01/15/2016 12:00:00 PM,32,14,18
01/15/2016 01:00:00 PM,17,4,13
01/15/2016 02:00:00 PM,23,6,17
01/15/2016 03:00:00 PM,44,16,28
01/15/2016 04:00:00 PM,69,26,43
01/15/2016 05:00:00 PM,93,26,67
01/15/2016 06:00:00 PM,58,24,34
01/15/2016 07:00:00 PM,33,17,16
01/15/2016 08:00:00 PM,9,4,5
01/15/2016 09:00:00 PM,7,1,6
01/15/2016 10:00:00 PM,5,3,2
01/15/2016 11:00:00 PM,7,3,4
01/16/2016 12:00:00 AM,2,0,2
01/16/2016 01:00:00 AM,0,0,0
01/16/2016 02:00:00 AM,0,0,0
01/16/2016 03:00:00 AM,0,0,0
01/16/2016 04:00:00 AM,0,0,0
01/16/2016 05:00:00 AM,1,0,1
01/16/2016 06:00:00 AM,1,1,0
01/16/2016 07:00:00 AM,0,0,0
01/16/2016 08:00:00 AM,4,2,2
01/16/2016 09:00:00 AM,7,5,2
01/16/2016 10:00:00 AM,6,1,5
01/16/2016 11:00:00 AM,12,3,9
01/16/2016 12:00:00 PM,10,5,5
01/16/2016 01:00:00 PM,14,3,11
01/16/2016 02:00:00 PM,11,3,8
01/16/2016 03:00:00 PM,8,6,2
01/16/2016 04:00:00 PM,6,3,3
01/16/2016 05:00:00 PM,5,2,3
01/16/2016 06:00:00 PM,8,3,5
01/16/2016 07:00:00 PM,4,1,3
01/16/2016 08:00:00 PM,6,3,3
01/16/2016 09:00:00 PM,5,2,3
01/16/2016 10:00:00 PM,3,1,2
01/16/2016 11:00:00 PM,2,2,0
01/17/2016 12:00:00 AM,5,1,4
01/17/2016 01:00:00 AM,5,1,4
01/17/2016 02:00:00 AM,1,1,0
01/17/2016 03:00:00 AM,0,0,0
01/17/2016 04:00:00 AM,0,0,0
01/17/2016 05:00:00 AM,0,0,0
01/17/2016 06:00:00 AM,2,2,0
01/17/2016 07:00:00 AM,2,2,0
01/17/2016 08:00:00 AM,3,1,2
01/17/2016 09:00:00 AM,1,0,1
01/17/2016 10:00:00 AM,0,0,0
01/17/2016 11:00:00 AM,8,5,3
01/17/2016 12:00:00 PM,9,4,5
01/17/2016 01:00:00 PM,8,4,4
01/17/2016 02:00:00 PM,15,5,10
01/17/2016 03:00:00 PM,7,3,4
01/17/2016 04:00:00 PM,9,4,5
01/17/2016 05:00:00 PM,7,4,3
01/17/2016 06:00:00 PM,0,0,0
01/17/2016 07:00:00 PM,5,1,4
01/17/2016 08:00:00 PM,2,0,2
01/17/2016 09:00:00 PM,3,1,2
01/17/2016 10:00:00 PM,3,0,3
01/17/2016 11:00:00 PM,3,1,2
01/18/2016 12:00:00 AM,1,0,1
01/18/2016 01:00:00 AM,0,0,0
01/18/2016 02:00:00 AM,0,0,0
01/18/2016 03:00:00 AM,3,0,3
01/18/2016 04:00:00 AM,0,0,0
01/18/2016 05:00:00 AM,3,2,1
01/18/2016 06:00:00 AM,18,10,8
01/18/2016 07:00:00 AM,22,9,13
01/18/2016 08:00:00 AM,53,19,34
01/18/2016 09:00:00 AM,36,16,20
01/18/2016 10:00:00 AM,19,9,10
01/18/2016 11:00:00 AM,17,5,12
01/18/2016 12:00:00 PM,31,14,17
01/18/2016 01:00:00 PM,43,14,29
01/18/2016 02:00:00 PM,47,19,28
01/18/2016 03:00:00 PM,39,14,25
01/18/2016 04:00:00 PM,52,17,35
01/18/2016 05:00:00 PM,71,20,51
01/18/2016 06:00:00 PM,41,14,27
01/18/2016 07:00:00 PM,18,7,11
01/18/2016 08:00:00 PM,8,3,5
01/18/2016 09:00:00 PM,5,2,3
01/18/2016 10:00:00 PM,5,2,3
01/18/2016 11:00:00 PM,3,2,1
01/19/2016 12:00:00 AM,1,0,1
01/19/2016 01:00:00 AM,0,0,0
01/19/2016 02:00:00 AM,5,1,4
01/19/2016 03:00:00 AM,1,1,0
01/19/2016 04:00:00 AM,0,0,0
01/19/2016 05:00:00 AM,8,6,2
01/19/2016 06:00:00 AM,36,19,17
01/19/2016 07:00:00 AM,56,18,38
01/19/2016 08:00:00 AM,110,35,75
01/19/2016 09:00:00 AM,67,28,39
01/19/2016 10:00:00 AM,31,13,18
01/19/2016 11:00:00 AM,36,16,20
01/19/2016 12:00:00 PM,21,12,9
01/19/2016 01:00:00 PM,19,12,7
01/19/2016 02:00:00 PM,28,12,16
01/19/2016 03:00:00 PM,36,7,29
01/19/2016 04:00:00 PM,79,21,58
01/19/2016 05:00:00 PM,135,42,93
01/19/2016 06:00:00 PM,58,26,32
01/19/2016 07:00:00 PM,21,10,11
01/19/2016 08:00:00 PM,8,4,4
01/19/2016 09:00:00 PM,5,2,3
01/19/2016 10:00:00 PM,3,3,0
01/19/2016 11:00:00 PM,0,0,0
01/20/2016 12:00:00 AM,4,0,4
01/20/2016 01:00:00 AM,1,1,0
01/20/2016 02:00:00 AM,1,1,0
01/20/2016 03:00:00 AM,0,0,0
01/20/2016 04:00:00 AM,1,1,0
01/20/2016 05:00:00 AM,9,5,4
01/20/2016 06:00:00 AM,29,16,13
01/20/2016 07:00:00 AM,54,21,33
01/20/2016 08:00:00 AM,95,32,63
01/20/2016 09:00:00 AM,68,28,40
01/20/2016 10:00:00 AM,24,8,16
01/20/2016 11:00:00 AM,21,7,14
01/20/2016 12:00:00 PM,33,14,19
01/20/2016 01:00:00 PM,30,11,19
01/20/2016 02:00:00 PM,23,11,12
01/20/2016 03:00:00 PM,39,9,30
01/20/2016 04:00:00 PM,94,29,65
01/20/2016 05:00:00 PM,159,51,108
01/20/2016 06:00:00 PM,71,36,35
01/20/2016 07:00:00 PM,19,7,12
01/20/2016 08:00:00 PM,10,6,4
01/20/2016 09:00:00 PM,8,3,5
01/20/2016 10:00:00 PM,6,3,3
01/20/2016 11:00:00 PM,0,0,0
01/21/2016 12:00:00 AM,1,0,1
01/21/2016 01:00:00 AM,1,0,1
01/21/2016 02:00:00 AM,2,1,1
01/21/2016 03:00:00 AM,1,0,1
01/21/2016 04:00:00 AM,1,0,1
01/21/2016 05:00:00 AM,4,2,2
01/21/2016 06:00:00 AM,16,10,6
01/21/2016 07:00:00 AM,39,15,24
01/21/2016 08:00:00 AM,60,23,37
01/21/2016 09:00:00 AM,32,14,18
01/21/2016 10:00:00 AM,11,9,2
01/21/2016 11:00:00 AM,12,2,10
01/21/2016 12:00:00 PM,20,8,12
01/21/2016 01:00:00 PM,11,4,7
01/21/2016 02:00:00 PM,21,10,11
01/21/2016 03:00:00 PM,20,6,14
01/21/2016 04:00:00 PM,63,19,44
01/21/2016 05:00:00 PM,90,27,63
01/21/2016 06:00:00 PM,44,13,31
01/21/2016 07:00:00 PM,16,4,12
01/21/2016 08:00:00 PM,12,6,6
01/21/2016 09:00:00 PM,6,1,5
01/21/2016 10:00:00 PM,3,0,3
01/21/2016 11:00:00 PM,2,1,1
01/22/2016 12:00:00 AM,3,1,2
01/22/2016 01:00:00 AM,0,0,0
01/22/2016 02:00:00 AM,1,1,0
01/22/2016 03:00:00 AM,0,0,0
01/22/2016 04:00:00 AM,2,2,0
01/22/2016 05:00:00 AM,4,4,0
01/22/2016 06:00:00 AM,17,13,4
01/22/2016 07:00:00 AM,33,15,18
01/22/2016 08:00:00 AM,68,26,42
01/22/2016 09:00:00 AM,53,21,32
01/22/2016 10:00:00 AM,21,10,11
01/22/2016 11:00:00 AM,26,9,17
01/22/2016 12:00:00 PM,29,11,18
01/22/2016 01:00:00 PM,24,8,16
01/22/2016 02:00:00 PM,23,11,12
01/22/2016 03:00:00 PM,47,12,35
01/22/2016 04:00:00 PM,83,25,58
01/22/2016 05:00:00 PM,91,27,64
01/22/2016 06:00:00 PM,51,18,33
01/22/2016 07:00:00 PM,26,9,17
01/22/2016 08:00:00 PM,11,1,10
01/22/2016 09:00:00 PM,5,2,3
01/22/2016 10:00:00 PM,7,4,3
01/22/2016 11:00:00 PM,4,3,1
01/23/2016 12:00:00 AM,6,5,1
01/23/2016 01:00:00 AM,3,1,2
01/23/2016 02:00:00 AM,0,0,0
01/23/2016 03:00:00 AM,0,0,0
01/23/2016 04:00:00 AM,0,0,0
01/23/2016 05:00:00 AM,0,0,0
01/23/2016 06:00:00 AM,2,2,0
01/23/2016 07:00:00 AM,1,0,1
01/23/2016 08:00:00 AM,4,1,3
01/23/2016 09:00:00 AM,6,2,4
01/23/2016 10:00:00 AM,3,1,2
01/23/2016 11:00:00 AM,4,0,4
01/23/2016 12:00:00 PM,6,4,2
01/23/2016 01:00:00 PM,9,5,4
01/23/2016 02:00:00 PM,5,3,2
01/23/2016 03:00:00 PM,8,2,6
01/23/2016 04:00:00 PM,9,5,4
01/23/2016 05:00:00 PM,10,2,8
01/23/2016 06:00:00 PM,11,5,6
01/23/2016 07:00:00 PM,11,4,7
01/23/2016 08:00:00 PM,4,2,2
01/23/2016 09:00:00 PM,7,3,4
01/23/2016 10:00:00 PM,2,0,2
01/23/2016 11:00:00 PM,2,0,2
01/24/2016 12:00:00 AM,2,1,1
01/24/2016 01:00:00 AM,2,0,2
01/24/2016 02:00:00 AM,2,2,0
01/24/2016 03:00:00 AM,0,0,0
01/24/2016 04:00:00 AM,0,0,0
01/24/2016 05:00:00 AM,0,0,0
01/24/2016 06:00:00 AM,1,1,0
01/24/2016 07:00:00 AM,1,1,0
01/24/2016 08:00:00 AM,1,0,1
01/24/2016 09:00:00 AM,10,3,7
01/24/2016 10:00:00 AM,4,0,4
01/24/2016 11:00:00 AM,14,7,7
01/24/2016 12:00:00 PM,23,10,13
01/24/2016 01:00:00 PM,24,8,16
01/24/2016 02:00:00 PM,26,7,19
01/24/2016 03:00:00 PM,20,9,11
01/24/2016 04:00:00 PM,12,6,6
01/24/2016 05:00:00 PM,15,7,8
01/24/2016 06:00:00 PM,7,3,4
01/24/2016 07:00:00 PM,9,4,5
01/24/2016 08:00:00 PM,4,3,1
01/24/2016 09:00:00 PM,3,1,2
01/24/2016 10:00:00 PM,3,2,1
01/24/2016 11:00:00 PM,1,0,1
01/25/2016 12:00:00 AM,2,0,2
01/25/2016 01:00:00 AM,0,0,0
01/25/2016 02:00:00 AM,0,0,0
01/25/2016 03:00:00 AM,6,3,3
01/25/2016 04:00:00 AM,3,0,3
01/25/2016 05:00:00 AM,7,4,3
01/25/2016 06:00:00 AM,20,11,9
01/25/2016 07:00:00 AM,63,23,40
01/25/2016 08:00:00 AM,116,40,76
01/25/2016 09:00:00 AM,64,30,34
01/25/2016 10:00:00 AM,21,9,12
01/25/2016 11:00:00 AM,29,14,15
01/25/2016 12:00:00 PM,26,12,14
01/25/2016 01:00:00 PM,34,11,23
01/25/2016 02:00:00 PM,31,16,15
01/25/2016 03:00:00 PM,50,21,29
01/25/2016 04:00:00 PM,86,25,61
01/25/2016 05:00:00 PM,169,55,114
01/25/2016 06:00:00 PM,71,25,46
01/25/2016 07:00:00 PM,25,9,16
01/25/2016 08:00:00 PM,13,3,10
01/25/2016 09:00:00 PM,11,2,9
01/25/2016 10:00:00 PM,7,3,4
01/25/2016 11:00:00 PM,4,3,1
01/26/2016 12:00:00 AM,1,0,1
01/26/2016 01:00:00 AM,2,0,2
01/26/2016 02:00:00 AM,1,1,0
01/26/2016 03:00:00 AM,0,0,0
01/26/2016 04:00:00 AM,2,2,0
01/26/2016 05:00:00 AM,9,5,4
01/26/2016 06:00:00 AM,24,11,13
01/26/2016 07:00:00 AM,70,18,52
01/26/2016 08:00:00 AM,78,28,50
01/26/2016 09:00:00 AM,50,18,32
01/26/2016 10:00:00 AM,19,11,8
01/26/2016 11:00:00 AM,26,12,14
01/26/2016 12:00:00 PM,24,9,15
01/26/2016 01:00:00 PM,18,8,10
01/26/2016 02:00:00 PM,24,14,10
01/26/2016 03:00:00 PM,44,11,33
01/26/2016 04:00:00 PM,80,28,52
01/26/2016 05:00:00 PM,114,37,77
01/26/2016 06:00:00 PM,60,25,35
01/26/2016 07:00:00 PM,20,6,14
01/26/2016 08:00:00 PM,18,10,8
01/26/2016 09:00:00 PM,5,1,4
01/26/2016 10:00:00 PM,3,2,1
01/26/2016 11:00:00 PM,5,1,4
01/27/2016 12:00:00 AM,3,0,3
01/27/2016 01:00:00 AM,1,1,0
01/27/2016 02:00:00 AM,3,1,2
01/27/2016 03:00:00 AM,4,1,3
01/27/2016 04:00:00 AM,0,0,0
01/27/2016 05:00:00 AM,3,3,0
01/27/2016 06:00:00 AM,22,9,13
01/27/2016 07:00:00 AM,50,21,29
01/27/2016 08:00:00 AM,97,32,65
01/27/2016 09:00:00 AM,68,29,39
01/27/2016 10:00:00 AM,25,10,15
01/27/2016 11:00:00 AM,24,10,14
01/27/2016 12:00:00 PM,25,9,16
01/27/2016 01:00:00 PM,30,11,19
01/27/2016 02:00:00 PM,22,6,16
01/27/2016 03:00:00 PM,45,13,32
01/27/2016 04:00:00 PM,72,19,53
01/27/2016 05:00:00 PM,138,42,96
01/27/2016 06:00:00 PM,58,23,35
01/27/2016 07:00:00 PM,14,6,8
01/27/2016 08:00:00 PM,9,3,6
01/27/2016 09:00:00 PM,10,4,6
01/27/2016 10:00:00 PM,1,1,0
01/27/2016 11:00:00 PM,3,1,2
01/28/2016 12:00:00 AM,1,1,0
01/28/2016 01:00:00 AM,0,0,0
01/28/2016 02:00:00 AM,2,1,1
01/28/2016 03:00:00 AM,0,0,0
01/28/2016 04:00:00 AM,0,0,0
01/28/2016 05:00:00 AM,1,1,0
01/28/2016 06:00:00 AM,19,10,9
01/28/2016 07:00:00 AM,39,13,26
01/28/2016 08:00:00 AM,72,24,48
01/28/2016 09:00:00 AM,45,18,27
01/28/2016 10:00:00 AM,22,12,10
01/28/2016 11:00:00 AM,19,9,10
01/28/2016 12:00:00 PM,28,15,13
01/28/2016 01:00:00 PM,16,5,11
01/28/2016 02:00:00 PM,20,4,16
01/28/2016 03:00:00 PM,42,12,30
01/28/2016 04:00:00 PM,63,11,52
01/28/2016 05:00:00 PM,120,48,72
01/28/2016 06:00:00 PM,52,17,35
01/28/2016 07:00:00 PM,41,16,25
01/28/2016 08:00:00 PM,14,3,11
01/28/2016 09:00:00 PM,11,3,8
01/28/2016 10:00:00 PM,5,1,4
01/28/2016 11:00:00 PM,6,6,0
01/29/2016 12:00:00 AM,3,0,3
01/29/2016 01:00:00 AM,3,2,1
01/29/2016 02:00:00 AM,1,0,1
01/29/2016 03:00:00 AM,2,2,0
01/29/2016 04:00:00 AM,1,0,1
01/29/2016 05:00:00 AM,3,3,0
01/29/2016 06:00:00 AM,21,10,11
01/29/2016 07:00:00 AM,46,18,28
01/29/2016 08:00:00 AM,69,29,40
01/29/2016 09:00:00 AM,46,10,36
01/29/2016 10:00:00 AM,21,12,9
01/29/2016 11:00:00 AM,25,14,11
01/29/2016 12:00:00 PM,21,13,8
01/29/2016 01:00:00 PM,27,14,13
01/29/2016 02:00:00 PM,33,16,17
01/29/2016 03:00:00 PM,36,9,27
01/29/2016 04:00:00 PM,79,27,52
01/29/2016 05:00:00 PM,100,26,74
01/29/2016 06:00:00 PM,53,26,27
01/29/2016 07:00:00 PM,18,9,9
01/29/2016 08:00:00 PM,11,4,7
01/29/2016 09:00:00 PM,5,2,3
01/29/2016 10:00:00 PM,4,1,3
01/29/2016 11:00:00 PM,6,2,4
01/30/2016 12:00:00 AM,3,1,2
01/30/2016 01:00:00 AM,1,0,1
01/30/2016 02:00:00 AM,0,0,0
01/30/2016 03:00:00 AM,0,0,0
01/30/2016 04:00:00 AM,0,0,0
01/30/2016 05:00:00 AM,2,1,1
01/30/2016 06:00:00 AM,4,1,3
01/30/2016 07:00:00 AM,4,0,4
01/30/2016 08:00:00 AM,6,2,4
01/30/2016 09:00:00 AM,11,3,8
01/30/2016 10:00:00 AM,6,3,3
01/30/2016 11:00:00 AM,11,5,6
01/30/2016 12:00:00 PM,14,4,10
01/30/2016 01:00:00 PM,14,11,3
01/30/2016 02:00:00 PM,26,11,15
01/30/2016 03:00:00 PM,20,8,12
01/30/2016 04:00:00 PM,18,5,13
01/30/2016 05:00:00 PM,13,7,6
01/30/2016 06:00:00 PM,12,3,9
01/30/2016 07:00:00 PM,10,4,6
01/30/2016 08:00:00 PM,6,2,4
01/30/2016 09:00:00 PM,4,1,3
01/30/2016 10:00:00 PM,8,0,8
01/30/2016 11:00:00 PM,9,2,7
01/31/2016 12:00:00 AM,3,1,2
01/31/2016 01:00:00 AM,3,0,3
01/31/2016 02:00:00 AM,3,0,3
01/31/2016 03:00:00 AM,0,0,0
01/31/2016 04:00:00 AM,0,0,0
01/31/2016 05:00:00 AM,0,0,0
01/31/2016 06:00:00 AM,3,2,1
01/31/2016 07:00:00 AM,0,0,0
01/31/2016 08:00:00 AM,4,2,2
01/31/2016 09:00:00 AM,6,4,2
01/31/2016 10:00:00 AM,9,4,5
01/31/2016 11:00:00 AM,14,4,10
01/31/2016 12:00:00 PM,15,5,10
01/31/2016 01:00:00 PM,13,6,7
01/31/2016 02:00:00 PM,10,4,6
01/31/2016 03:00:00 PM,17,6,11
01/31/2016 04:00:00 PM,9,6,3
01/31/2016 05:00:00 PM,15,9,6
01/31/2016 06:00:00 PM,6,0,6
01/31/2016 07:00:00 PM,11,7,4
01/31/2016 08:00:00 PM,5,2,3
01/31/2016 09:00:00 PM,5,1,4
01/31/2016 10:00:00 PM,5,2,3
01/31/2016 11:00:00 PM,1,1,0
02/01/2016 12:00:00 AM,1,0,1
02/01/2016 01:00:00 AM,1,1,0
02/01/2016 02:00:00 AM,0,0,0
02/01/2016 03:00:00 AM,0,0,0
02/01/2016 04:00:00 AM,1,1,0
02/01/2016 05:00:00 AM,6,2,4
02/01/2016 06:00:00 AM,31,15,16
02/01/2016 07:00:00 AM,52,14,38
02/01/2016 08:00:00 AM,100,29,71
02/01/2016 09:00:00 AM,72,31,41
02/01/2016 10:00:00 AM,37,15,22
02/01/2016 11:00:00 AM,25,11,14
02/01/2016 12:00:00 PM,25,10,15
02/01/2016 01:00:00 PM,19,8,11
02/01/2016 02:00:00 PM,28,13,15
02/01/2016 03:00:00 PM,50,15,35
02/01/2016 04:00:00 PM,92,27,65
02/01/2016 05:00:00 PM,146,47,99
02/01/2016 06:00:00 PM,81,27,54
02/01/2016 07:00:00 PM,15,7,8
02/01/2016 08:00:00 PM,21,10,11
02/01/2016 09:00:00 PM,5,0,5
02/01/2016 10:00:00 PM,7,5,2
02/01/2016 11:00:00 PM,1,1,0
02/02/2016 12:00:00 AM,1,0,1
02/02/2016 01:00:00 AM,2,1,1
02/02/2016 02:00:00 AM,0,0,0
02/02/2016 03:00:00 AM,1,0,1
02/02/2016 04:00:00 AM,0,0,0
02/02/2016 05:00:00 AM,14,8,6
02/02/2016 06:00:00 AM,35,18,17
02/02/2016 07:00:00 AM,75,23,52
02/02/2016 08:00:00 AM,110,49,61
02/02/2016 09:00:00 AM,76,33,43
02/02/2016 10:00:00 AM,23,7,16
02/02/2016 11:00:00 AM,24,14,10
02/02/2016 12:00:00 PM,35,18,17
02/02/2016 01:00:00 PM,31,8,23
02/02/2016 02:00:00 PM,31,13,18
02/02/2016 03:00:00 PM,52,11,41
02/02/2016 04:00:00 PM,130,46,84
02/02/2016 05:00:00 PM,165,61,104
02/02/2016 06:00:00 PM,74,24,50
02/02/2016 07:00:00 PM,20,10,10
02/02/2016 08:00:00 PM,16,5,11
02/02/2016 09:00:00 PM,11,4,7
02/02/2016 10:00:00 PM,6,1,5
02/02/2016 11:00:00 PM,2,1,1
02/03/2016 12:00:00 AM,4,2,2
02/03/2016 01:00:00 AM,3,0,3
02/03/2016 02:00:00 AM,1,1,0
02/03/2016 03:00:00 AM,0,0,0
02/03/2016 04:00:00 AM,0,0,0
02/03/2016 05:00:00 AM,12,8,4
02/03/2016 06:00:00 AM,31,17,14
02/03/2016 07:00:00 AM,61,32,29
02/03/2016 08:00:00 AM,103,33,70
02/03/2016 09:00:00 AM,57,17,40
02/03/2016 10:00:00 AM,31,16,15
02/03/2016 11:00:00 AM,16,8,8
02/03/2016 12:00:00 PM,27,11,16
02/03/2016 01:00:00 PM,25,13,12
02/03/2016 02:00:00 PM,21,9,12
02/03/2016 03:00:00 PM,37,11,26
02/03/2016 04:00:00 PM,82,24,58
02/03/2016 05:00:00 PM,124,47,77
02/03/2016 06:00:00 PM,51,17,34
02/03/2016 07:00:00 PM,24,10,14
02/03/2016 08:00:00 PM,9,4,5
02/03/2016 09:00:00 PM,10,3,7
02/03/2016 10:00:00 PM,2,1,1
02/03/2016 11:00:00 PM,0,0,0
02/04/2016 12:00:00 AM,2,0,2
02/04/2016 01:00:00 AM,0,0,0
02/04/2016 02:00:00 AM,1,1,0
02/04/2016 03:00:00 AM,0,0,0
02/04/2016 04:00:00 AM,1,1,0
02/04/2016 05:00:00 AM,5,3,2
02/04/2016 06:00:00 AM,23,12,11
02/04/2016 07:00:00 AM,47,19,28
02/04/2016 08:00:00 AM,95,38,57
02/04/2016 09:00:00 AM,51,15,36
02/04/2016 10:00:00 AM,21,12,9
02/04/2016 11:00:00 AM,25,14,11
02/04/2016 12:00:00 PM,27,13,14
02/04/2016 01:00:00 PM,34,12,22
02/04/2016 02:00:00 PM,20,9,11
02/04/2016 03:00:00 PM,36,7,29
02/04/2016 04:00:00 PM,83,18,65
02/04/2016 05:00:00 PM,153,48,105
02/04/2016 06:00:00 PM,61,18,43
02/04/2016 07:00:00 PM,31,16,15
02/04/2016 08:00:00 PM,23,12,11
02/04/2016 09:00:00 PM,10,4,6
02/04/2016 10:00:00 PM,6,4,2
02/04/2016 11:00:00 PM,3,1,2
02/05/2016 12:00:00 AM,8,2,6
02/05/2016 01:00:00 AM,1,1,0
02/05/2016 02:00:00 AM,3,2,1
02/05/2016 03:00:00 AM,0,0,0
02/05/2016 04:00:00 AM,1,1,0
02/05/2016 05:00:00 AM,1,0,1
02/05/2016 06:00:00 AM,24,14,10
02/05/2016 07:00:00 AM,47,16,31
02/05/2016 08:00:00 AM,79,31,48
02/05/2016 09:00:00 AM,54,24,30
02/05/2016 10:00:00 AM,22,4,18
02/05/2016 11:00:00 AM,24,8,16
02/05/2016 12:00:00 PM,35,17,18
02/05/2016 01:00:00 PM,49,17,32
02/05/2016 02:00:00 PM,31,10,21
02/05/2016 03:00:00 PM,48,20,28
02/05/2016 04:00:00 PM,88,22,66
02/05/2016 05:00:00 PM,98,31,67
02/05/2016 06:00:00 PM,48,23,25
02/05/2016 07:00:00 PM,11,3,8
02/05/2016 08:00:00 PM,6,3,3
02/05/2016 09:00:00 PM,9,3,6
02/05/2016 10:00:00 PM,5,1,4
02/05/2016 11:00:00 PM,3,2,1
02/06/2016 12:00:00 AM,4,0,4
02/06/2016 01:00:00 AM,2,1,1
02/06/2016 02:00:00 AM,0,0,0
02/06/2016 03:00:00 AM,0,0,0
02/06/2016 04:00:00 AM,1,0,1
02/06/2016 05:00:00 AM,1,1,0
02/06/2016 06:00:00 AM,4,1,3
02/06/2016 07:00:00 AM,2,1,1
02/06/2016 08:00:00 AM,5,2,3
02/06/2016 09:00:00 AM,6,3,3
02/06/2016 10:00:00 AM,13,1,12
02/06/2016 11:00:00 AM,13,4,9
02/06/2016 12:00:00 PM,28,11,17
02/06/2016 01:00:00 PM,31,12,19
02/06/2016 02:00:00 PM,26,10,16
02/06/2016 03:00:00 PM,15,4,11
02/06/2016 04:00:00 PM,22,5,17
02/06/2016 05:00:00 PM,12,7,5
02/06/2016 06:00:00 PM,8,2,6
02/06/2016 07:00:00 PM,7,6,1
02/06/2016 08:00:00 PM,3,0,3
02/06/2016 09:00:00 PM,7,4,3
02/06/2016 10:00:00 PM,6,3,3
02/06/2016 11:00:00 PM,2,1,1
02/07/2016 12:00:00 AM,3,1,2
02/07/2016 01:00:00 AM,1,0,1
02/07/2016 02:00:00 AM,3,1,2
02/07/2016 03:00:00 AM,0,0,0
02/07/2016 04:00:00 AM,1,0,1
02/07/2016 05:00:00 AM,0,0,0
02/07/2016 06:00:00 AM,3,2,1
02/07/2016 07:00:00 AM,3,2,1
02/07/2016 08:00:00 AM,5,3,2
02/07/2016 09:00:00 AM,7,1,6
02/07/2016 10:00:00 AM,10,3,7
02/07/2016 11:00:00 AM,16,10,6
02/07/2016 12:00:00 PM,24,6,18
02/07/2016 01:00:00 PM,24,10,14
02/07/2016 02:00:00 PM,14,4,10
02/07/2016 03:00:00 PM,10,1,9
02/07/2016 04:00:00 PM,16,6,10
02/07/2016 05:00:00 PM,6,3,3
02/07/2016 06:00:00 PM,11,3,8
02/07/2016 07:00:00 PM,5,1,4
02/07/2016 08:00:00 PM,5,3,2
02/07/2016 09:00:00 PM,5,3,2
02/07/2016 10:00:00 PM,1,1,0
02/07/2016 11:00:00 PM,1,1,0
02/08/2016 12:00:00 AM,6,2,4
02/08/2016 01:00:00 AM,0,0,0
02/08/2016 02:00:00 AM,2,0,2
02/08/2016 03:00:00 AM,1,0,1
02/08/2016 04:00:00 AM,0,0,0
02/08/2016 05:00:00 AM,9,5,4
02/08/2016 06:00:00 AM,42,18,24
02/08/2016 07:00:00 AM,75,31,44
02/08/2016 08:00:00 AM,121,37,84
02/08/2016 09:00:00 AM,65,28,37
02/08/2016 10:00:00 AM,27,12,15
02/08/2016 11:00:00 AM,27,18,9
02/08/2016 12:00:00 PM,19,9,10
02/08/2016 01:00:00 PM,26,10,16
02/08/2016 02:00:00 PM,29,13,16
02/08/2016 03:00:00 PM,46,16,30
02/08/2016 04:00:00 PM,94,25,69
02/08/2016 05:00:00 PM,157,56,101
02/08/2016 06:00:00 PM,60,25,35
02/08/2016 07:00:00 PM,31,10,21
02/08/2016 08:00:00 PM,14,6,8
02/08/2016 09:00:00 PM,10,5,5
02/08/2016 10:00:00 PM,4,2,2
02/08/2016 11:00:00 PM,4,3,1
02/09/2016 12:00:00 AM,4,0,4
02/09/2016 01:00:00 AM,2,1,1
02/09/2016 02:00:00 AM,4,1,3
02/09/2016 03:00:00 AM,0,0,0
02/09/2016 04:00:00 AM,0,0,0
02/09/2016 05:00:00 AM,6,2,4
02/09/2016 06:00:00 AM,40,15,25
02/09/2016 07:00:00 AM,84,31,53
02/09/2016 08:00:00 AM,146,58,88
02/09/2016 09:00:00 AM,62,26,36
02/09/2016 10:00:00 AM,30,13,17
02/09/2016 11:00:00 AM,36,17,19
02/09/2016 12:00:00 PM,25,10,15
02/09/2016 01:00:00 PM,18,10,8
02/09/2016 02:00:00 PM,43,17,26
02/09/2016 03:00:00 PM,67,12,55
02/09/2016 04:00:00 PM,123,37,86
02/09/2016 05:00:00 PM,176,56,120
02/09/2016 06:00:00 PM,80,31,49
02/09/2016 07:00:00 PM,24,11,13
02/09/2016 08:00:00 PM,20,3,17
02/09/2016 09:00:00 PM,12,8,4
02/09/2016 10:00:00 PM,6,3,3
02/09/2016 11:00:00 PM,1,1,0
02/10/2016 12:00:00 AM,2,0,2
02/10/2016 01:00:00 AM,0,0,0
02/10/2016 02:00:00 AM,2,1,1
02/10/2016 03:00:00 AM,0,0,0
02/10/2016 04:00:00 AM,3,0,3
02/10/2016 05:00:00 AM,5,4,1
02/10/2016 06:00:00 AM,27,12,15
02/10/2016 07:00:00 AM,64,22,42
02/10/2016 08:00:00 AM,113,45,68
02/10/2016 09:00:00 AM,62,24,38
02/10/2016 10:00:00 AM,26,11,15
02/10/2016 11:00:00 AM,17,6,11
02/10/2016 12:00:00 PM,30,10,20
02/10/2016 01:00:00 PM,25,12,13
02/10/2016 02:00:00 PM,34,16,18
02/10/2016 03:00:00 PM,41,7,34
02/10/2016 04:00:00 PM,91,19,72
02/10/2016 05:00:00 PM,130,43,87
02/10/2016 06:00:00 PM,83,30,53
02/10/2016 07:00:00 PM,19,5,14
02/10/2016 08:00:00 PM,9,6,3
02/10/2016 09:00:00 PM,10,5,5
02/10/2016 10:00:00 PM,2,0,2
02/10/2016 11:00:00 PM,2,1,1
02/11/2016 12:00:00 AM,3,1,2
02/11/2016 01:00:00 AM,1,0,1
02/11/2016 02:00:00 AM,2,2,0
02/11/2016 03:00:00 AM,0,0,0
02/11/2016 04:00:00 AM,3,1,2
02/11/2016 05:00:00 AM,5,3,2
02/11/2016 06:00:00 AM,22,12,10
02/11/2016 07:00:00 AM,62,26,36
02/11/2016 08:00:00 AM,87,29,58
02/11/2016 09:00:00 AM,47,19,28
02/11/2016 10:00:00 AM,26,14,12
02/11/2016 11:00:00 AM,21,7,14
02/11/2016 12:00:00 PM,27,8,19
02/11/2016 01:00:00 PM,26,11,15
02/11/2016 02:00:00 PM,18,7,11
02/11/2016 03:00:00 PM,30,10,20
02/11/2016 04:00:00 PM,92,29,63
02/11/2016 05:00:00 PM,131,45,86
02/11/2016 06:00:00 PM,65,24,41
02/11/2016 07:00:00 PM,20,7,13
02/11/2016 08:00:00 PM,9,6,3
02/11/2016 09:00:00 PM,10,4,6
02/11/2016 10:00:00 PM,3,1,2
02/11/2016 11:00:00 PM,3,1,2
02/12/2016 12:00:00 AM,3,1,2
02/12/2016 01:00:00 AM,0,0,0
02/12/2016 02:00:00 AM,0,0,0
02/12/2016 03:00:00 AM,0,0,0
02/12/2016 04:00:00 AM,0,0,0
02/12/2016 05:00:00 AM,1,1,0
02/12/2016 06:00:00 AM,15,9,6
02/12/2016 07:00:00 AM,47,14,33
02/12/2016 08:00:00 AM,76,30,46
02/12/2016 09:00:00 AM,43,22,21
02/12/2016 10:00:00 AM,15,5,10
02/12/2016 11:00:00 AM,16,9,7
02/12/2016 12:00:00 PM,29,10,19
02/12/2016 01:00:00 PM,19,7,12
02/12/2016 02:00:00 PM,25,12,13
02/12/2016 03:00:00 PM,32,9,23
02/12/2016 04:00:00 PM,78,29,49
02/12/2016 05:00:00 PM,97,24,73
02/12/2016 06:00:00 PM,39,11,28
02/12/2016 07:00:00 PM,20,7,13
02/12/2016 08:00:00 PM,15,4,11
02/12/2016 09:00:00 PM,5,2,3
02/12/2016 10:00:00 PM,4,0,4
02/12/2016 11:00:00 PM,4,2,2
02/13/2016 12:00:00 AM,3,0,3
02/13/2016 01:00:00 AM,2,1,1
02/13/2016 02:00:00 AM,2,1,1
02/13/2016 03:00:00 AM,1,0,1
02/13/2016 04:00:00 AM,0,0,0
02/13/2016 05:00:00 AM,1,0,1
02/13/2016 06:00:00 AM,6,1,5
02/13/2016 07:00:00 AM,2,0,2
02/13/2016 08:00:00 AM,3,1,2
02/13/2016 09:00:00 AM,9,4,5
02/13/2016 10:00:00 AM,6,1,5
02/13/2016 11:00:00 AM,17,7,10
02/13/2016 12:00:00 PM,7,1,6
02/13/2016 01:00:00 PM,11,6,5
02/13/2016 02:00:00 PM,13,8,5
02/13/2016 03:00:00 PM,5,1,4
02/13/2016 04:00:00 PM,10,4,6
02/13/2016 05:00:00 PM,7,4,3
02/13/2016 06:00:00 PM,9,3,6
02/13/2016 07:00:00 PM,7,2,5
02/13/2016 08:00:00 PM,8,4,4
02/13/2016 09:00:00 PM,3,3,0
02/13/2016 10:00:00 PM,11,8,3
02/13/2016 11:00:00 PM,0,0,0
02/14/2016 12:00:00 AM,0,0,0
02/14/2016 01:00:00 AM,2,0,2
02/14/2016 02:00:00 AM,0,0,0
02/14/2016 03:00:00 AM,1,0,1
02/14/2016 04:00:00 AM,0,0,0
02/14/2016 05:00:00 AM,1,1,0
02/14/2016 06:00:00 AM,1,0,1
02/14/2016 07:00:00 AM,4,3,1
02/14/2016 08:00:00 AM,1,0,1
02/14/2016 09:00:00 AM,3,2,1
02/14/2016 10:00:00 AM,6,3,3
02/14/2016 11:00:00 AM,7,1,6
02/14/2016 12:00:00 PM,16,6,10
02/14/2016 01:00:00 PM,10,5,5
02/14/2016 02:00:00 PM,15,4,11
02/14/2016 03:00:00 PM,3,1,2
02/14/2016 04:00:00 PM,7,2,5
02/14/2016 05:00:00 PM,14,4,10
02/14/2016 06:00:00 PM,6,3,3
02/14/2016 07:00:00 PM,8,5,3
02/14/2016 08:00:00 PM,5,3,2
02/14/2016 09:00:00 PM,6,3,3
02/14/2016 10:00:00 PM,2,1,1
02/14/2016 11:00:00 PM,0,0,0
02/15/2016 12:00:00 AM,2,0,2
02/15/2016 01:00:00 AM,1,0,1
02/15/2016 02:00:00 AM,0,0,0
02/15/2016 03:00:00 AM,0,0,0
02/15/2016 04:00:00 AM,1,0,1
02/15/2016 05:00:00 AM,1,0,1
02/15/2016 06:00:00 AM,9,4,5
02/15/2016 07:00:00 AM,22,9,13
02/15/2016 08:00:00 AM,33,15,18
02/15/2016 09:00:00 AM,17,9,8
02/15/2016 10:00:00 AM,12,6,6
02/15/2016 11:00:00 AM,14,4,10
02/15/2016 12:00:00 PM,14,8,6
02/15/2016 01:00:00 PM,16,7,9
02/15/2016 02:00:00 PM,12,8,4
02/15/2016 03:00:00 PM,18,3,15
02/15/2016 04:00:00 PM,27,7,20
02/15/2016 05:00:00 PM,47,18,29
02/15/2016 06:00:00 PM,32,14,18
02/15/2016 07:00:00 PM,12,4,8
02/15/2016 08:00:00 PM,5,3,2
02/15/2016 09:00:00 PM,7,5,2
02/15/2016 10:00:00 PM,5,3,2
02/15/2016 11:00:00 PM,1,0,1
02/16/2016 12:00:00 AM,1,0,1
02/16/2016 01:00:00 AM,1,0,1
02/16/2016 02:00:00 AM,1,0,1
02/16/2016 03:00:00 AM,2,0,2
02/16/2016 04:00:00 AM,1,0,1
02/16/2016 05:00:00 AM,4,2,2
02/16/2016 06:00:00 AM,24,8,16
02/16/2016 07:00:00 AM,68,24,44
02/16/2016 08:00:00 AM,99,37,62
02/16/2016 09:00:00 AM,54,25,29
02/16/2016 10:00:00 AM,28,12,16
02/16/2016 11:00:00 AM,21,7,14
02/16/2016 12:00:00 PM,31,14,17
02/16/2016 01:00:00 PM,31,10,21
02/16/2016 02:00:00 PM,24,11,13
02/16/2016 03:00:00 PM,37,8,29
02/16/2016 04:00:00 PM,91,26,65
02/16/2016 05:00:00 PM,111,31,80
02/16/2016 06:00:00 PM,62,23,39
02/16/2016 07:00:00 PM,31,11,20
02/16/2016 08:00:00 PM,17,6,11
02/16/2016 09:00:00 PM,2,1,1
02/16/2016 10:00:00 PM,3,2,1
02/16/2016 11:00:00 PM,2,0,2
02/17/2016 12:00:00 AM,1,0,1
02/17/2016 01:00:00 AM,0,0,0
02/17/2016 02:00:00 AM,1,0,1
02/17/2016 03:00:00 AM,1,0,1
02/17/2016 04:00:00 AM,1,0,1
02/17/2016 05:00:00 AM,6,3,3
02/17/2016 06:00:00 AM,28,14,14
02/17/2016 07:00:00 AM,58,16,42
02/17/2016 08:00:00 AM,104,42,62
02/17/2016 09:00:00 AM,46,23,23
02/17/2016 10:00:00 AM,25,11,14
02/17/2016 11:00:00 AM,21,10,11
02/17/2016 12:00:00 PM,29,16,13
02/17/2016 01:00:00 PM,22,5,17
02/17/2016 02:00:00 PM,24,8,16
02/17/2016 03:00:00 PM,32,6,26
02/17/2016 04:00:00 PM,88,21,67
02/17/2016 05:00:00 PM,124,41,83
02/17/2016 06:00:00 PM,66,26,40
02/17/2016 07:00:00 PM,13,3,10
02/17/2016 08:00:00 PM,5,2,3
02/17/2016 09:00:00 PM,4,1,3
02/17/2016 10:00:00 PM,2,1,1
02/17/2016 11:00:00 PM,3,1,2
02/18/2016 12:00:00 AM,1,0,1
02/18/2016 01:00:00 AM,0,0,0
02/18/2016 02:00:00 AM,0,0,0
02/18/2016 03:00:00 AM,0,0,0
02/18/2016 04:00:00 AM,1,0,1
02/18/2016 05:00:00 AM,8,5,3
02/18/2016 06:00:00 AM,24,11,13
02/18/2016 07:00:00 AM,57,18,39
02/18/2016 08:00:00 AM,83,30,53
02/18/2016 09:00:00 AM,48,20,28
02/18/2016 10:00:00 AM,22,11,11
02/18/2016 11:00:00 AM,22,5,17
02/18/2016 12:00:00 PM,30,8,22
02/18/2016 01:00:00 PM,46,21,25
02/18/2016 02:00:00 PM,18,7,11
02/18/2016 03:00:00 PM,40,11,29
02/18/2016 04:00:00 PM,82,20,62
02/18/2016 05:00:00 PM,117,27,90
02/18/2016 06:00:00 PM,69,27,42
02/18/2016 07:00:00 PM,30,15,15
02/18/2016 08:00:00 PM,10,4,6
02/18/2016 09:00:00 PM,11,5,6
02/18/2016 10:00:00 PM,2,0,2
02/18/2016 11:00:00 PM,6,5,1
02/19/2016 12:00:00 AM,13,2,11
02/19/2016 01:00:00 AM,2,2,0
02/19/2016 02:00:00 AM,1,1,0
02/19/2016 03:00:00 AM,0,0,0
02/19/2016 04:00:00 AM,0,0,0
02/19/2016 05:00:00 AM,0,0,0
02/19/2016 06:00:00 AM,21,11,10
02/19/2016 07:00:00 AM,32,10,22
02/19/2016 08:00:00 AM,55,21,34
02/19/2016 09:00:00 AM,46,19,27
02/19/2016 10:00:00 AM,21,8,13
02/19/2016 11:00:00 AM,15,7,8
02/19/2016 12:00:00 PM,17,6,11
02/19/2016 01:00:00 PM,24,6,18
02/19/2016 02:00:00 PM,12,2,10
02/19/2016 03:00:00 PM,38,10,28
02/19/2016 04:00:00 PM,57,17,40
02/19/2016 05:00:00 PM,76,19,57
02/19/2016 06:00:00 PM,40,9,31
02/19/2016 07:00:00 PM,15,10,5
02/19/2016 08:00:00 PM,6,1,5
02/19/2016 09:00:00 PM,7,5,2
02/19/2016 10:00:00 PM,3,0,3
02/19/2016 11:00:00 PM,2,2,0
02/20/2016 12:00:00 AM,2,1,1
02/20/2016 01:00:00 AM,1,0,1
02/20/2016 02:00:00 AM,0,0,0
02/20/2016 03:00:00 AM,2,1,1
02/20/2016 04:00:00 AM,2,2,0
02/20/2016 05:00:00 AM,0,0,0
02/20/2016 06:00:00 AM,5,0,5
02/20/2016 07:00:00 AM,3,0,3
02/20/2016 08:00:00 AM,12,7,5
02/20/2016 09:00:00 AM,16,5,11
02/20/2016 10:00:00 AM,13,8,5
02/20/2016 11:00:00 AM,23,4,19
02/20/2016 12:00:00 PM,23,7,16
02/20/2016 01:00:00 PM,35,14,21
02/20/2016 02:00:00 PM,28,3,25
02/20/2016 03:00:00 PM,18,11,7
02/20/2016 04:00:00 PM,23,16,7
02/20/2016 05:00:00 PM,30,13,17
02/20/2016 06:00:00 PM,17,4,13
02/20/2016 07:00:00 PM,11,7,4
02/20/2016 08:00:00 PM,6,1,5
02/20/2016 09:00:00 PM,6,3,3
02/20/2016 10:00:00 PM,9,5,4
02/20/2016 11:00:00 PM,0,0,0
02/21/2016 12:00:00 AM,4,0,4
02/21/2016 01:00:00 AM,3,1,2
02/21/2016 02:00:00 AM,0,0,0
02/21/2016 03:00:00 AM,0,0,0
02/21/2016 04:00:00 AM,3,0,3
02/21/2016 05:00:00 AM,1,0,1
02/21/2016 06:00:00 AM,3,1,2
02/21/2016 07:00:00 AM,1,0,1
02/21/2016 08:00:00 AM,3,2,1
02/21/2016 09:00:00 AM,5,1,4
02/21/2016 10:00:00 AM,11,2,9
02/21/2016 11:00:00 AM,7,2,5
02/21/2016 12:00:00 PM,8,2,6
02/21/2016 01:00:00 PM,8,4,4
02/21/2016 02:00:00 PM,12,5,7
02/21/2016 03:00:00 PM,13,6,7
02/21/2016 04:00:00 PM,6,1,5
02/21/2016 05:00:00 PM,12,5,7
02/21/2016 06:00:00 PM,7,2,5
02/21/2016 07:00:00 PM,7,1,6
02/21/2016 08:00:00 PM,7,4,3
02/21/2016 09:00:00 PM,5,2,3
02/21/2016 10:00:00 PM,3,3,0
02/21/2016 11:00:00 PM,4,2,2
02/22/2016 12:00:00 AM,0,0,0
02/22/2016 01:00:00 AM,1,0,1
02/22/2016 02:00:00 AM,1,0,1
02/22/2016 03:00:00 AM,0,0,0
02/22/2016 04:00:00 AM,1,0,1
02/22/2016 05:00:00 AM,7,3,4
02/22/2016 06:00:00 AM,26,13,13
02/22/2016 07:00:00 AM,67,34,33
02/22/2016 08:00:00 AM,106,33,73
02/22/2016 09:00:00 AM,62,22,40
02/22/2016 10:00:00 AM,18,7,11
02/22/2016 11:00:00 AM,18,11,7
02/22/2016 12:00:00 PM,25,9,16
02/22/2016 01:00:00 PM,24,12,12
02/22/2016 02:00:00 PM,28,9,19
02/22/2016 03:00:00 PM,39,11,28
02/22/2016 04:00:00 PM,94,23,71
02/22/2016 05:00:00 PM,145,54,91
02/22/2016 06:00:00 PM,72,29,43
02/22/2016 07:00:00 PM,23,6,17
02/22/2016 08:00:00 PM,11,4,7
02/22/2016 09:00:00 PM,8,6,2
02/22/2016 10:00:00 PM,4,3,1
02/22/2016 11:00:00 PM,3,2,1
02/23/2016 12:00:00 AM,1,0,1
02/23/2016 01:00:00 AM,1,0,1
02/23/2016 02:00:00 AM,1,1,0
02/23/2016 03:00:00 AM,0,0,0
02/23/2016 04:00:00 AM,1,0,1
02/23/2016 05:00:00 AM,8,2,6
02/23/2016 06:00:00 AM,29,12,17
02/23/2016 07:00:00 AM,86,34,52
02/23/2016 08:00:00 AM,138,41,97
02/23/2016 09:00:00 AM,64,24,40
02/23/2016 10:00:00 AM,29,10,19
02/23/2016 11:00:00 AM,25,9,16
02/23/2016 12:00:00 PM,30,12,18
02/23/2016 01:00:00 PM,23,8,15
02/23/2016 02:00:00 PM,34,11,23
02/23/2016 03:00:00 PM,52,17,35
02/23/2016 04:00:00 PM,112,30,82
02/23/2016 05:00:00 PM,189,52,137
02/23/2016 06:00:00 PM,102,36,66
02/23/2016 07:00:00 PM,42,14,28
02/23/2016 08:00:00 PM,17,8,9
02/23/2016 09:00:00 PM,29,24,5
02/23/2016 10:00:00 PM,9,4,5
02/23/2016 11:00:00 PM,3,3,0
02/24/2016 12:00:00 AM,2,1,1
02/24/2016 01:00:00 AM,2,0,2
02/24/2016 02:00:00 AM,2,1,1
02/24/2016 03:00:00 AM,0,0,0
02/24/2016 04:00:00 AM,2,1,1
02/24/2016 05:00:00 AM,7,2,5
02/24/2016 06:00:00 AM,33,12,21
02/24/2016 07:00:00 AM,74,28,46
02/24/2016 08:00:00 AM,118,30,88
02/24/2016 09:00:00 AM,80,33,47
02/24/2016 10:00:00 AM,23,11,12
02/24/2016 11:00:00 AM,21,11,10
02/24/2016 12:00:00 PM,26,8,18
02/24/2016 01:00:00 PM,32,16,16
02/24/2016 02:00:00 PM,30,12,18
02/24/2016 03:00:00 PM,47,14,33
02/24/2016 04:00:00 PM,107,28,79
02/24/2016 05:00:00 PM,157,60,97
02/24/2016 06:00:00 PM,74,27,47
02/24/2016 07:00:00 PM,26,8,18
02/24/2016 08:00:00 PM,21,7,14
02/24/2016 09:00:00 PM,6,2,4
02/24/2016 10:00:00 PM,7,3,4
02/24/2016 11:00:00 PM,3,2,1
02/25/2016 12:00:00 AM,2,1,1
02/25/2016 01:00:00 AM,0,0,0
02/25/2016 02:00:00 AM,3,1,2
02/25/2016 03:00:00 AM,0,0,0
02/25/2016 04:00:00 AM,1,1,0
02/25/2016 05:00:00 AM,7,5,2
02/25/2016 06:00:00 AM,28,12,16
02/25/2016 07:00:00 AM,66,26,40
02/25/2016 08:00:00 AM,135,44,91
02/25/2016 09:00:00 AM,71,28,43
02/25/2016 10:00:00 AM,37,16,21
02/25/2016 11:00:00 AM,30,13,17
02/25/2016 12:00:00 PM,30,22,8
02/25/2016 01:00:00 PM,36,13,23
02/25/2016 02:00:00 PM,31,10,21
02/25/2016 03:00:00 PM,56,19,37
02/25/2016 04:00:00 PM,98,31,67
02/25/2016 05:00:00 PM,168,56,112
02/25/2016 06:00:00 PM,56,17,39
02/25/2016 07:00:00 PM,25,6,19
02/25/2016 08:00:00 PM,26,8,18
02/25/2016 09:00:00 PM,18,6,12
02/25/2016 10:00:00 PM,7,3,4
02/25/2016 11:00:00 PM,5,3,2
02/26/2016 12:00:00 AM,5,1,4
02/26/2016 01:00:00 AM,0,0,0
02/26/2016 02:00:00 AM,0,0,0
02/26/2016 03:00:00 AM,0,0,0
02/26/2016 04:00:00 AM,1,0,1
02/26/2016 05:00:00 AM,3,2,1
02/26/2016 06:00:00 AM,23,14,9
02/26/2016 07:00:00 AM,61,18,43
02/26/2016 08:00:00 AM,101,30,71
02/26/2016 09:00:00 AM,51,21,30
02/26/2016 10:00:00 AM,35,11,24
02/26/2016 11:00:00 AM,33,18,15
02/26/2016 12:00:00 PM,36,18,18
02/26/2016 01:00:00 PM,37,14,23
02/26/2016 02:00:00 PM,31,18,13
02/26/2016 03:00:00 PM,60,17,43
02/26/2016 04:00:00 PM,70,19,51
02/26/2016 05:00:00 PM,86,33,53
02/26/2016 06:00:00 PM,39,21,18
02/26/2016 07:00:00 PM,26,12,14
02/26/2016 08:00:00 PM,7,3,4
02/26/2016 09:00:00 PM,7,2,5
02/26/2016 10:00:00 PM,8,4,4
02/26/2016 11:00:00 PM,8,4,4
02/27/2016 12:00:00 AM,2,1,1
02/27/2016 01:00:00 AM,2,1,1
02/27/2016 02:00:00 AM,0,0,0
02/27/2016 03:00:00 AM,0,0,0
02/27/2016 04:00:00 AM,0,0,0
02/27/2016 05:00:00 AM,1,0,1
02/27/2016 06:00:00 AM,2,1,1
02/27/2016 07:00:00 AM,3,1,2
02/27/2016 08:00:00 AM,8,3,5
02/27/2016 09:00:00 AM,3,2,1
02/27/2016 10:00:00 AM,9,4,5
02/27/2016 11:00:00 AM,10,5,5
02/27/2016 12:00:00 PM,25,9,16
02/27/2016 01:00:00 PM,17,7,10
02/27/2016 02:00:00 PM,27,6,21
02/27/2016 03:00:00 PM,27,6,21
02/27/2016 04:00:00 PM,33,12,21
02/27/2016 05:00:00 PM,23,12,11
02/27/2016 06:00:00 PM,17,4,13
02/27/2016 07:00:00 PM,11,5,6
02/27/2016 08:00:00 PM,10,3,7
02/27/2016 09:00:00 PM,10,5,5
02/27/2016 10:00:00 PM,5,0,5
02/27/2016 11:00:00 PM,5,0,5
02/28/2016 12:00:00 AM,4,1,3
02/28/2016 01:00:00 AM,4,0,4
02/28/2016 02:00:00 AM,9,7,2
02/28/2016 03:00:00 AM,2,0,2
02/28/2016 04:00:00 AM,0,0,0
02/28/2016 05:00:00 AM,0,0,0
02/28/2016 06:00:00 AM,7,1,6
02/28/2016 07:00:00 AM,31,1,30
02/28/2016 08:00:00 AM,34,0,34
02/28/2016 09:00:00 AM,4,1,3
02/28/2016 10:00:00 AM,6,2,4
02/28/2016 11:00:00 AM,9,4,5
02/28/2016 12:00:00 PM,10,7,3
02/28/2016 01:00:00 PM,13,10,3
02/28/2016 02:00:00 PM,32,24,8
02/28/2016 03:00:00 PM,22,15,7
02/28/2016 04:00:00 PM,23,20,3
02/28/2016 05:00:00 PM,5,1,4
02/28/2016 06:00:00 PM,7,2,5
02/28/2016 07:00:00 PM,7,2,5
02/28/2016 08:00:00 PM,4,2,2
02/28/2016 09:00:00 PM,4,0,4
02/28/2016 10:00:00 PM,0,0,0
02/28/2016 11:00:00 PM,3,0,3
02/29/2016 12:00:00 AM,0,0,0
02/29/2016 01:00:00 AM,0,0,0
02/29/2016 02:00:00 AM,0,0,0
02/29/2016 03:00:00 AM,1,1,0
02/29/2016 04:00:00 AM,1,0,1
02/29/2016 05:00:00 AM,6,4,2
02/29/2016 06:00:00 AM,24,12,12
02/29/2016 07:00:00 AM,66,25,41
02/29/2016 08:00:00 AM,89,36,53
02/29/2016 09:00:00 AM,65,27,38
02/29/2016 10:00:00 AM,24,10,14
02/29/2016 11:00:00 AM,32,14,18
02/29/2016 12:00:00 PM,27,7,20
02/29/2016 01:00:00 PM,30,8,22
02/29/2016 02:00:00 PM,42,22,20
02/29/2016 03:00:00 PM,45,16,29
02/29/2016 04:00:00 PM,104,27,77
02/29/2016 05:00:00 PM,156,43,113
02/29/2016 06:00:00 PM,70,35,35
02/29/2016 07:00:00 PM,30,10,20
02/29/2016 08:00:00 PM,14,4,10
02/29/2016 09:00:00 PM,6,2,4
02/29/2016 10:00:00 PM,3,3,0
02/29/2016 11:00:00 PM,2,2,0
03/01/2016 12:00:00 AM,1,1,0
03/01/2016 01:00:00 AM,1,0,1
03/01/2016 02:00:00 AM,2,1,1
03/01/2016 03:00:00 AM,0,0,0
03/01/2016 04:00:00 AM,1,0,1
03/01/2016 05:00:00 AM,4,2,2
03/01/2016 06:00:00 AM,23,11,12
03/01/2016 07:00:00 AM,52,18,34
03/01/2016 08:00:00 AM,81,23,58
03/01/2016 09:00:00 AM,52,22,30
03/01/2016 10:00:00 AM,24,12,12
03/01/2016 11:00:00 AM,10,3,7
03/01/2016 12:00:00 PM,26,12,14
03/01/2016 01:00:00 PM,11,5,6
03/01/2016 02:00:00 PM,22,10,12
03/01/2016 03:00:00 PM,27,8,19
03/01/2016 04:00:00 PM,81,21,60
03/01/2016 05:00:00 PM,105,42,63
03/01/2016 06:00:00 PM,47,25,22
03/01/2016 07:00:00 PM,15,6,9
03/01/2016 08:00:00 PM,14,6,8
03/01/2016 09:00:00 PM,8,5,3
03/01/2016 10:00:00 PM,1,1,0
03/01/2016 11:00:00 PM,0,0,0
03/02/2016 12:00:00 AM,1,1,0
03/02/2016 01:00:00 AM,0,0,0
03/02/2016 02:00:00 AM,1,1,0
03/02/2016 03:00:00 AM,0,0,0
03/02/2016 04:00:00 AM,1,0,1
03/02/2016 05:00:00 AM,6,3,3
03/02/2016 06:00:00 AM,27,14,13
03/02/2016 07:00:00 AM,60,26,34
03/02/2016 08:00:00 AM,114,39,75
03/02/2016 09:00:00 AM,60,25,35
03/02/2016 10:00:00 AM,28,8,20
03/02/2016 11:00:00 AM,14,9,5
03/02/2016 12:00:00 PM,25,5,20
03/02/2016 01:00:00 PM,21,7,14
03/02/2016 02:00:00 PM,30,11,19
03/02/2016 03:00:00 PM,40,11,29
03/02/2016 04:00:00 PM,97,32,65
03/02/2016 05:00:00 PM,139,37,102
03/02/2016 06:00:00 PM,57,20,37
03/02/2016 07:00:00 PM,25,10,15
03/02/2016 08:00:00 PM,9,5,4
03/02/2016 09:00:00 PM,4,2,2
03/02/2016 10:00:00 PM,2,1,1
03/02/2016 11:00:00 PM,1,0,1
03/03/2016 12:00:00 AM,5,1,4
03/03/2016 01:00:00 AM,0,0,0
03/03/2016 02:00:00 AM,2,1,1
03/03/2016 03:00:00 AM,1,0,1
03/03/2016 04:00:00 AM,1,0,1
03/03/2016 05:00:00 AM,7,3,4
03/03/2016 06:00:00 AM,26,14,12
03/03/2016 07:00:00 AM,51,17,34
03/03/2016 08:00:00 AM,98,37,61
03/03/2016 09:00:00 AM,64,26,38
03/03/2016 10:00:00 AM,26,12,14
03/03/2016 11:00:00 AM,14,7,7
03/03/2016 12:00:00 PM,19,7,12
03/03/2016 01:00:00 PM,29,11,18
03/03/2016 02:00:00 PM,27,9,18
03/03/2016 03:00:00 PM,38,15,23
03/03/2016 04:00:00 PM,83,22,61
03/03/2016 05:00:00 PM,143,46,97
03/03/2016 06:00:00 PM,66,23,43
03/03/2016 07:00:00 PM,30,13,17
03/03/2016 08:00:00 PM,10,2,8
03/03/2016 09:00:00 PM,8,3,5
03/03/2016 10:00:00 PM,8,2,6
03/03/2016 11:00:00 PM,7,3,4
03/04/2016 12:00:00 AM,5,0,5
03/04/2016 01:00:00 AM,0,0,0
03/04/2016 02:00:00 AM,1,1,0
03/04/2016 03:00:00 AM,0,0,0
03/04/2016 04:00:00 AM,1,0,1
03/04/2016 05:00:00 AM,5,4,1
03/04/2016 06:00:00 AM,19,9,10
03/04/2016 07:00:00 AM,52,25,27
03/04/2016 08:00:00 AM,93,42,51
03/04/2016 09:00:00 AM,57,24,33
03/04/2016 10:00:00 AM,25,10,15
03/04/2016 11:00:00 AM,34,17,17
03/04/2016 12:00:00 PM,35,15,20
03/04/2016 01:00:00 PM,24,10,14
03/04/2016 02:00:00 PM,24,7,17
03/04/2016 03:00:00 PM,44,13,31
03/04/2016 04:00:00 PM,89,21,68
03/04/2016 05:00:00 PM,106,44,62
03/04/2016 06:00:00 PM,44,15,29
03/04/2016 07:00:00 PM,17,8,9
03/04/2016 08:00:00 PM,10,4,6
03/04/2016 09:00:00 PM,7,4,3
03/04/2016 10:00:00 PM,5,3,2
03/04/2016 11:00:00 PM,3,0,3
03/05/2016 12:00:00 AM,4,0,4
03/05/2016 01:00:00 AM,2,0,2
03/05/2016 02:00:00 AM,0,0,0
03/05/2016 03:00:00 AM,0,0,0
03/05/2016 04:00:00 AM,0,0,0
03/05/2016 05:00:00 AM,3,1,2
03/05/2016 06:00:00 AM,3,1,2
03/05/2016 07:00:00 AM,2,0,2
03/05/2016 08:00:00 AM,12,3,9
03/05/2016 09:00:00 AM,12,4,8
03/05/2016 10:00:00 AM,23,6,17
03/05/2016 11:00:00 AM,18,8,10
03/05/2016 12:00:00 PM,36,15,21
03/05/2016 01:00:00 PM,27,10,17
03/05/2016 02:00:00 PM,39,21,18
03/05/2016 03:00:00 PM,34,22,12
03/05/2016 04:00:00 PM,14,3,11
03/05/2016 05:00:00 PM,16,7,9
03/05/2016 06:00:00 PM,19,8,11
03/05/2016 07:00:00 PM,4,1,3
03/05/2016 08:00:00 PM,5,1,4
03/05/2016 09:00:00 PM,4,1,3
03/05/2016 10:00:00 PM,2,1,1
03/05/2016 11:00:00 PM,3,2,1
03/06/2016 12:00:00 AM,4,0,4
03/06/2016 01:00:00 AM,1,0,1
03/06/2016 02:00:00 AM,2,0,2
03/06/2016 03:00:00 AM,0,0,0
03/06/2016 04:00:00 AM,0,0,0
03/06/2016 05:00:00 AM,0,0,0
03/06/2016 06:00:00 AM,1,0,1
03/06/2016 07:00:00 AM,1,0,1
03/06/2016 08:00:00 AM,3,2,1
03/06/2016 09:00:00 AM,7,1,6
03/06/2016 10:00:00 AM,4,3,1
03/06/2016 11:00:00 AM,10,2,8
03/06/2016 12:00:00 PM,7,2,5
03/06/2016 01:00:00 PM,12,5,7
03/06/2016 02:00:00 PM,9,1,8
03/06/2016 03:00:00 PM,18,4,14
03/06/2016 04:00:00 PM,11,3,8
03/06/2016 05:00:00 PM,7,4,3
03/06/2016 06:00:00 PM,12,9,3
03/06/2016 07:00:00 PM,5,1,4
03/06/2016 08:00:00 PM,6,3,3
03/06/2016 09:00:00 PM,3,1,2
03/06/2016 10:00:00 PM,1,0,1
03/06/2016 11:00:00 PM,2,1,1
03/07/2016 12:00:00 AM,1,0,1
03/07/2016 01:00:00 AM,1,0,1
03/07/2016 02:00:00 AM,0,0,0
03/07/2016 03:00:00 AM,0,0,0
03/07/2016 04:00:00 AM,1,0,1
03/07/2016 05:00:00 AM,7,3,4
03/07/2016 06:00:00 AM,25,11,14
03/07/2016 07:00:00 AM,38,17,21
03/07/2016 08:00:00 AM,62,22,40
03/07/2016 09:00:00 AM,45,22,23
03/07/2016 10:00:00 AM,17,7,10
03/07/2016 11:00:00 AM,19,8,11
03/07/2016 12:00:00 PM,18,8,10
03/07/2016 01:00:00 PM,21,8,13
03/07/2016 02:00:00 PM,12,4,8
03/07/2016 03:00:00 PM,34,10,24
03/07/2016 04:00:00 PM,78,22,56
03/07/2016 05:00:00 PM,116,35,81
03/07/2016 06:00:00 PM,58,20,38
03/07/2016 07:00:00 PM,16,6,10
03/07/2016 08:00:00 PM,7,3,4
03/07/2016 09:00:00 PM,10,5,5
03/07/2016 10:00:00 PM,2,0,2
03/07/2016 11:00:00 PM,2,2,0
03/08/2016 12:00:00 AM,1,1,0
03/08/2016 01:00:00 AM,0,0,0
03/08/2016 02:00:00 AM,2,1,1
03/08/2016 03:00:00 AM,0,0,0
03/08/2016 04:00:00 AM,0,0,0
03/08/2016 05:00:00 AM,7,4,3
03/08/2016 06:00:00 AM,32,13,19
03/08/2016 07:00:00 AM,77,32,45
03/08/2016 08:00:00 AM,105,37,68
03/08/2016 09:00:00 AM,71,22,49
03/08/2016 10:00:00 AM,36,14,22
03/08/2016 11:00:00 AM,27,12,15
03/08/2016 12:00:00 PM,33,15,18
03/08/2016 01:00:00 PM,28,13,15
03/08/2016 02:00:00 PM,22,12,10
03/08/2016 03:00:00 PM,44,17,27
03/08/2016 04:00:00 PM,98,21,77
03/08/2016 05:00:00 PM,153,43,110
03/08/2016 06:00:00 PM,67,26,41
03/08/2016 07:00:00 PM,19,8,11
03/08/2016 08:00:00 PM,9,2,7
03/08/2016 09:00:00 PM,6,3,3
03/08/2016 10:00:00 PM,3,1,2
03/08/2016 11:00:00 PM,0,0,0
03/09/2016 12:00:00 AM,1,0,1
03/09/2016 01:00:00 AM,0,0,0
03/09/2016 02:00:00 AM,3,1,2
03/09/2016 03:00:00 AM,0,0,0
03/09/2016 04:00:00 AM,0,0,0
03/09/2016 05:00:00 AM,5,3,2
03/09/2016 06:00:00 AM,23,10,13
03/09/2016 07:00:00 AM,60,23,37
03/09/2016 08:00:00 AM,77,24,53
03/09/2016 09:00:00 AM,61,21,40
03/09/2016 10:00:00 AM,23,12,11
03/09/2016 11:00:00 AM,19,10,9
03/09/2016 12:00:00 PM,16,8,8
03/09/2016 01:00:00 PM,21,7,14
03/09/2016 02:00:00 PM,15,7,8
03/09/2016 03:00:00 PM,33,6,27
03/09/2016 04:00:00 PM,57,19,38
03/09/2016 05:00:00 PM,94,24,70
03/09/2016 06:00:00 PM,38,15,23
03/09/2016 07:00:00 PM,18,9,9
03/09/2016 08:00:00 PM,11,2,9
03/09/2016 09:00:00 PM,7,3,4
03/09/2016 10:00:00 PM,1,1,0
03/09/2016 11:00:00 PM,1,0,1
03/10/2016 12:00:00 AM,4,1,3
03/10/2016 01:00:00 AM,0,0,0
03/10/2016 02:00:00 AM,1,1,0
03/10/2016 03:00:00 AM,1,0,1
03/10/2016 04:00:00 AM,0,0,0
03/10/2016 05:00:00 AM,5,4,1
03/10/2016 06:00:00 AM,23,15,8
03/10/2016 07:00:00 AM,32,16,16
03/10/2016 08:00:00 AM,75,29,46
03/10/2016 09:00:00 AM,43,13,30
03/10/2016 10:00:00 AM,25,10,15
03/10/2016 11:00:00 AM,11,5,6
03/10/2016 12:00:00 PM,22,9,13
03/10/2016 01:00:00 PM,31,17,14
03/10/2016 02:00:00 PM,23,4,19
03/10/2016 03:00:00 PM,37,9,28
03/10/2016 04:00:00 PM,58,24,34
03/10/2016 05:00:00 PM,93,24,69
03/10/2016 06:00:00 PM,62,18,44
03/10/2016 07:00:00 PM,16,7,9
03/10/2016 08:00:00 PM,11,4,7
03/10/2016 09:00:00 PM,7,3,4
03/10/2016 10:00:00 PM,4,0,4
03/10/2016 11:00:00 PM,2,1,1
03/11/2016 12:00:00 AM,3,1,2
03/11/2016 01:00:00 AM,1,0,1
03/11/2016 02:00:00 AM,1,1,0
03/11/2016 03:00:00 AM,0,0,0
03/11/2016 04:00:00 AM,0,0,0
03/11/2016 05:00:00 AM,2,2,0
03/11/2016 06:00:00 AM,18,10,8
03/11/2016 07:00:00 AM,62,25,37
03/11/2016 08:00:00 AM,88,29,59
03/11/2016 09:00:00 AM,64,27,37
03/11/2016 10:00:00 AM,36,15,21
03/11/2016 11:00:00 AM,25,10,15
03/11/2016 12:00:00 PM,31,10,21
03/11/2016 01:00:00 PM,26,9,17
03/11/2016 02:00:00 PM,19,8,11
03/11/2016 03:00:00 PM,43,9,34
03/11/2016 04:00:00 PM,77,20,57
03/11/2016 05:00:00 PM,104,27,77
03/11/2016 06:00:00 PM,42,19,23
03/11/2016 07:00:00 PM,13,10,3
03/11/2016 08:00:00 PM,13,6,7
03/11/2016 09:00:00 PM,2,0,2
03/11/2016 10:00:00 PM,5,1,4
03/11/2016 11:00:00 PM,3,3,0
03/12/2016 12:00:00 AM,2,0,2
03/12/2016 01:00:00 AM,0,0,0
03/12/2016 02:00:00 AM,0,0,0
03/12/2016 03:00:00 AM,1,0,1
03/12/2016 04:00:00 AM,2,0,2
03/12/2016 05:00:00 AM,0,0,0
03/12/2016 06:00:00 AM,2,1,1
03/12/2016 07:00:00 AM,2,1,1
03/12/2016 08:00:00 AM,8,3,5
03/12/2016 09:00:00 AM,5,2,3
03/12/2016 10:00:00 AM,6,2,4
03/12/2016 11:00:00 AM,11,2,9
03/12/2016 12:00:00 PM,11,8,3
03/12/2016 01:00:00 PM,19,13,6
03/12/2016 02:00:00 PM,20,2,18
03/12/2016 03:00:00 PM,16,6,10
03/12/2016 04:00:00 PM,5,2,3
03/12/2016 05:00:00 PM,12,3,9
03/12/2016 06:00:00 PM,12,2,10
03/12/2016 07:00:00 PM,7,1,6
03/12/2016 08:00:00 PM,10,3,7
03/12/2016 09:00:00 PM,1,0,1
03/12/2016 10:00:00 PM,2,1,1
03/12/2016 11:00:00 PM,4,2,2
03/13/2016 12:00:00 AM,1,0,1
03/13/2016 01:00:00 AM,1,0,1
03/13/2016 03:00:00 AM,,,
03/13/2016 03:00:00 AM,2,0,2
03/13/2016 04:00:00 AM,0,0,0
03/13/2016 05:00:00 AM,0,0,0
03/13/2016 06:00:00 AM,1,0,1
03/13/2016 07:00:00 AM,2,0,2
03/13/2016 08:00:00 AM,2,2,0
03/13/2016 09:00:00 AM,2,2,0
03/13/2016 10:00:00 AM,1,0,1
03/13/2016 11:00:00 AM,6,4,2
03/13/2016 12:00:00 PM,8,4,4
03/13/2016 01:00:00 PM,5,1,4
03/13/2016 02:00:00 PM,6,1,5
03/13/2016 03:00:00 PM,6,2,4
03/13/2016 04:00:00 PM,11,4,7
03/13/2016 05:00:00 PM,5,4,1
03/13/2016 06:00:00 PM,6,3,3
03/13/2016 07:00:00 PM,3,0,3
03/13/2016 08:00:00 PM,4,2,2
03/13/2016 09:00:00 PM,4,2,2
03/13/2016 10:00:00 PM,3,2,1
03/13/2016 11:00:00 PM,3,1,2
03/14/2016 12:00:00 AM,0,0,0
03/14/2016 01:00:00 AM,0,0,0
03/14/2016 02:00:00 AM,0,0,0
03/14/2016 03:00:00 AM,1,1,0
03/14/2016 04:00:00 AM,0,0,0
03/14/2016 05:00:00 AM,5,3,2
03/14/2016 06:00:00 AM,18,10,8
03/14/2016 07:00:00 AM,37,17,20
03/14/2016 08:00:00 AM,74,28,46
03/14/2016 09:00:00 AM,61,29,32
03/14/2016 10:00:00 AM,26,13,13
03/14/2016 11:00:00 AM,20,11,9
03/14/2016 12:00:00 PM,17,7,10
03/14/2016 01:00:00 PM,20,11,9
03/14/2016 02:00:00 PM,23,14,9
03/14/2016 03:00:00 PM,33,15,18
03/14/2016 04:00:00 PM,67,16,51
03/14/2016 05:00:00 PM,111,25,86
03/14/2016 06:00:00 PM,66,27,39
03/14/2016 07:00:00 PM,20,7,13
03/14/2016 08:00:00 PM,9,5,4
03/14/2016 09:00:00 PM,6,1,5
03/14/2016 10:00:00 PM,3,3,0
03/14/2016 11:00:00 PM,6,2,4
03/15/2016 12:00:00 AM,2,1,1
03/15/2016 01:00:00 AM,5,5,0
03/15/2016 02:00:00 AM,2,1,1
03/15/2016 03:00:00 AM,0,0,0
03/15/2016 04:00:00 AM,1,1,0
03/15/2016 05:00:00 AM,5,2,3
03/15/2016 06:00:00 AM,24,12,12
03/15/2016 07:00:00 AM,51,24,27
03/15/2016 08:00:00 AM,92,31,61
03/15/2016 09:00:00 AM,66,25,41
03/15/2016 10:00:00 AM,32,7,25
03/15/2016 11:00:00 AM,16,10,6
03/15/2016 12:00:00 PM,21,9,12
03/15/2016 01:00:00 PM,24,8,16
03/15/2016 02:00:00 PM,30,17,13
03/15/2016 03:00:00 PM,52,19,33
03/15/2016 04:00:00 PM,80,24,56
03/15/2016 05:00:00 PM,137,39,98
03/15/2016 06:00:00 PM,75,36,39
03/15/2016 07:00:00 PM,20,7,13
03/15/2016 08:00:00 PM,8,3,5
03/15/2016 09:00:00 PM,6,5,1
03/15/2016 10:00:00 PM,3,2,1
03/15/2016 11:00:00 PM,0,0,0
03/16/2016 12:00:00 AM,2,0,2
03/16/2016 01:00:00 AM,0,0,0
03/16/2016 02:00:00 AM,2,1,1
03/16/2016 03:00:00 AM,0,0,0
03/16/2016 04:00:00 AM,0,0,0
03/16/2016 05:00:00 AM,5,3,2
03/16/2016 06:00:00 AM,30,14,16
03/16/2016 07:00:00 AM,65,22,43
03/16/2016 08:00:00 AM,117,46,71
03/16/2016 09:00:00 AM,88,37,51
03/16/2016 10:00:00 AM,37,17,20
03/16/2016 11:00:00 AM,30,9,21
03/16/2016 12:00:00 PM,34,20,14
03/16/2016 01:00:00 PM,22,8,14
03/16/2016 02:00:00 PM,25,11,14
03/16/2016 03:00:00 PM,52,18,34
03/16/2016 04:00:00 PM,103,27,76
03/16/2016 05:00:00 PM,171,47,124
03/16/2016 06:00:00 PM,86,34,52
03/16/2016 07:00:00 PM,32,17,15
03/16/2016 08:00:00 PM,9,3,6
03/16/2016 09:00:00 PM,9,3,6
03/16/2016 10:00:00 PM,7,3,4
03/16/2016 11:00:00 PM,0,0,0
03/17/2016 12:00:00 AM,3,0,3
03/17/2016 01:00:00 AM,0,0,0
03/17/2016 02:00:00 AM,2,1,1
03/17/2016 03:00:00 AM,0,0,0
03/17/2016 04:00:00 AM,1,0,1
03/17/2016 05:00:00 AM,4,3,1
03/17/2016 06:00:00 AM,35,13,22
03/17/2016 07:00:00 AM,89,28,61
03/17/2016 08:00:00 AM,116,50,66
03/17/2016 09:00:00 AM,74,28,46
03/17/2016 10:00:00 AM,34,10,24
03/17/2016 11:00:00 AM,17,7,10
03/17/2016 12:00:00 PM,26,12,14
03/17/2016 01:00:00 PM,41,20,21
03/17/2016 02:00:00 PM,36,11,25
03/17/2016 03:00:00 PM,47,13,34
03/17/2016 04:00:00 PM,95,19,76
03/17/2016 05:00:00 PM,173,60,113
03/17/2016 06:00:00 PM,85,32,53
03/17/2016 07:00:00 PM,41,22,19
03/17/2016 08:00:00 PM,11,4,7
03/17/2016 09:00:00 PM,12,1,11
03/17/2016 10:00:00 PM,7,2,5
03/17/2016 11:00:00 PM,4,2,2
03/18/2016 12:00:00 AM,5,1,4
03/18/2016 01:00:00 AM,4,0,4
03/18/2016 02:00:00 AM,2,2,0
03/18/2016 03:00:00 AM,1,0,1
03/18/2016 04:00:00 AM,0,0,0
03/18/2016 05:00:00 AM,4,3,1
03/18/2016 06:00:00 AM,22,11,11
03/18/2016 07:00:00 AM,65,25,40
03/18/2016 08:00:00 AM,103,31,72
03/18/2016 09:00:00 AM,67,22,45
03/18/2016 10:00:00 AM,34,12,22
03/18/2016 11:00:00 AM,31,12,19
03/18/2016 12:00:00 PM,41,11,30
03/18/2016 01:00:00 PM,31,12,19
03/18/2016 02:00:00 PM,34,8,26
03/18/2016 03:00:00 PM,59,25,34
03/18/2016 04:00:00 PM,111,36,75
03/18/2016 05:00:00 PM,122,35,87
03/18/2016 06:00:00 PM,42,13,29
03/18/2016 07:00:00 PM,28,15,13
03/18/2016 08:00:00 PM,7,3,4
03/18/2016 09:00:00 PM,10,4,6
03/18/2016 10:00:00 PM,6,2,4
03/18/2016 11:00:00 PM,8,2,6
03/19/2016 12:00:00 AM,4,1,3
03/19/2016 01:00:00 AM,2,1,1
03/19/2016 02:00:00 AM,1,0,1
03/19/2016 03:00:00 AM,0,0,0
03/19/2016 04:00:00 AM,1,0,1
03/19/2016 05:00:00 AM,0,0,0
03/19/2016 06:00:00 AM,1,1,0
03/19/2016 07:00:00 AM,5,1,4
03/19/2016 08:00:00 AM,12,5,7
03/19/2016 09:00:00 AM,4,2,2
03/19/2016 10:00:00 AM,9,3,6
03/19/2016 11:00:00 AM,23,13,10
03/19/2016 12:00:00 PM,26,20,6
03/19/2016 01:00:00 PM,23,10,13
03/19/2016 02:00:00 PM,16,3,13
03/19/2016 03:00:00 PM,16,8,8
03/19/2016 04:00:00 PM,23,10,13
03/19/2016 05:00:00 PM,28,9,19
03/19/2016 06:00:00 PM,21,1,20
03/19/2016 07:00:00 PM,10,5,5
03/19/2016 08:00:00 PM,4,1,3
03/19/2016 09:00:00 PM,17,12,5
03/19/2016 10:00:00 PM,9,4,5
03/19/2016 11:00:00 PM,6,5,1
03/20/2016 12:00:00 AM,5,1,4
03/20/2016 01:00:00 AM,3,1,2
03/20/2016 02:00:00 AM,1,0,1
03/20/2016 03:00:00 AM,1,0,1
03/20/2016 04:00:00 AM,0,0,0
03/20/2016 05:00:00 AM,1,1,0
03/20/2016 06:00:00 AM,2,0,2
03/20/2016 07:00:00 AM,2,1,1
03/20/2016 08:00:00 AM,6,1,5
03/20/2016 09:00:00 AM,12,6,6
03/20/2016 10:00:00 AM,9,1,8
03/20/2016 11:00:00 AM,13,5,8
03/20/2016 12:00:00 PM,13,7,6
03/20/2016 01:00:00 PM,8,3,5
03/20/2016 02:00:00 PM,12,5,7
03/20/2016 03:00:00 PM,10,3,7
03/20/2016 04:00:00 PM,11,3,8
03/20/2016 05:00:00 PM,5,3,2
03/20/2016 06:00:00 PM,7,0,7
03/20/2016 07:00:00 PM,11,1,10
03/20/2016 08:00:00 PM,7,4,3
03/20/2016 09:00:00 PM,3,2,1
03/20/2016 10:00:00 PM,4,2,2
03/20/2016 11:00:00 PM,2,2,0
03/21/2016 12:00:00 AM,1,0,1
03/21/2016 01:00:00 AM,2,0,2
03/21/2016 02:00:00 AM,1,0,1
03/21/2016 03:00:00 AM,8,8,0
03/21/2016 04:00:00 AM,1,1,0
03/21/2016 05:00:00 AM,3,2,1
03/21/2016 06:00:00 AM,15,7,8
03/21/2016 07:00:00 AM,44,18,26
03/21/2016 08:00:00 AM,88,32,56
03/21/2016 09:00:00 AM,50,24,26
03/21/2016 10:00:00 AM,19,9,10
03/21/2016 11:00:00 AM,13,7,6
03/21/2016 12:00:00 PM,17,7,10
03/21/2016 01:00:00 PM,12,5,7
03/21/2016 02:00:00 PM,20,10,10
03/21/2016 03:00:00 PM,29,9,20
03/21/2016 04:00:00 PM,64,15,49
03/21/2016 05:00:00 PM,104,26,78
03/21/2016 06:00:00 PM,60,24,36
03/21/2016 07:00:00 PM,16,5,11
03/21/2016 08:00:00 PM,5,1,4
03/21/2016 09:00:00 PM,6,2,4
03/21/2016 10:00:00 PM,0,0,0
03/21/2016 11:00:00 PM,3,1,2
03/22/2016 12:00:00 AM,2,0,2
03/22/2016 01:00:00 AM,1,0,1
03/22/2016 02:00:00 AM,0,0,0
03/22/2016 03:00:00 AM,0,0,0
03/22/2016 04:00:00 AM,1,1,0
03/22/2016 05:00:00 AM,2,2,0
03/22/2016 06:00:00 AM,34,10,24
03/22/2016 07:00:00 AM,68,25,43
03/22/2016 08:00:00 AM,109,37,72
03/22/2016 09:00:00 AM,54,21,33
03/22/2016 10:00:00 AM,18,7,11
03/22/2016 11:00:00 AM,19,5,14
03/22/2016 12:00:00 PM,18,11,7
03/22/2016 01:00:00 PM,25,9,16
03/22/2016 02:00:00 PM,27,9,18
03/22/2016 03:00:00 PM,50,18,32
03/22/2016 04:00:00 PM,79,27,52
03/22/2016 05:00:00 PM,154,43,111
03/22/2016 06:00:00 PM,53,16,37
03/22/2016 07:00:00 PM,27,7,20
03/22/2016 08:00:00 PM,14,8,6
03/22/2016 09:00:00 PM,6,0,6
03/22/2016 10:00:00 PM,4,2,2
03/22/2016 11:00:00 PM,1,0,1
03/23/2016 12:00:00 AM,2,0,2
03/23/2016 01:00:00 AM,1,0,1
03/23/2016 02:00:00 AM,3,0,3
03/23/2016 03:00:00 AM,1,0,1
03/23/2016 04:00:00 AM,1,1,0
03/23/2016 05:00:00 AM,5,5,0
03/23/2016 06:00:00 AM,23,9,14
03/23/2016 07:00:00 AM,58,22,36
03/23/2016 08:00:00 AM,90,38,52
03/23/2016 09:00:00 AM,60,18,42
03/23/2016 10:00:00 AM,30,11,19
03/23/2016 11:00:00 AM,15,8,7
03/23/2016 12:00:00 PM,16,5,11
03/23/2016 01:00:00 PM,19,7,12
03/23/2016 02:00:00 PM,29,12,17
03/23/2016 03:00:00 PM,46,16,30
03/23/2016 04:00:00 PM,95,28,67
03/23/2016 05:00:00 PM,135,34,101
03/23/2016 06:00:00 PM,66,17,49
03/23/2016 07:00:00 PM,29,10,19
03/23/2016 08:00:00 PM,13,6,7
03/23/2016 09:00:00 PM,8,1,7
03/23/2016 10:00:00 PM,1,1,0
03/23/2016 11:00:00 PM,4,2,2
03/24/2016 12:00:00 AM,4,0,4
03/24/2016 01:00:00 AM,1,1,0
03/24/2016 02:00:00 AM,0,0,0
03/24/2016 03:00:00 AM,0,0,0
03/24/2016 04:00:00 AM,1,1,0
03/24/2016 05:00:00 AM,3,3,0
03/24/2016 06:00:00 AM,23,9,14
03/24/2016 07:00:00 AM,55,21,34
03/24/2016 08:00:00 AM,98,29,69
03/24/2016 09:00:00 AM,66,25,41
03/24/2016 10:00:00 AM,37,15,22
03/24/2016 11:00:00 AM,19,5,14
03/24/2016 12:00:00 PM,23,10,13
03/24/2016 01:00:00 PM,27,11,16
03/24/2016 02:00:00 PM,35,12,23
03/24/2016 03:00:00 PM,29,12,17
03/24/2016 04:00:00 PM,89,19,70
03/24/2016 05:00:00 PM,123,45,78
03/24/2016 06:00:00 PM,67,33,34
03/24/2016 07:00:00 PM,25,6,19
03/24/2016 08:00:00 PM,11,3,8
03/24/2016 09:00:00 PM,11,3,8
03/24/2016 10:00:00 PM,5,1,4
03/24/2016 11:00:00 PM,5,3,2
03/25/2016 12:00:00 AM,3,1,2
03/25/2016 01:00:00 AM,1,0,1
03/25/2016 02:00:00 AM,1,1,0
03/25/2016 03:00:00 AM,0,0,0
03/25/2016 04:00:00 AM,1,1,0
03/25/2016 05:00:00 AM,0,0,0
03/25/2016 06:00:00 AM,31,14,17
03/25/2016 07:00:00 AM,49,18,31
03/25/2016 08:00:00 AM,95,33,62
03/25/2016 09:00:00 AM,68,27,41
03/25/2016 10:00:00 AM,29,7,22
03/25/2016 11:00:00 AM,35,8,27
03/25/2016 12:00:00 PM,39,11,28
03/25/2016 01:00:00 PM,33,15,18
03/25/2016 02:00:00 PM,38,8,30
03/25/2016 03:00:00 PM,57,17,40
03/25/2016 04:00:00 PM,123,33,90
03/25/2016 05:00:00 PM,116,37,79
03/25/2016 06:00:00 PM,62,17,45
03/25/2016 07:00:00 PM,25,10,15
03/25/2016 08:00:00 PM,20,12,8
03/25/2016 09:00:00 PM,26,19,7
03/25/2016 10:00:00 PM,12,8,4
03/25/2016 11:00:00 PM,6,3,3
03/26/2016 12:00:00 AM,4,0,4
03/26/2016 01:00:00 AM,3,0,3
03/26/2016 02:00:00 AM,2,0,2
03/26/2016 03:00:00 AM,0,0,0
03/26/2016 04:00:00 AM,0,0,0
03/26/2016 05:00:00 AM,0,0,0
03/26/2016 06:00:00 AM,2,0,2
03/26/2016 07:00:00 AM,0,0,0
03/26/2016 08:00:00 AM,7,1,6
03/26/2016 09:00:00 AM,7,5,2
03/26/2016 10:00:00 AM,4,2,2
03/26/2016 11:00:00 AM,13,4,9
03/26/2016 12:00:00 PM,15,5,10
03/26/2016 01:00:00 PM,27,19,8
03/26/2016 02:00:00 PM,20,10,10
03/26/2016 03:00:00 PM,20,10,10
03/26/2016 04:00:00 PM,15,2,13
03/26/2016 05:00:00 PM,8,4,4
03/26/2016 06:00:00 PM,10,7,3
03/26/2016 07:00:00 PM,9,2,7
03/26/2016 08:00:00 PM,0,0,0
03/26/2016 09:00:00 PM,5,3,2
03/26/2016 10:00:00 PM,9,3,6
03/26/2016 11:00:00 PM,5,3,2
03/27/2016 12:00:00 AM,3,0,3
03/27/2016 01:00:00 AM,3,1,2
03/27/2016 02:00:00 AM,4,2,2
03/27/2016 03:00:00 AM,0,0,0
03/27/2016 04:00:00 AM,1,0,1
03/27/2016 05:00:00 AM,0,0,0
03/27/2016 06:00:00 AM,1,0,1
03/27/2016 07:00:00 AM,1,0,1
03/27/2016 08:00:00 AM,3,3,0
03/27/2016 09:00:00 AM,3,1,2
03/27/2016 10:00:00 AM,6,0,6
03/27/2016 11:00:00 AM,5,2,3
03/27/2016 12:00:00 PM,2,1,1
03/27/2016 01:00:00 PM,8,4,4
03/27/2016 02:00:00 PM,6,1,5
03/27/2016 03:00:00 PM,5,1,4
03/27/2016 04:00:00 PM,8,2,6
03/27/2016 05:00:00 PM,9,4,5
03/27/2016 06:00:00 PM,3,2,1
03/27/2016 07:00:00 PM,2,1,1
03/27/2016 08:00:00 PM,2,2,0
03/27/2016 09:00:00 PM,4,1,3
03/27/2016 10:00:00 PM,0,0,0
03/27/2016 11:00:00 PM,0,0,0
03/28/2016 12:00:00 AM,3,1,2
03/28/2016 01:00:00 AM,0,0,0
03/28/2016 02:00:00 AM,2,0,2
03/28/2016 03:00:00 AM,0,0,0
03/28/2016 04:00:00 AM,1,0,1
03/28/2016 05:00:00 AM,5,4,1
03/28/2016 06:00:00 AM,26,11,15
03/28/2016 07:00:00 AM,67,26,41
03/28/2016 08:00:00 AM,109,37,72
03/28/2016 09:00:00 AM,76,34,42
03/28/2016 10:00:00 AM,16,8,8
03/28/2016 11:00:00 AM,10,7,3
03/28/2016 12:00:00 PM,22,8,14
03/28/2016 01:00:00 PM,15,6,9
03/28/2016 02:00:00 PM,30,16,14
03/28/2016 03:00:00 PM,42,15,27
03/28/2016 04:00:00 PM,76,18,58
03/28/2016 05:00:00 PM,136,39,97
03/28/2016 06:00:00 PM,83,24,59
03/28/2016 07:00:00 PM,32,10,22
03/28/2016 08:00:00 PM,15,7,8
03/28/2016 09:00:00 PM,8,2,6
03/28/2016 10:00:00 PM,3,1,2
03/28/2016 11:00:00 PM,2,1,1
03/29/2016 12:00:00 AM,2,0,2
03/29/2016 01:00:00 AM,2,1,1
03/29/2016 02:00:00 AM,2,0,2
03/29/2016 03:00:00 AM,2,0,2
03/29/2016 04:00:00 AM,0,0,0
03/29/2016 05:00:00 AM,9,7,2
03/29/2016 06:00:00 AM,28,10,18
03/29/2016 07:00:00 AM,84,35,49
03/29/2016 08:00:00 AM,136,41,95
03/29/2016 09:00:00 AM,82,42,40
03/29/2016 10:00:00 AM,20,8,12
03/29/2016 11:00:00 AM,35,17,18
03/29/2016 12:00:00 PM,28,10,18
03/29/2016 01:00:00 PM,23,10,13
03/29/2016 02:00:00 PM,39,16,23
03/29/2016 03:00:00 PM,45,9,36
03/29/2016 04:00:00 PM,96,29,67
03/29/2016 05:00:00 PM,163,55,108
03/29/2016 06:00:00 PM,83,33,50
03/29/2016 07:00:00 PM,43,14,29
03/29/2016 08:00:00 PM,18,7,11
03/29/2016 09:00:00 PM,9,7,2
03/29/2016 10:00:00 PM,8,2,6
03/29/2016 11:00:00 PM,3,2,1
03/30/2016 12:00:00 AM,2,1,1
03/30/2016 01:00:00 AM,0,0,0
03/30/2016 02:00:00 AM,0,0,0
03/30/2016 03:00:00 AM,0,0,0
03/30/2016 04:00:00 AM,0,0,0
03/30/2016 05:00:00 AM,8,5,3
03/30/2016 06:00:00 AM,39,15,24
03/30/2016 07:00:00 AM,76,28,48
03/30/2016 08:00:00 AM,169,55,114
03/30/2016 09:00:00 AM,78,28,50
03/30/2016 10:00:00 AM,32,11,21
03/30/2016 11:00:00 AM,19,7,12
03/30/2016 12:00:00 PM,37,22,15
03/30/2016 01:00:00 PM,32,13,19
03/30/2016 02:00:00 PM,41,19,22
03/30/2016 03:00:00 PM,53,17,36
03/30/2016 04:00:00 PM,115,31,84
03/30/2016 05:00:00 PM,196,70,126
03/30/2016 06:00:00 PM,83,29,54
03/30/2016 07:00:00 PM,33,12,21
03/30/2016 08:00:00 PM,23,8,15
03/30/2016 09:00:00 PM,10,3,7
03/30/2016 10:00:00 PM,11,5,6
03/30/2016 11:00:00 PM,3,1,2
03/31/2016 12:00:00 AM,4,2,2
03/31/2016 01:00:00 AM,0,0,0
03/31/2016 02:00:00 AM,0,0,0
03/31/2016 03:00:00 AM,0,0,0
03/31/2016 04:00:00 AM,1,0,1
03/31/2016 05:00:00 AM,7,5,2
03/31/2016 06:00:00 AM,33,15,18
03/31/2016 07:00:00 AM,90,36,54
03/31/2016 08:00:00 AM,128,42,86
03/31/2016 09:00:00 AM,75,31,44
03/31/2016 10:00:00 AM,31,18,13
03/31/2016 11:00:00 AM,32,9,23
03/31/2016 12:00:00 PM,30,14,16
03/31/2016 01:00:00 PM,24,8,16
03/31/2016 02:00:00 PM,45,19,26
03/31/2016 03:00:00 PM,71,15,56
03/31/2016 04:00:00 PM,127,34,93
03/31/2016 05:00:00 PM,200,70,130
03/31/2016 06:00:00 PM,92,37,55
03/31/2016 07:00:00 PM,20,7,13
03/31/2016 08:00:00 PM,21,4,17
03/31/2016 09:00:00 PM,6,2,4
03/31/2016 10:00:00 PM,11,6,5
03/31/2016 11:00:00 PM,7,4,3
04/01/2016 12:00:00 AM,4,1,3
04/01/2016 01:00:00 AM,0,0,0
04/01/2016 02:00:00 AM,8,6,2
04/01/2016 03:00:00 AM,0,0,0
04/01/2016 04:00:00 AM,1,1,0
04/01/2016 05:00:00 AM,3,2,1
04/01/2016 06:00:00 AM,29,13,16
04/01/2016 07:00:00 AM,63,30,33
04/01/2016 08:00:00 AM,110,36,74
04/01/2016 09:00:00 AM,64,16,48
04/01/2016 10:00:00 AM,28,10,18
04/01/2016 11:00:00 AM,15,6,9
04/01/2016 12:00:00 PM,48,15,33
04/01/2016 01:00:00 PM,37,18,19
04/01/2016 02:00:00 PM,38,12,26
04/01/2016 03:00:00 PM,68,17,51
04/01/2016 04:00:00 PM,108,32,76
04/01/2016 05:00:00 PM,142,38,104
04/01/2016 06:00:00 PM,76,32,44
04/01/2016 07:00:00 PM,14,6,8
04/01/2016 08:00:00 PM,18,11,7
04/01/2016 09:00:00 PM,12,8,4
04/01/2016 10:00:00 PM,6,5,1
04/01/2016 11:00:00 PM,1,0,1
04/02/2016 12:00:00 AM,0,0,0
04/02/2016 01:00:00 AM,0,0,0
04/02/2016 02:00:00 AM,1,0,1
04/02/2016 03:00:00 AM,0,0,0
04/02/2016 04:00:00 AM,0,0,0
04/02/2016 05:00:00 AM,0,0,0
04/02/2016 06:00:00 AM,0,0,0
04/02/2016 07:00:00 AM,0,0,0
04/02/2016 08:00:00 AM,0,0,0
04/02/2016 09:00:00 AM,0,0,0
04/02/2016 10:00:00 AM,0,0,0
04/02/2016 11:00:00 AM,0,0,0
04/02/2016 12:00:00 PM,0,0,0
04/02/2016 01:00:00 PM,0,0,0
04/02/2016 02:00:00 PM,0,0,0
04/02/2016 03:00:00 PM,0,0,0
04/02/2016 04:00:00 PM,1,0,1
04/02/2016 05:00:00 PM,0,0,0
04/02/2016 06:00:00 PM,1,0,1
04/02/2016 07:00:00 PM,0,0,0
04/02/2016 08:00:00 PM,1,0,1
04/02/2016 09:00:00 PM,0,0,0
04/02/2016 10:00:00 PM,0,0,0
04/02/2016 11:00:00 PM,0,0,0
04/03/2016 12:00:00 AM,0,0,0
04/03/2016 01:00:00 AM,0,0,0
04/03/2016 02:00:00 AM,0,0,0
04/03/2016 03:00:00 AM,0,0,0
04/03/2016 04:00:00 AM,0,0,0
04/03/2016 05:00:00 AM,0,0,0
04/03/2016 06:00:00 AM,0,0,0
04/03/2016 07:00:00 AM,0,0,0
04/03/2016 08:00:00 AM,1,1,0
04/03/2016 09:00:00 AM,0,0,0
04/03/2016 10:00:00 AM,0,0,0
04/03/2016 11:00:00 AM,0,0,0
04/03/2016 12:00:00 PM,0,0,0
04/03/2016 01:00:00 PM,0,0,0
04/03/2016 02:00:00 PM,0,0,0
04/03/2016 03:00:00 PM,0,0,0
04/03/2016 04:00:00 PM,0,0,0
04/03/2016 05:00:00 PM,0,0,0
04/03/2016 06:00:00 PM,0,0,0
04/03/2016 07:00:00 PM,0,0,0
04/03/2016 08:00:00 PM,0,0,0
04/03/2016 09:00:00 PM,0,0,0
04/03/2016 10:00:00 PM,0,0,0
04/03/2016 11:00:00 PM,0,0,0
04/04/2016 12:00:00 AM,0,0,0
04/04/2016 01:00:00 AM,0,0,0
04/04/2016 02:00:00 AM,0,0,0
04/04/2016 03:00:00 AM,0,0,0
04/04/2016 04:00:00 AM,0,0,0
04/04/2016 05:00:00 AM,0,0,0
04/04/2016 06:00:00 AM,0,0,0
04/04/2016 07:00:00 AM,0,0,0
04/04/2016 08:00:00 AM,0,0,0
04/04/2016 09:00:00 AM,0,0,0
04/04/2016 10:00:00 AM,0,0,0
04/04/2016 11:00:00 AM,9,4,5
04/04/2016 12:00:00 PM,25,18,7
04/04/2016 01:00:00 PM,18,7,11
04/04/2016 02:00:00 PM,33,18,15
04/04/2016 03:00:00 PM,31,9,22
04/04/2016 04:00:00 PM,80,23,57
04/04/2016 05:00:00 PM,129,35,94
04/04/2016 06:00:00 PM,67,23,44
04/04/2016 07:00:00 PM,32,14,18
04/04/2016 08:00:00 PM,15,6,9
04/04/2016 09:00:00 PM,6,1,5
04/04/2016 10:00:00 PM,7,3,4
04/04/2016 11:00:00 PM,3,1,2
04/05/2016 12:00:00 AM,1,0,1
04/05/2016 01:00:00 AM,1,0,1
04/05/2016 02:00:00 AM,2,1,1
04/05/2016 03:00:00 AM,0,0,0
04/05/2016 04:00:00 AM,3,0,3
04/05/2016 05:00:00 AM,18,10,8
04/05/2016 06:00:00 AM,27,14,13
04/05/2016 07:00:00 AM,81,30,51
04/05/2016 08:00:00 AM,102,26,76
04/05/2016 09:00:00 AM,53,24,29
04/05/2016 10:00:00 AM,22,5,17
04/05/2016 11:00:00 AM,13,6,7
04/05/2016 12:00:00 PM,18,11,7
04/05/2016 01:00:00 PM,15,7,8
04/05/2016 02:00:00 PM,16,5,11
04/05/2016 03:00:00 PM,41,14,27
04/05/2016 04:00:00 PM,65,19,46
04/05/2016 05:00:00 PM,131,24,107
04/05/2016 06:00:00 PM,55,17,38
04/05/2016 07:00:00 PM,17,6,11
04/05/2016 08:00:00 PM,12,1,11
04/05/2016 09:00:00 PM,3,3,0
04/05/2016 10:00:00 PM,2,1,1
04/05/2016 11:00:00 PM,1,1,0
04/06/2016 12:00:00 AM,1,0,1
04/06/2016 01:00:00 AM,0,0,0
04/06/2016 02:00:00 AM,0,0,0
04/06/2016 03:00:00 AM,0,0,0
04/06/2016 04:00:00 AM,0,0,0
04/06/2016 05:00:00 AM,6,1,5
04/06/2016 06:00:00 AM,29,13,16
04/06/2016 07:00:00 AM,46,16,30
04/06/2016 08:00:00 AM,87,29,58
04/06/2016 09:00:00 AM,51,20,31
04/06/2016 10:00:00 AM,18,4,14
04/06/2016 11:00:00 AM,16,5,11
04/06/2016 12:00:00 PM,21,11,10
04/06/2016 01:00:00 PM,21,6,15
04/06/2016 02:00:00 PM,23,11,12
04/06/2016 03:00:00 PM,33,10,23
04/06/2016 04:00:00 PM,77,19,58
04/06/2016 05:00:00 PM,123,23,100
04/06/2016 06:00:00 PM,61,11,50
04/06/2016 07:00:00 PM,29,14,15
04/06/2016 08:00:00 PM,5,3,2
04/06/2016 09:00:00 PM,3,0,3
04/06/2016 10:00:00 PM,6,1,5
04/06/2016 11:00:00 PM,3,2,1
04/07/2016 12:00:00 AM,1,0,1
04/07/2016 01:00:00 AM,1,1,0
04/07/2016 02:00:00 AM,2,1,1
04/07/2016 03:00:00 AM,24,13,11
04/07/2016 04:00:00 AM,1,0,1
04/07/2016 05:00:00 AM,5,1,4
04/07/2016 06:00:00 AM,23,9,14
04/07/2016 07:00:00 AM,49,23,26
04/07/2016 08:00:00 AM,44,20,24
04/07/2016 09:00:00 AM,29,27,2
04/07/2016 10:00:00 AM,6,5,1
04/07/2016 11:00:00 AM,12,9,3
04/07/2016 12:00:00 PM,24,19,5
04/07/2016 01:00:00 PM,8,8,0
04/07/2016 02:00:00 PM,8,4,4
04/07/2016 03:00:00 PM,17,10,7
04/07/2016 04:00:00 PM,27,13,14
04/07/2016 05:00:00 PM,47,24,23
04/07/2016 06:00:00 PM,24,12,12
04/07/2016 07:00:00 PM,13,7,6
04/07/2016 08:00:00 PM,7,4,3
04/07/2016 09:00:00 PM,4,3,1
04/07/2016 10:00:00 PM,1,1,0
04/07/2016 11:00:00 PM,3,2,1
04/08/2016 12:00:00 AM,1,0,1
04/08/2016 01:00:00 AM,0,0,0
04/08/2016 02:00:00 AM,0,0,0
04/08/2016 03:00:00 AM,1,1,0
04/08/2016 04:00:00 AM,0,0,0
04/08/2016 05:00:00 AM,1,1,0
04/08/2016 06:00:00 AM,5,5,0
04/08/2016 07:00:00 AM,17,14,3
04/08/2016 08:00:00 AM,52,25,27
04/08/2016 09:00:00 AM,48,29,19
04/08/2016 10:00:00 AM,23,8,15
04/08/2016 11:00:00 AM,26,13,13
04/08/2016 12:00:00 PM,35,19,16
04/08/2016 01:00:00 PM,25,10,15
04/08/2016 02:00:00 PM,28,8,20
04/08/2016 03:00:00 PM,46,19,27
04/08/2016 04:00:00 PM,79,16,63
04/08/2016 05:00:00 PM,140,48,92
04/08/2016 06:00:00 PM,58,14,44
04/08/2016 07:00:00 PM,20,12,8
04/08/2016 08:00:00 PM,14,7,7
04/08/2016 09:00:00 PM,6,6,0
04/08/2016 10:00:00 PM,11,8,3
04/08/2016 11:00:00 PM,8,3,5
04/09/2016 12:00:00 AM,7,2,5
04/09/2016 01:00:00 AM,1,0,1
04/09/2016 02:00:00 AM,1,1,0
04/09/2016 03:00:00 AM,1,1,0
04/09/2016 04:00:00 AM,0,0,0
04/09/2016 05:00:00 AM,1,1,0
04/09/2016 06:00:00 AM,0,0,0
04/09/2016 07:00:00 AM,5,2,3
04/09/2016 08:00:00 AM,23,5,18
04/09/2016 09:00:00 AM,16,8,8
04/09/2016 10:00:00 AM,8,3,5
04/09/2016 11:00:00 AM,11,5,6
04/09/2016 12:00:00 PM,25,8,17
04/09/2016 01:00:00 PM,33,18,15
04/09/2016 02:00:00 PM,27,15,12
04/09/2016 03:00:00 PM,20,9,11
04/09/2016 04:00:00 PM,23,8,15
04/09/2016 05:00:00 PM,27,15,12
04/09/2016 06:00:00 PM,34,9,25
04/09/2016 07:00:00 PM,12,6,6
04/09/2016 08:00:00 PM,18,9,9
04/09/2016 09:00:00 PM,25,12,13
04/09/2016 10:00:00 PM,5,3,2
04/09/2016 11:00:00 PM,2,1,1
04/10/2016 12:00:00 AM,3,0,3
04/10/2016 01:00:00 AM,4,0,4
04/10/2016 02:00:00 AM,0,0,0
04/10/2016 03:00:00 AM,1,0,1
04/10/2016 04:00:00 AM,0,0,0
04/10/2016 05:00:00 AM,1,0,1
04/10/2016 06:00:00 AM,2,2,0
04/10/2016 07:00:00 AM,5,2,3
04/10/2016 08:00:00 AM,5,0,5
04/10/2016 09:00:00 AM,14,4,10
04/10/2016 10:00:00 AM,6,2,4
04/10/2016 11:00:00 AM,16,3,13
04/10/2016 12:00:00 PM,22,2,20
04/10/2016 01:00:00 PM,22,9,13
04/10/2016 02:00:00 PM,20,12,8
04/10/2016 03:00:00 PM,15,7,8
04/10/2016 04:00:00 PM,25,16,9
04/10/2016 05:00:00 PM,13,4,9
04/10/2016 06:00:00 PM,15,10,5
04/10/2016 07:00:00 PM,10,3,7
04/10/2016 08:00:00 PM,8,3,5
04/10/2016 09:00:00 PM,5,1,4
04/10/2016 10:00:00 PM,2,1,1
04/10/2016 11:00:00 PM,1,1,0
04/11/2016 12:00:00 AM,2,0,2
04/11/2016 01:00:00 AM,0,0,0
04/11/2016 02:00:00 AM,0,0,0
04/11/2016 03:00:00 AM,0,0,0
04/11/2016 04:00:00 AM,0,0,0
04/11/2016 05:00:00 AM,4,1,3
04/11/2016 06:00:00 AM,17,10,7
04/11/2016 07:00:00 AM,45,24,21
04/11/2016 08:00:00 AM,86,38,48
04/11/2016 09:00:00 AM,36,25,11
04/11/2016 10:00:00 AM,20,11,9
04/11/2016 11:00:00 AM,14,6,8
04/11/2016 12:00:00 PM,19,9,10
04/11/2016 01:00:00 PM,13,4,9
04/11/2016 02:00:00 PM,15,5,10
04/11/2016 03:00:00 PM,31,11,20
04/11/2016 04:00:00 PM,84,17,67
04/11/2016 05:00:00 PM,144,45,99
04/11/2016 06:00:00 PM,60,19,41
04/11/2016 07:00:00 PM,28,14,14
04/11/2016 08:00:00 PM,6,1,5
04/11/2016 09:00:00 PM,8,3,5
04/11/2016 10:00:00 PM,6,6,0
04/11/2016 11:00:00 PM,5,2,3
04/12/2016 12:00:00 AM,3,3,0
04/12/2016 01:00:00 AM,0,0,0
04/12/2016 02:00:00 AM,1,0,1
04/12/2016 03:00:00 AM,0,0,0
04/12/2016 04:00:00 AM,1,0,1
04/12/2016 05:00:00 AM,6,4,2
04/12/2016 06:00:00 AM,15,7,8
04/12/2016 07:00:00 AM,49,28,21
04/12/2016 08:00:00 AM,74,28,46
04/12/2016 09:00:00 AM,54,27,27
04/12/2016 10:00:00 AM,25,12,13
04/12/2016 11:00:00 AM,18,8,10
04/12/2016 12:00:00 PM,22,9,13
04/12/2016 01:00:00 PM,13,6,7
04/12/2016 02:00:00 PM,24,11,13
04/12/2016 03:00:00 PM,26,12,14
04/12/2016 04:00:00 PM,42,9,33
04/12/2016 05:00:00 PM,86,24,62
04/12/2016 06:00:00 PM,49,20,29
04/12/2016 07:00:00 PM,17,5,12
04/12/2016 08:00:00 PM,5,1,4
04/12/2016 09:00:00 PM,6,3,3
04/12/2016 10:00:00 PM,3,1,2
04/12/2016 11:00:00 PM,1,0,1
04/13/2016 12:00:00 AM,1,0,1
04/13/2016 01:00:00 AM,0,0,0
04/13/2016 02:00:00 AM,1,1,0
04/13/2016 03:00:00 AM,3,2,1
04/13/2016 04:00:00 AM,0,0,0
04/13/2016 05:00:00 AM,5,3,2
04/13/2016 06:00:00 AM,15,7,8
04/13/2016 07:00:00 AM,49,21,28
04/13/2016 08:00:00 AM,60,31,29
04/13/2016 09:00:00 AM,48,24,24
04/13/2016 10:00:00 AM,22,9,13
04/13/2016 11:00:00 AM,25,10,15
04/13/2016 12:00:00 PM,28,18,10
04/13/2016 01:00:00 PM,24,13,11
04/13/2016 02:00:00 PM,27,10,17
04/13/2016 03:00:00 PM,43,10,33
04/13/2016 04:00:00 PM,68,16,52
04/13/2016 05:00:00 PM,100,36,64
04/13/2016 06:00:00 PM,68,26,42
04/13/2016 07:00:00 PM,29,10,19
04/13/2016 08:00:00 PM,18,7,11
04/13/2016 09:00:00 PM,5,2,3
04/13/2016 10:00:00 PM,2,1,1
04/13/2016 11:00:00 PM,4,1,3
04/14/2016 12:00:00 AM,1,1,0
04/14/2016 01:00:00 AM,0,0,0
04/14/2016 02:00:00 AM,1,0,1
04/14/2016 03:00:00 AM,2,1,1
04/14/2016 04:00:00 AM,0,0,0
04/14/2016 05:00:00 AM,5,1,4
04/14/2016 06:00:00 AM,16,6,10
04/14/2016 07:00:00 AM,41,24,17
04/14/2016 08:00:00 AM,81,38,43
04/14/2016 09:00:00 AM,54,23,31
04/14/2016 10:00:00 AM,32,16,16
04/14/2016 11:00:00 AM,26,13,13
04/14/2016 12:00:00 PM,23,8,15
04/14/2016 01:00:00 PM,28,11,17
04/14/2016 02:00:00 PM,36,8,28
04/14/2016 03:00:00 PM,39,10,29
04/14/2016 04:00:00 PM,90,28,62
04/14/2016 05:00:00 PM,135,39,96
04/14/2016 06:00:00 PM,68,18,50
04/14/2016 07:00:00 PM,28,13,15
04/14/2016 08:00:00 PM,16,5,11
04/14/2016 09:00:00 PM,8,3,5
04/14/2016 10:00:00 PM,1,0,1
04/14/2016 11:00:00 PM,6,3,3
04/15/2016 12:00:00 AM,2,0,2
04/15/2016 01:00:00 AM,1,0,1
04/15/2016 02:00:00 AM,2,1,1
04/15/2016 03:00:00 AM,1,0,1
04/15/2016 04:00:00 AM,0,0,0
04/15/2016 05:00:00 AM,6,3,3
04/15/2016 06:00:00 AM,17,10,7
04/15/2016 07:00:00 AM,40,25,15
04/15/2016 08:00:00 AM,80,22,58
04/15/2016 09:00:00 AM,44,26,18
04/15/2016 10:00:00 AM,33,12,21
04/15/2016 11:00:00 AM,33,14,19
04/15/2016 12:00:00 PM,34,18,16
04/15/2016 01:00:00 PM,29,11,18
04/15/2016 02:00:00 PM,29,15,14
04/15/2016 03:00:00 PM,62,18,44
04/15/2016 04:00:00 PM,88,19,69
04/15/2016 05:00:00 PM,117,37,80
04/15/2016 06:00:00 PM,54,19,35
04/15/2016 07:00:00 PM,19,6,13
04/15/2016 08:00:00 PM,10,5,5
04/15/2016 09:00:00 PM,2,1,1
04/15/2016 10:00:00 PM,4,2,2
04/15/2016 11:00:00 PM,3,2,1
04/16/2016 12:00:00 AM,6,2,4
04/16/2016 01:00:00 AM,3,1,2
04/16/2016 02:00:00 AM,0,0,0
04/16/2016 03:00:00 AM,3,1,2
04/16/2016 04:00:00 AM,0,0,0
04/16/2016 05:00:00 AM,1,0,1
04/16/2016 06:00:00 AM,5,0,5
04/16/2016 07:00:00 AM,5,2,3
04/16/2016 08:00:00 AM,18,5,13
04/16/2016 09:00:00 AM,18,10,8
04/16/2016 10:00:00 AM,16,4,12
04/16/2016 11:00:00 AM,14,5,9
04/16/2016 12:00:00 PM,33,14,19
04/16/2016 01:00:00 PM,43,27,16
04/16/2016 02:00:00 PM,20,7,13
04/16/2016 03:00:00 PM,40,8,32
04/16/2016 04:00:00 PM,38,13,25
04/16/2016 05:00:00 PM,29,8,21
04/16/2016 06:00:00 PM,44,7,37
04/16/2016 07:00:00 PM,18,4,14
04/16/2016 08:00:00 PM,14,7,7
04/16/2016 09:00:00 PM,26,20,6
04/16/2016 10:00:00 PM,18,9,9
04/16/2016 11:00:00 PM,8,5,3
04/17/2016 12:00:00 AM,5,1,4
04/17/2016 01:00:00 AM,1,0,1
04/17/2016 02:00:00 AM,5,1,4
04/17/2016 03:00:00 AM,0,0,0
04/17/2016 04:00:00 AM,0,0,0
04/17/2016 05:00:00 AM,1,0,1
04/17/2016 06:00:00 AM,3,0,3
04/17/2016 07:00:00 AM,3,0,3
04/17/2016 08:00:00 AM,4,2,2
04/17/2016 09:00:00 AM,12,4,8
04/17/2016 10:00:00 AM,13,3,10
04/17/2016 11:00:00 AM,19,5,14
04/17/2016 12:00:00 PM,27,9,18
04/17/2016 01:00:00 PM,21,8,13
04/17/2016 02:00:00 PM,22,10,12
04/17/2016 03:00:00 PM,34,19,15
04/17/2016 04:00:00 PM,38,17,21
04/17/2016 05:00:00 PM,38,14,24
04/17/2016 06:00:00 PM,19,5,14
04/17/2016 07:00:00 PM,18,9,9
04/17/2016 08:00:00 PM,7,2,5
04/17/2016 09:00:00 PM,4,3,1
04/17/2016 10:00:00 PM,6,3,3
04/17/2016 11:00:00 PM,3,1,2
04/18/2016 12:00:00 AM,2,0,2
04/18/2016 01:00:00 AM,0,0,0
04/18/2016 02:00:00 AM,0,0,0
04/18/2016 03:00:00 AM,0,0,0
04/18/2016 04:00:00 AM,0,0,0
04/18/2016 05:00:00 AM,7,3,4
04/18/2016 06:00:00 AM,29,11,18
04/18/2016 07:00:00 AM,45,24,21
04/18/2016 08:00:00 AM,30,27,3
04/18/2016 09:00:00 AM,29,22,7
04/18/2016 10:00:00 AM,7,5,2
04/18/2016 11:00:00 AM,5,5,0
04/18/2016 12:00:00 PM,9,7,2
04/18/2016 01:00:00 PM,8,6,2
04/18/2016 02:00:00 PM,8,4,4
04/18/2016 03:00:00 PM,11,6,5
04/18/2016 04:00:00 PM,35,21,14
04/18/2016 05:00:00 PM,29,18,11
04/18/2016 06:00:00 PM,11,10,1
04/18/2016 07:00:00 PM,9,7,2
04/18/2016 08:00:00 PM,5,2,3
04/18/2016 09:00:00 PM,0,0,0
04/18/2016 10:00:00 PM,2,1,1
04/18/2016 11:00:00 PM,0,0,0
04/19/2016 12:00:00 AM,4,2,2
04/19/2016 01:00:00 AM,0,0,0
04/19/2016 02:00:00 AM,0,0,0
04/19/2016 03:00:00 AM,0,0,0
04/19/2016 04:00:00 AM,1,0,1
04/19/2016 05:00:00 AM,2,2,0
04/19/2016 06:00:00 AM,13,9,4
04/19/2016 07:00:00 AM,18,15,3
04/19/2016 08:00:00 AM,32,27,5
04/19/2016 09:00:00 AM,14,12,2
04/19/2016 10:00:00 AM,10,8,2
04/19/2016 11:00:00 AM,7,6,1
04/19/2016 12:00:00 PM,4,4,0
04/19/2016 01:00:00 PM,11,8,3
04/19/2016 02:00:00 PM,19,7,12
04/19/2016 03:00:00 PM,61,20,41
04/19/2016 04:00:00 PM,114,27,87
04/19/2016 05:00:00 PM,192,61,131
04/19/2016 06:00:00 PM,99,41,58
04/19/2016 07:00:00 PM,24,13,11
04/19/2016 08:00:00 PM,15,1,14
04/19/2016 09:00:00 PM,10,3,7
04/19/2016 10:00:00 PM,4,1,3
04/19/2016 11:00:00 PM,4,2,2
04/20/2016 12:00:00 AM,2,0,2
04/20/2016 01:00:00 AM,1,1,0
04/20/2016 02:00:00 AM,0,0,0
04/20/2016 03:00:00 AM,1,0,1
04/20/2016 04:00:00 AM,0,0,0
04/20/2016 05:00:00 AM,14,4,10
04/20/2016 06:00:00 AM,38,20,18
04/20/2016 07:00:00 AM,77,40,37
04/20/2016 08:00:00 AM,130,52,78
04/20/2016 09:00:00 AM,72,29,43
04/20/2016 10:00:00 AM,29,9,20
04/20/2016 11:00:00 AM,29,17,12
04/20/2016 12:00:00 PM,29,9,20
04/20/2016 01:00:00 PM,33,12,21
04/20/2016 02:00:00 PM,34,12,22
04/20/2016 03:00:00 PM,62,15,47
04/20/2016 04:00:00 PM,108,21,87
04/20/2016 05:00:00 PM,179,45,134
04/20/2016 06:00:00 PM,102,34,68
04/20/2016 07:00:00 PM,41,16,25
04/20/2016 08:00:00 PM,22,12,10
04/20/2016 09:00:00 PM,7,3,4
04/20/2016 10:00:00 PM,7,3,4
04/20/2016 11:00:00 PM,3,0,3
04/21/2016 12:00:00 AM,1,0,1
04/21/2016 01:00:00 AM,2,0,2
04/21/2016 02:00:00 AM,0,0,0
04/21/2016 03:00:00 AM,2,0,2
04/21/2016 04:00:00 AM,1,0,1
04/21/2016 05:00:00 AM,5,2,3
04/21/2016 06:00:00 AM,32,18,14
04/21/2016 07:00:00 AM,73,34,39
04/21/2016 08:00:00 AM,138,49,89
04/21/2016 09:00:00 AM,64,27,37
04/21/2016 10:00:00 AM,36,16,20
04/21/2016 11:00:00 AM,20,16,4
04/21/2016 12:00:00 PM,25,10,15
04/21/2016 01:00:00 PM,26,7,19
04/21/2016 02:00:00 PM,37,15,22
04/21/2016 03:00:00 PM,64,19,45
04/21/2016 04:00:00 PM,131,37,94
04/21/2016 05:00:00 PM,196,52,144
04/21/2016 06:00:00 PM,98,36,62
04/21/2016 07:00:00 PM,24,9,15
04/21/2016 08:00:00 PM,33,12,21
04/21/2016 09:00:00 PM,6,1,5
04/21/2016 10:00:00 PM,10,3,7
04/21/2016 11:00:00 PM,1,0,1
04/22/2016 12:00:00 AM,5,2,3
04/22/2016 01:00:00 AM,1,0,1
04/22/2016 02:00:00 AM,1,0,1
04/22/2016 03:00:00 AM,0,0,0
04/22/2016 04:00:00 AM,1,0,1
04/22/2016 05:00:00 AM,1,0,1
04/22/2016 06:00:00 AM,23,11,12
04/22/2016 07:00:00 AM,41,24,17
04/22/2016 08:00:00 AM,80,35,45
04/22/2016 09:00:00 AM,17,9,8
04/22/2016 10:00:00 AM,8,0,8
04/22/2016 11:00:00 AM,1,0,1
04/22/2016 12:00:00 PM,9,2,7
04/22/2016 01:00:00 PM,2,0,2
04/22/2016 02:00:00 PM,8,6,2
04/22/2016 03:00:00 PM,42,15,27
04/22/2016 04:00:00 PM,90,30,60
04/22/2016 05:00:00 PM,113,32,81
04/22/2016 06:00:00 PM,49,16,33
04/22/2016 07:00:00 PM,19,5,14
04/22/2016 08:00:00 PM,14,7,7
04/22/2016 09:00:00 PM,4,2,2
04/22/2016 10:00:00 PM,3,3,0
04/22/2016 11:00:00 PM,3,2,1
04/23/2016 12:00:00 AM,1,0,1
04/23/2016 01:00:00 AM,1,0,1
04/23/2016 02:00:00 AM,5,1,4
04/23/2016 03:00:00 AM,0,0,0
04/23/2016 04:00:00 AM,0,0,0
04/23/2016 05:00:00 AM,1,1,0
04/23/2016 06:00:00 AM,1,0,1
04/23/2016 07:00:00 AM,4,3,1
04/23/2016 08:00:00 AM,2,2,0
04/23/2016 09:00:00 AM,6,3,3
04/23/2016 10:00:00 AM,1,1,0
04/23/2016 11:00:00 AM,0,0,0
04/23/2016 12:00:00 PM,0,0,0
04/23/2016 01:00:00 PM,3,0,3
04/23/2016 02:00:00 PM,20,5,15
04/23/2016 03:00:00 PM,33,12,21
04/23/2016 04:00:00 PM,24,8,16
04/23/2016 05:00:00 PM,15,3,12
04/23/2016 06:00:00 PM,21,7,14
04/23/2016 07:00:00 PM,6,1,5
04/23/2016 08:00:00 PM,12,7,5
04/23/2016 09:00:00 PM,4,0,4
04/23/2016 10:00:00 PM,2,0,2
04/23/2016 11:00:00 PM,5,3,2
04/24/2016 12:00:00 AM,2,0,2
04/24/2016 01:00:00 AM,2,0,2
04/24/2016 02:00:00 AM,1,0,1
04/24/2016 03:00:00 AM,0,0,0
04/24/2016 04:00:00 AM,1,0,1
04/24/2016 05:00:00 AM,0,0,0
04/24/2016 06:00:00 AM,2,0,2
04/24/2016 07:00:00 AM,2,0,2
04/24/2016 08:00:00 AM,3,3,0
04/24/2016 09:00:00 AM,2,2,0
04/24/2016 10:00:00 AM,0,0,0
04/24/2016 11:00:00 AM,2,1,1
04/24/2016 12:00:00 PM,1,1,0
04/24/2016 01:00:00 PM,3,0,3
04/24/2016 02:00:00 PM,6,2,4
04/24/2016 03:00:00 PM,10,2,8
04/24/2016 04:00:00 PM,5,4,1
04/24/2016 05:00:00 PM,9,2,7
04/24/2016 06:00:00 PM,8,4,4
04/24/2016 07:00:00 PM,6,2,4
04/24/2016 08:00:00 PM,7,3,4
04/24/2016 09:00:00 PM,1,0,1
04/24/2016 10:00:00 PM,4,3,1
04/24/2016 11:00:00 PM,2,1,1
04/25/2016 12:00:00 AM,1,0,1
04/25/2016 01:00:00 AM,1,0,1
04/25/2016 02:00:00 AM,1,0,1
04/25/2016 03:00:00 AM,0,0,0
04/25/2016 04:00:00 AM,0,0,0
04/25/2016 05:00:00 AM,5,2,3
04/25/2016 06:00:00 AM,20,9,11
04/25/2016 07:00:00 AM,50,24,26
04/25/2016 08:00:00 AM,82,35,47
04/25/2016 09:00:00 AM,18,7,11
04/25/2016 10:00:00 AM,2,0,2
04/25/2016 11:00:00 AM,0,0,0
04/25/2016 12:00:00 PM,12,7,5
04/25/2016 01:00:00 PM,14,10,4
04/25/2016 02:00:00 PM,2,1,1
04/25/2016 03:00:00 PM,5,3,2
04/25/2016 04:00:00 PM,18,5,13
04/25/2016 05:00:00 PM,37,15,22
04/25/2016 06:00:00 PM,17,10,7
04/25/2016 07:00:00 PM,5,2,3
04/25/2016 08:00:00 PM,4,3,1
04/25/2016 09:00:00 PM,4,3,1
04/25/2016 10:00:00 PM,3,3,0
04/25/2016 11:00:00 PM,0,0,0
04/26/2016 12:00:00 AM,1,1,0
04/26/2016 01:00:00 AM,0,0,0
04/26/2016 02:00:00 AM,0,0,0
04/26/2016 03:00:00 AM,0,0,0
04/26/2016 04:00:00 AM,1,1,0
04/26/2016 05:00:00 AM,2,1,1
04/26/2016 06:00:00 AM,4,2,2
04/26/2016 07:00:00 AM,18,14,4
04/26/2016 08:00:00 AM,37,29,8
04/26/2016 09:00:00 AM,4,4,0
04/26/2016 10:00:00 AM,1,1,0
04/26/2016 11:00:00 AM,0,0,0
04/26/2016 12:00:00 PM,6,2,4
04/26/2016 01:00:00 PM,32,12,20
04/26/2016 02:00:00 PM,42,19,23
04/26/2016 03:00:00 PM,60,16,44
04/26/2016 04:00:00 PM,122,26,96
04/26/2016 05:00:00 PM,191,61,130
04/26/2016 06:00:00 PM,92,30,62
04/26/2016 07:00:00 PM,39,12,27
04/26/2016 08:00:00 PM,17,4,13
04/26/2016 09:00:00 PM,6,1,5
04/26/2016 10:00:00 PM,5,3,2
04/26/2016 11:00:00 PM,2,1,1
04/27/2016 12:00:00 AM,3,2,1
04/27/2016 01:00:00 AM,1,0,1
04/27/2016 02:00:00 AM,0,0,0
04/27/2016 03:00:00 AM,0,0,0
04/27/2016 04:00:00 AM,0,0,0
04/27/2016 05:00:00 AM,7,3,4
04/27/2016 06:00:00 AM,29,20,9
04/27/2016 07:00:00 AM,74,37,37
04/27/2016 08:00:00 AM,112,68,44
04/27/2016 09:00:00 AM,67,40,27
04/27/2016 10:00:00 AM,24,13,11
04/27/2016 11:00:00 AM,26,11,15
04/27/2016 12:00:00 PM,28,8,20
04/27/2016 01:00:00 PM,29,12,17
04/27/2016 02:00:00 PM,25,16,9
04/27/2016 03:00:00 PM,50,33,17
04/27/2016 04:00:00 PM,99,67,32
04/27/2016 05:00:00 PM,176,102,74
04/27/2016 06:00:00 PM,90,58,32
04/27/2016 07:00:00 PM,35,25,10
04/27/2016 08:00:00 PM,13,9,4
04/27/2016 09:00:00 PM,6,6,0
04/27/2016 10:00:00 PM,16,7,9
04/27/2016 11:00:00 PM,2,1,1
04/28/2016 12:00:00 AM,5,5,0
04/28/2016 01:00:00 AM,1,0,1
04/28/2016 02:00:00 AM,0,0,0
04/28/2016 03:00:00 AM,1,1,0
04/28/2016 04:00:00 AM,1,0,1
04/28/2016 05:00:00 AM,7,2,5
04/28/2016 06:00:00 AM,22,13,9
04/28/2016 07:00:00 AM,64,29,35
04/28/2016 08:00:00 AM,116,73,43
04/28/2016 09:00:00 AM,64,37,27
04/28/2016 10:00:00 AM,36,20,16
04/28/2016 11:00:00 AM,25,17,8
04/28/2016 12:00:00 PM,31,20,11
04/28/2016 01:00:00 PM,23,10,13
04/28/2016 02:00:00 PM,26,13,13
04/28/2016 03:00:00 PM,37,29,8
04/28/2016 04:00:00 PM,111,82,29
04/28/2016 05:00:00 PM,163,107,56
04/28/2016 06:00:00 PM,73,49,24
04/28/2016 07:00:00 PM,36,21,15
04/28/2016 08:00:00 PM,19,10,9
04/28/2016 09:00:00 PM,12,8,4
04/28/2016 10:00:00 PM,4,2,2
04/28/2016 11:00:00 PM,3,1,2
04/29/2016 12:00:00 AM,2,1,1
04/29/2016 01:00:00 AM,0,0,0
04/29/2016 02:00:00 AM,0,0,0
04/29/2016 03:00:00 AM,2,1,1
04/29/2016 04:00:00 AM,1,1,0
04/29/2016 05:00:00 AM,2,1,1
04/29/2016 06:00:00 AM,37,17,20
04/29/2016 07:00:00 AM,71,31,40
04/29/2016 08:00:00 AM,108,57,51
04/29/2016 09:00:00 AM,53,24,29
04/29/2016 10:00:00 AM,21,13,8
04/29/2016 11:00:00 AM,34,19,15
04/29/2016 12:00:00 PM,20,11,9
04/29/2016 01:00:00 PM,26,16,10
04/29/2016 02:00:00 PM,44,26,18
04/29/2016 03:00:00 PM,47,32,15
04/29/2016 04:00:00 PM,116,71,45
04/29/2016 05:00:00 PM,149,106,43
04/29/2016 06:00:00 PM,69,45,24
04/29/2016 07:00:00 PM,26,21,5
04/29/2016 08:00:00 PM,10,8,2
04/29/2016 09:00:00 PM,6,5,1
04/29/2016 10:00:00 PM,13,5,8
04/29/2016 11:00:00 PM,7,3,4
04/30/2016 12:00:00 AM,8,6,2
04/30/2016 01:00:00 AM,3,0,3
04/30/2016 02:00:00 AM,8,3,5
04/30/2016 03:00:00 AM,1,0,1
04/30/2016 04:00:00 AM,1,0,1
04/30/2016 05:00:00 AM,2,2,0
04/30/2016 06:00:00 AM,7,7,0
04/30/2016 07:00:00 AM,10,7,3
04/30/2016 08:00:00 AM,9,6,3
04/30/2016 09:00:00 AM,20,14,6
04/30/2016 10:00:00 AM,30,17,13
04/30/2016 11:00:00 AM,34,27,7
04/30/2016 12:00:00 PM,79,65,14
04/30/2016 01:00:00 PM,36,22,14
04/30/2016 02:00:00 PM,23,14,9
04/30/2016 03:00:00 PM,73,18,55
04/30/2016 04:00:00 PM,38,20,18
04/30/2016 05:00:00 PM,23,13,10
04/30/2016 06:00:00 PM,27,16,11
04/30/2016 07:00:00 PM,16,9,7
04/30/2016 08:00:00 PM,12,5,7
04/30/2016 09:00:00 PM,10,1,9
04/30/2016 10:00:00 PM,10,1,9
04/30/2016 11:00:00 PM,5,2,3
05/01/2016 12:00:00 AM,6,4,2
05/01/2016 01:00:00 AM,2,1,1
05/01/2016 02:00:00 AM,2,0,2
05/01/2016 03:00:00 AM,0,0,0
05/01/2016 04:00:00 AM,0,0,0
05/01/2016 05:00:00 AM,2,2,0
05/01/2016 06:00:00 AM,2,2,0
05/01/2016 07:00:00 AM,8,3,5
05/01/2016 08:00:00 AM,18,11,7
05/01/2016 09:00:00 AM,21,16,5
05/01/2016 10:00:00 AM,19,14,5
05/01/2016 11:00:00 AM,42,30,12
05/01/2016 12:00:00 PM,47,32,15
05/01/2016 01:00:00 PM,44,25,19
05/01/2016 02:00:00 PM,37,11,26
05/01/2016 03:00:00 PM,44,24,20
05/01/2016 04:00:00 PM,41,14,27
05/01/2016 05:00:00 PM,22,7,15
05/01/2016 06:00:00 PM,15,7,8
05/01/2016 07:00:00 PM,19,11,8
05/01/2016 08:00:00 PM,10,4,6
05/01/2016 09:00:00 PM,7,3,4
05/01/2016 10:00:00 PM,2,1,1
05/01/2016 11:00:00 PM,4,1,3
05/02/2016 12:00:00 AM,2,2,0
05/02/2016 01:00:00 AM,0,0,0
05/02/2016 02:00:00 AM,1,1,0
05/02/2016 03:00:00 AM,1,1,0
05/02/2016 04:00:00 AM,0,0,0
05/02/2016 05:00:00 AM,11,3,8
05/02/2016 06:00:00 AM,44,21,23
05/02/2016 07:00:00 AM,143,63,80
05/02/2016 08:00:00 AM,191,98,93
05/02/2016 09:00:00 AM,105,54,51
05/02/2016 10:00:00 AM,41,22,19
05/02/2016 11:00:00 AM,22,11,11
05/02/2016 12:00:00 PM,37,14,23
05/02/2016 01:00:00 PM,45,21,24
05/02/2016 02:00:00 PM,40,29,11
05/02/2016 03:00:00 PM,70,48,22
05/02/2016 04:00:00 PM,185,132,53
05/02/2016 05:00:00 PM,246,168,78
05/02/2016 06:00:00 PM,119,77,42
05/02/2016 07:00:00 PM,40,29,11
05/02/2016 08:00:00 PM,22,11,11
05/02/2016 09:00:00 PM,13,9,4
05/02/2016 10:00:00 PM,12,7,5
05/02/2016 11:00:00 PM,6,4,2
05/03/2016 12:00:00 AM,3,2,1
05/03/2016 01:00:00 AM,0,0,0
05/03/2016 02:00:00 AM,2,1,1
05/03/2016 03:00:00 AM,1,1,0
05/03/2016 04:00:00 AM,1,0,1
05/03/2016 05:00:00 AM,14,8,6
05/03/2016 06:00:00 AM,41,17,24
05/03/2016 07:00:00 AM,163,76,87
05/03/2016 08:00:00 AM,178,91,87
05/03/2016 09:00:00 AM,89,44,45
05/03/2016 10:00:00 AM,33,16,17
05/03/2016 11:00:00 AM,27,15,12
05/03/2016 12:00:00 PM,46,20,26
05/03/2016 01:00:00 PM,36,18,18
05/03/2016 02:00:00 PM,43,31,12
05/03/2016 03:00:00 PM,69,47,22
05/03/2016 04:00:00 PM,159,118,41
05/03/2016 05:00:00 PM,265,175,90
05/03/2016 06:00:00 PM,106,62,44
05/03/2016 07:00:00 PM,46,27,19
05/03/2016 08:00:00 PM,15,7,8
05/03/2016 09:00:00 PM,10,7,3
05/03/2016 10:00:00 PM,7,3,4
05/03/2016 11:00:00 PM,2,1,1
05/04/2016 12:00:00 AM,3,3,0
05/04/2016 01:00:00 AM,1,0,1
05/04/2016 02:00:00 AM,1,1,0
05/04/2016 03:00:00 AM,1,1,0
05/04/2016 04:00:00 AM,1,1,0
05/04/2016 05:00:00 AM,13,6,7
05/04/2016 06:00:00 AM,51,22,29
05/04/2016 07:00:00 AM,101,48,53
05/04/2016 08:00:00 AM,160,74,86
05/04/2016 09:00:00 AM,82,42,40
05/04/2016 10:00:00 AM,40,20,20
05/04/2016 11:00:00 AM,32,16,16
05/04/2016 12:00:00 PM,27,18,9
05/04/2016 01:00:00 PM,51,24,27
05/04/2016 02:00:00 PM,48,29,19
05/04/2016 03:00:00 PM,64,42,22
05/04/2016 04:00:00 PM,148,101,47
05/04/2016 05:00:00 PM,211,152,59
05/04/2016 06:00:00 PM,122,90,32
05/04/2016 07:00:00 PM,41,22,19
05/04/2016 08:00:00 PM,26,18,8
05/04/2016 09:00:00 PM,9,7,2
05/04/2016 10:00:00 PM,5,2,3
05/04/2016 11:00:00 PM,2,0,2
05/05/2016 12:00:00 AM,2,1,1
05/05/2016 01:00:00 AM,0,0,0
05/05/2016 02:00:00 AM,0,0,0
05/05/2016 03:00:00 AM,1,0,1
05/05/2016 04:00:00 AM,2,1,1
05/05/2016 05:00:00 AM,12,7,5
05/05/2016 06:00:00 AM,47,20,27
05/05/2016 07:00:00 AM,138,70,68
05/05/2016 08:00:00 AM,180,97,83
05/05/2016 09:00:00 AM,81,43,38
05/05/2016 10:00:00 AM,27,10,17
05/05/2016 11:00:00 AM,26,15,11
05/05/2016 12:00:00 PM,33,15,18
05/05/2016 01:00:00 PM,27,15,12
05/05/2016 02:00:00 PM,45,26,19
05/05/2016 03:00:00 PM,69,44,25
05/05/2016 04:00:00 PM,160,111,49
05/05/2016 05:00:00 PM,216,151,65
05/05/2016 06:00:00 PM,131,89,42
05/05/2016 07:00:00 PM,64,33,31
05/05/2016 08:00:00 PM,29,13,16
05/05/2016 09:00:00 PM,15,9,6
05/05/2016 10:00:00 PM,12,9,3
05/05/2016 11:00:00 PM,5,2,3
05/06/2016 12:00:00 AM,4,2,2
05/06/2016 01:00:00 AM,1,1,0
05/06/2016 02:00:00 AM,1,0,1
05/06/2016 03:00:00 AM,0,0,0
05/06/2016 04:00:00 AM,1,1,0
05/06/2016 05:00:00 AM,6,1,5
05/06/2016 06:00:00 AM,53,26,27
05/06/2016 07:00:00 AM,116,60,56
05/06/2016 08:00:00 AM,178,88,90
05/06/2016 09:00:00 AM,104,46,58
05/06/2016 10:00:00 AM,44,27,17
05/06/2016 11:00:00 AM,29,16,13
05/06/2016 12:00:00 PM,45,23,22
05/06/2016 01:00:00 PM,44,25,19
05/06/2016 02:00:00 PM,41,23,18
05/06/2016 03:00:00 PM,87,59,28
05/06/2016 04:00:00 PM,163,117,46
05/06/2016 05:00:00 PM,216,140,76
05/06/2016 06:00:00 PM,110,77,33
05/06/2016 07:00:00 PM,43,21,22
05/06/2016 08:00:00 PM,21,18,3
05/06/2016 09:00:00 PM,11,7,4
05/06/2016 10:00:00 PM,13,9,4
05/06/2016 11:00:00 PM,6,3,3
05/07/2016 12:00:00 AM,7,6,1
05/07/2016 01:00:00 AM,1,0,1
05/07/2016 02:00:00 AM,0,0,0
05/07/2016 03:00:00 AM,1,1,0
05/07/2016 04:00:00 AM,0,0,0
05/07/2016 05:00:00 AM,3,1,2
05/07/2016 06:00:00 AM,4,2,2
05/07/2016 07:00:00 AM,9,5,4
05/07/2016 08:00:00 AM,30,24,6
05/07/2016 09:00:00 AM,25,18,7
05/07/2016 10:00:00 AM,34,20,14
05/07/2016 11:00:00 AM,22,13,9
05/07/2016 12:00:00 PM,54,42,12
05/07/2016 01:00:00 PM,44,28,16
05/07/2016 02:00:00 PM,61,34,27
05/07/2016 03:00:00 PM,44,29,15
05/07/2016 04:00:00 PM,55,39,16
05/07/2016 05:00:00 PM,38,25,13
05/07/2016 06:00:00 PM,66,49,17
05/07/2016 07:00:00 PM,27,11,16
05/07/2016 08:00:00 PM,12,6,6
05/07/2016 09:00:00 PM,45,5,40
05/07/2016 10:00:00 PM,7,2,5
05/07/2016 11:00:00 PM,4,2,2
05/08/2016 12:00:00 AM,11,7,4
05/08/2016 01:00:00 AM,3,2,1
05/08/2016 02:00:00 AM,1,1,0
05/08/2016 03:00:00 AM,2,0,2
05/08/2016 04:00:00 AM,0,0,0
05/08/2016 05:00:00 AM,2,2,0
05/08/2016 06:00:00 AM,0,0,0
05/08/2016 07:00:00 AM,1,0,1
05/08/2016 08:00:00 AM,10,6,4
05/08/2016 09:00:00 AM,7,3,4
05/08/2016 10:00:00 AM,11,7,4
05/08/2016 11:00:00 AM,12,7,5
05/08/2016 12:00:00 PM,18,8,10
05/08/2016 01:00:00 PM,14,4,10
05/08/2016 02:00:00 PM,14,4,10
05/08/2016 03:00:00 PM,16,6,10
05/08/2016 04:00:00 PM,17,9,8
05/08/2016 05:00:00 PM,14,7,7
05/08/2016 06:00:00 PM,12,6,6
05/08/2016 07:00:00 PM,8,4,4
05/08/2016 08:00:00 PM,3,1,2
05/08/2016 09:00:00 PM,7,6,1
05/08/2016 10:00:00 PM,1,0,1
05/08/2016 11:00:00 PM,1,1,0
05/09/2016 12:00:00 AM,3,2,1
05/09/2016 01:00:00 AM,2,1,1
05/09/2016 02:00:00 AM,3,3,0
05/09/2016 03:00:00 AM,1,1,0
05/09/2016 04:00:00 AM,0,0,0
05/09/2016 05:00:00 AM,11,3,8
05/09/2016 06:00:00 AM,38,19,19
05/09/2016 07:00:00 AM,125,72,53
05/09/2016 08:00:00 AM,165,96,69
05/09/2016 09:00:00 AM,101,48,53
05/09/2016 10:00:00 AM,23,6,17
05/09/2016 11:00:00 AM,23,14,9
05/09/2016 12:00:00 PM,33,15,18
05/09/2016 01:00:00 PM,32,23,9
05/09/2016 02:00:00 PM,43,32,11
05/09/2016 03:00:00 PM,64,41,23
05/09/2016 04:00:00 PM,136,92,44
05/09/2016 05:00:00 PM,249,175,74
05/09/2016 06:00:00 PM,114,78,36
05/09/2016 07:00:00 PM,31,24,7
05/09/2016 08:00:00 PM,22,14,8
05/09/2016 09:00:00 PM,16,9,7
05/09/2016 10:00:00 PM,8,2,6
05/09/2016 11:00:00 PM,8,3,5
05/10/2016 12:00:00 AM,5,3,2
05/10/2016 01:00:00 AM,2,1,1
05/10/2016 02:00:00 AM,1,1,0
05/10/2016 03:00:00 AM,0,0,0
05/10/2016 04:00:00 AM,1,0,1
05/10/2016 05:00:00 AM,11,8,3
05/10/2016 06:00:00 AM,59,37,22
05/10/2016 07:00:00 AM,136,79,57
05/10/2016 08:00:00 AM,179,107,72
05/10/2016 09:00:00 AM,99,53,46
05/10/2016 10:00:00 AM,24,14,10
05/10/2016 11:00:00 AM,27,19,8
05/10/2016 12:00:00 PM,39,22,17
05/10/2016 01:00:00 PM,34,15,19
05/10/2016 02:00:00 PM,52,25,27
05/10/2016 03:00:00 PM,74,53,21
05/10/2016 04:00:00 PM,170,117,53
05/10/2016 05:00:00 PM,265,168,97
05/10/2016 06:00:00 PM,96,65,31
05/10/2016 07:00:00 PM,47,34,13
05/10/2016 08:00:00 PM,32,17,15
05/10/2016 09:00:00 PM,16,11,5
05/10/2016 10:00:00 PM,10,5,5
05/10/2016 11:00:00 PM,6,3,3
05/11/2016 12:00:00 AM,6,4,2
05/11/2016 01:00:00 AM,0,0,0
05/11/2016 02:00:00 AM,0,0,0
05/11/2016 03:00:00 AM,1,0,1
05/11/2016 04:00:00 AM,1,1,0
05/11/2016 05:00:00 AM,14,7,7
05/11/2016 06:00:00 AM,44,18,26
05/11/2016 07:00:00 AM,111,67,44
05/11/2016 08:00:00 AM,183,110,73
05/11/2016 09:00:00 AM,95,49,46
05/11/2016 10:00:00 AM,32,20,12
05/11/2016 11:00:00 AM,24,13,11
05/11/2016 12:00:00 PM,46,30,16
05/11/2016 01:00:00 PM,24,13,11
05/11/2016 02:00:00 PM,48,29,19
05/11/2016 03:00:00 PM,66,48,18
05/11/2016 04:00:00 PM,139,108,31
05/11/2016 05:00:00 PM,256,164,92
05/11/2016 06:00:00 PM,108,70,38
05/11/2016 07:00:00 PM,42,28,14
05/11/2016 08:00:00 PM,27,19,8
05/11/2016 09:00:00 PM,13,8,5
05/11/2016 10:00:00 PM,8,5,3
05/11/2016 11:00:00 PM,7,2,5
05/12/2016 12:00:00 AM,3,1,2
05/12/2016 01:00:00 AM,0,0,0
05/12/2016 02:00:00 AM,0,0,0
05/12/2016 03:00:00 AM,10,1,9
05/12/2016 04:00:00 AM,1,0,1
05/12/2016 05:00:00 AM,15,7,8
05/12/2016 06:00:00 AM,46,27,19
05/12/2016 07:00:00 AM,105,60,45
05/12/2016 08:00:00 AM,163,94,69
05/12/2016 09:00:00 AM,94,50,44
05/12/2016 10:00:00 AM,30,16,14
05/12/2016 11:00:00 AM,29,18,11
05/12/2016 12:00:00 PM,34,15,19
05/12/2016 01:00:00 PM,47,28,19
05/12/2016 02:00:00 PM,50,35,15
05/12/2016 03:00:00 PM,71,44,27
05/12/2016 04:00:00 PM,141,100,41
05/12/2016 05:00:00 PM,216,147,69
05/12/2016 06:00:00 PM,115,75,40
05/12/2016 07:00:00 PM,49,23,26
05/12/2016 08:00:00 PM,32,17,15
05/12/2016 09:00:00 PM,15,9,6
05/12/2016 10:00:00 PM,10,6,4
05/12/2016 11:00:00 PM,8,4,4
05/13/2016 12:00:00 AM,6,3,3
05/13/2016 01:00:00 AM,0,0,0
05/13/2016 02:00:00 AM,0,0,0
05/13/2016 03:00:00 AM,1,1,0
05/13/2016 04:00:00 AM,1,1,0
05/13/2016 05:00:00 AM,18,6,12
05/13/2016 06:00:00 AM,43,22,21
05/13/2016 07:00:00 AM,122,59,63
05/13/2016 08:00:00 AM,160,102,58
05/13/2016 09:00:00 AM,79,51,28
05/13/2016 10:00:00 AM,47,21,26
05/13/2016 11:00:00 AM,28,17,11
05/13/2016 12:00:00 PM,55,24,31
05/13/2016 01:00:00 PM,46,22,24
05/13/2016 02:00:00 PM,48,37,11
05/13/2016 03:00:00 PM,86,57,29
05/13/2016 04:00:00 PM,156,110,46
05/13/2016 05:00:00 PM,204,146,58
05/13/2016 06:00:00 PM,82,57,25
05/13/2016 07:00:00 PM,41,26,15
05/13/2016 08:00:00 PM,18,11,7
05/13/2016 09:00:00 PM,18,10,8
05/13/2016 10:00:00 PM,10,7,3
05/13/2016 11:00:00 PM,11,4,7
05/14/2016 12:00:00 AM,7,3,4
05/14/2016 01:00:00 AM,3,1,2
05/14/2016 02:00:00 AM,1,0,1
05/14/2016 03:00:00 AM,1,1,0
05/14/2016 04:00:00 AM,1,1,0
05/14/2016 05:00:00 AM,2,1,1
05/14/2016 06:00:00 AM,2,1,1
05/14/2016 07:00:00 AM,8,3,5
05/14/2016 08:00:00 AM,17,10,7
05/14/2016 09:00:00 AM,12,5,7
05/14/2016 10:00:00 AM,35,25,10
05/14/2016 11:00:00 AM,33,23,10
05/14/2016 12:00:00 PM,24,12,12
05/14/2016 01:00:00 PM,20,6,14
05/14/2016 02:00:00 PM,17,11,6
05/14/2016 03:00:00 PM,23,9,14
05/14/2016 04:00:00 PM,21,11,10
05/14/2016 05:00:00 PM,31,19,12
05/14/2016 06:00:00 PM,11,10,1
05/14/2016 07:00:00 PM,6,3,3
05/14/2016 08:00:00 PM,7,4,3
05/14/2016 09:00:00 PM,17,9,8
05/14/2016 10:00:00 PM,4,1,3
05/14/2016 11:00:00 PM,3,2,1
05/15/2016 12:00:00 AM,5,4,1
05/15/2016 01:00:00 AM,2,1,1
05/15/2016 02:00:00 AM,1,0,1
05/15/2016 03:00:00 AM,0,0,0
05/15/2016 04:00:00 AM,0,0,0
05/15/2016 05:00:00 AM,0,0,0
05/15/2016 06:00:00 AM,3,2,1
05/15/2016 07:00:00 AM,4,1,3
05/15/2016 08:00:00 AM,6,0,6
05/15/2016 09:00:00 AM,3,2,1
05/15/2016 10:00:00 AM,6,2,4
05/15/2016 11:00:00 AM,12,5,7
05/15/2016 12:00:00 PM,16,7,9
05/15/2016 01:00:00 PM,10,8,2
05/15/2016 02:00:00 PM,12,7,5
05/15/2016 03:00:00 PM,15,6,9
05/15/2016 04:00:00 PM,21,9,12
05/15/2016 05:00:00 PM,20,10,10
05/15/2016 06:00:00 PM,8,3,5
05/15/2016 07:00:00 PM,10,6,4
05/15/2016 08:00:00 PM,4,2,2
05/15/2016 09:00:00 PM,0,0,0
05/15/2016 10:00:00 PM,5,4,1
05/15/2016 11:00:00 PM,1,1,0
05/16/2016 12:00:00 AM,2,1,1
05/16/2016 01:00:00 AM,0,0,0
05/16/2016 02:00:00 AM,3,1,2
05/16/2016 03:00:00 AM,1,1,0
05/16/2016 04:00:00 AM,1,0,1
05/16/2016 05:00:00 AM,8,4,4
05/16/2016 06:00:00 AM,34,16,18
05/16/2016 07:00:00 AM,80,49,31
05/16/2016 08:00:00 AM,121,78,43
05/16/2016 09:00:00 AM,74,40,34
05/16/2016 10:00:00 AM,27,13,14
05/16/2016 11:00:00 AM,24,11,13
05/16/2016 12:00:00 PM,17,7,10
05/16/2016 01:00:00 PM,25,7,18
05/16/2016 02:00:00 PM,21,13,8
05/16/2016 03:00:00 PM,57,33,24
05/16/2016 04:00:00 PM,109,76,33
05/16/2016 05:00:00 PM,185,111,74
05/16/2016 06:00:00 PM,110,73,37
05/16/2016 07:00:00 PM,29,21,8
05/16/2016 08:00:00 PM,12,7,5
05/16/2016 09:00:00 PM,19,10,9
05/16/2016 10:00:00 PM,9,2,7
05/16/2016 11:00:00 PM,3,1,2
05/17/2016 12:00:00 AM,1,1,0
05/17/2016 01:00:00 AM,0,0,0
05/17/2016 02:00:00 AM,2,1,1
05/17/2016 03:00:00 AM,0,0,0
05/17/2016 04:00:00 AM,1,1,0
05/17/2016 05:00:00 AM,8,4,4
05/17/2016 06:00:00 AM,53,28,25
05/17/2016 07:00:00 AM,124,71,53
05/17/2016 08:00:00 AM,168,103,65
05/17/2016 09:00:00 AM,94,52,42
05/17/2016 10:00:00 AM,37,17,20
05/17/2016 11:00:00 AM,18,12,6
05/17/2016 12:00:00 PM,37,17,20
05/17/2016 01:00:00 PM,42,20,22
05/17/2016 02:00:00 PM,48,29,19
05/17/2016 03:00:00 PM,61,40,21
05/17/2016 04:00:00 PM,144,102,42
05/17/2016 05:00:00 PM,243,154,89
05/17/2016 06:00:00 PM,120,80,40
05/17/2016 07:00:00 PM,44,32,12
05/17/2016 08:00:00 PM,22,11,11
05/17/2016 09:00:00 PM,19,10,9
05/17/2016 10:00:00 PM,11,4,7
05/17/2016 11:00:00 PM,3,2,1
05/18/2016 12:00:00 AM,4,4,0
05/18/2016 01:00:00 AM,3,2,1
05/18/2016 02:00:00 AM,5,2,3
05/18/2016 03:00:00 AM,1,1,0
05/18/2016 04:00:00 AM,0,0,0
05/18/2016 05:00:00 AM,7,2,5
05/18/2016 06:00:00 AM,44,22,22
05/18/2016 07:00:00 AM,100,59,41
05/18/2016 08:00:00 AM,155,84,71
05/18/2016 09:00:00 AM,98,56,42
05/18/2016 10:00:00 AM,31,17,14
05/18/2016 11:00:00 AM,28,14,14
05/18/2016 12:00:00 PM,42,16,26
05/18/2016 01:00:00 PM,28,16,12
05/18/2016 02:00:00 PM,39,24,15
05/18/2016 03:00:00 PM,62,37,25
05/18/2016 04:00:00 PM,160,113,47
05/18/2016 05:00:00 PM,193,134,59
05/18/2016 06:00:00 PM,93,62,31
05/18/2016 07:00:00 PM,44,26,18
05/18/2016 08:00:00 PM,21,10,11
05/18/2016 09:00:00 PM,12,8,4
05/18/2016 10:00:00 PM,11,6,5
05/18/2016 11:00:00 PM,13,6,7
05/19/2016 12:00:00 AM,7,2,5
05/19/2016 01:00:00 AM,0,0,0
05/19/2016 02:00:00 AM,1,0,1
05/19/2016 03:00:00 AM,0,0,0
05/19/2016 04:00:00 AM,1,1,0
05/19/2016 05:00:00 AM,6,4,2
05/19/2016 06:00:00 AM,22,12,10
05/19/2016 07:00:00 AM,72,38,34
05/19/2016 08:00:00 AM,100,62,38
05/19/2016 09:00:00 AM,78,45,33
05/19/2016 10:00:00 AM,37,18,19
05/19/2016 11:00:00 AM,26,14,12
05/19/2016 12:00:00 PM,27,15,12
05/19/2016 01:00:00 PM,36,21,15
05/19/2016 02:00:00 PM,31,19,12
05/19/2016 03:00:00 PM,56,37,19
05/19/2016 04:00:00 PM,104,76,28
05/19/2016 05:00:00 PM,168,108,60
05/19/2016 06:00:00 PM,71,49,22
05/19/2016 07:00:00 PM,25,9,16
05/19/2016 08:00:00 PM,7,4,3
05/19/2016 09:00:00 PM,7,5,2
05/19/2016 10:00:00 PM,4,2,2
05/19/2016 11:00:00 PM,4,2,2
05/20/2016 12:00:00 AM,4,4,0
05/20/2016 01:00:00 AM,0,0,0
05/20/2016 02:00:00 AM,1,1,0
05/20/2016 03:00:00 AM,5,2,3
05/20/2016 04:00:00 AM,1,1,0
05/20/2016 05:00:00 AM,8,5,3
05/20/2016 06:00:00 AM,52,22,30
05/20/2016 07:00:00 AM,117,60,57
05/20/2016 08:00:00 AM,191,114,77
05/20/2016 09:00:00 AM,101,57,44
05/20/2016 10:00:00 AM,27,13,14
05/20/2016 11:00:00 AM,33,19,14
05/20/2016 12:00:00 PM,42,25,17
05/20/2016 01:00:00 PM,47,26,21
05/20/2016 02:00:00 PM,52,34,18
05/20/2016 03:00:00 PM,84,52,32
05/20/2016 04:00:00 PM,153,108,45
05/20/2016 05:00:00 PM,181,126,55
05/20/2016 06:00:00 PM,104,79,25
05/20/2016 07:00:00 PM,25,18,7
05/20/2016 08:00:00 PM,6,3,3
05/20/2016 09:00:00 PM,17,13,4
05/20/2016 10:00:00 PM,9,4,5
05/20/2016 11:00:00 PM,18,11,7
05/21/2016 12:00:00 AM,7,3,4
05/21/2016 01:00:00 AM,1,1,0
05/21/2016 02:00:00 AM,3,0,3
05/21/2016 03:00:00 AM,3,2,1
05/21/2016 04:00:00 AM,1,1,0
05/21/2016 05:00:00 AM,1,1,0
05/21/2016 06:00:00 AM,4,3,1
05/21/2016 07:00:00 AM,1,1,0
05/21/2016 08:00:00 AM,12,7,5
05/21/2016 09:00:00 AM,6,3,3
05/21/2016 10:00:00 AM,8,7,1
05/21/2016 11:00:00 AM,8,4,4
05/21/2016 12:00:00 PM,8,6,2
05/21/2016 01:00:00 PM,16,10,6
05/21/2016 02:00:00 PM,16,10,6
05/21/2016 03:00:00 PM,18,11,7
05/21/2016 04:00:00 PM,17,8,9
05/21/2016 05:00:00 PM,15,10,5
05/21/2016 06:00:00 PM,28,21,7
05/21/2016 07:00:00 PM,10,7,3
05/21/2016 08:00:00 PM,6,5,1
05/21/2016 09:00:00 PM,17,6,11
05/21/2016 10:00:00 PM,5,1,4
05/21/2016 11:00:00 PM,6,5,1
05/22/2016 12:00:00 AM,2,2,0
05/22/2016 01:00:00 AM,0,0,0
05/22/2016 02:00:00 AM,1,0,1
05/22/2016 03:00:00 AM,2,1,1
05/22/2016 04:00:00 AM,2,1,1
05/22/2016 05:00:00 AM,0,0,0
05/22/2016 06:00:00 AM,2,2,0
05/22/2016 07:00:00 AM,6,4,2
05/22/2016 08:00:00 AM,6,2,4
05/22/2016 09:00:00 AM,5,2,3
05/22/2016 10:00:00 AM,16,8,8
05/22/2016 11:00:00 AM,22,15,7
05/22/2016 12:00:00 PM,27,17,10
05/22/2016 01:00:00 PM,30,22,8
05/22/2016 02:00:00 PM,32,18,14
05/22/2016 03:00:00 PM,32,16,16
05/22/2016 04:00:00 PM,19,11,8
05/22/2016 05:00:00 PM,29,13,16
05/22/2016 06:00:00 PM,17,8,9
05/22/2016 07:00:00 PM,17,13,4
05/22/2016 08:00:00 PM,7,2,5
05/22/2016 09:00:00 PM,1,1,0
05/22/2016 10:00:00 PM,4,1,3
05/22/2016 11:00:00 PM,0,0,0
05/23/2016 12:00:00 AM,0,0,0
05/23/2016 01:00:00 AM,1,0,1
05/23/2016 02:00:00 AM,1,1,0
05/23/2016 03:00:00 AM,0,0,0
05/23/2016 04:00:00 AM,0,0,0
05/23/2016 05:00:00 AM,8,3,5
05/23/2016 06:00:00 AM,37,20,17
05/23/2016 07:00:00 AM,96,46,50
05/23/2016 08:00:00 AM,143,83,60
05/23/2016 09:00:00 AM,88,48,40
05/23/2016 10:00:00 AM,19,10,9
05/23/2016 11:00:00 AM,32,18,14
05/23/2016 12:00:00 PM,27,11,16
05/23/2016 01:00:00 PM,35,19,16
05/23/2016 02:00:00 PM,34,18,16
05/23/2016 03:00:00 PM,52,39,13
05/23/2016 04:00:00 PM,139,87,52
05/23/2016 05:00:00 PM,207,149,58
05/23/2016 06:00:00 PM,97,70,27
05/23/2016 07:00:00 PM,29,20,9
05/23/2016 08:00:00 PM,19,10,9
05/23/2016 09:00:00 PM,9,3,6
05/23/2016 10:00:00 PM,7,4,3
05/23/2016 11:00:00 PM,2,1,1
05/24/2016 12:00:00 AM,3,2,1
05/24/2016 01:00:00 AM,0,0,0
05/24/2016 02:00:00 AM,0,0,0
05/24/2016 03:00:00 AM,0,0,0
05/24/2016 04:00:00 AM,0,0,0
05/24/2016 05:00:00 AM,12,7,5
05/24/2016 06:00:00 AM,48,24,24
05/24/2016 07:00:00 AM,114,53,61
05/24/2016 08:00:00 AM,146,95,51
05/24/2016 09:00:00 AM,87,39,48
05/24/2016 10:00:00 AM,27,15,12
05/24/2016 11:00:00 AM,28,15,13
05/24/2016 12:00:00 PM,37,17,20
05/24/2016 01:00:00 PM,30,16,14
05/24/2016 02:00:00 PM,34,23,11
05/24/2016 03:00:00 PM,53,34,19
05/24/2016 04:00:00 PM,140,101,39
05/24/2016 05:00:00 PM,213,159,54
05/24/2016 06:00:00 PM,131,79,52
05/24/2016 07:00:00 PM,46,27,19
05/24/2016 08:00:00 PM,17,13,4
05/24/2016 09:00:00 PM,10,3,7
05/24/2016 10:00:00 PM,7,4,3
05/24/2016 11:00:00 PM,4,2,2
05/25/2016 12:00:00 AM,2,2,0
05/25/2016 01:00:00 AM,3,1,2
05/25/2016 02:00:00 AM,0,0,0
05/25/2016 03:00:00 AM,0,0,0
05/25/2016 04:00:00 AM,1,1,0
05/25/2016 05:00:00 AM,8,3,5
05/25/2016 06:00:00 AM,38,25,13
05/25/2016 07:00:00 AM,90,48,42
05/25/2016 08:00:00 AM,137,76,61
05/25/2016 09:00:00 AM,77,41,36
05/25/2016 10:00:00 AM,30,11,19
05/25/2016 11:00:00 AM,34,19,15
05/25/2016 12:00:00 PM,48,30,18
05/25/2016 01:00:00 PM,31,19,12
05/25/2016 02:00:00 PM,42,23,19
05/25/2016 03:00:00 PM,77,51,26
05/25/2016 04:00:00 PM,102,71,31
05/25/2016 05:00:00 PM,189,133,56
05/25/2016 06:00:00 PM,102,72,30
05/25/2016 07:00:00 PM,43,29,14
05/25/2016 08:00:00 PM,21,10,11
05/25/2016 09:00:00 PM,12,8,4
05/25/2016 10:00:00 PM,11,6,5
05/25/2016 11:00:00 PM,2,2,0
05/26/2016 12:00:00 AM,5,3,2
05/26/2016 01:00:00 AM,2,1,1
05/26/2016 02:00:00 AM,0,0,0
05/26/2016 03:00:00 AM,1,0,1
05/26/2016 04:00:00 AM,0,0,0
05/26/2016 05:00:00 AM,7,4,3
05/26/2016 06:00:00 AM,32,16,16
05/26/2016 07:00:00 AM,91,51,40
05/26/2016 08:00:00 AM,138,84,54
05/26/2016 09:00:00 AM,59,33,26
05/26/2016 10:00:00 AM,35,19,16
05/26/2016 11:00:00 AM,30,19,11
05/26/2016 12:00:00 PM,39,18,21
05/26/2016 01:00:00 PM,29,14,15
05/26/2016 02:00:00 PM,36,28,8
05/26/2016 03:00:00 PM,48,27,21
05/26/2016 04:00:00 PM,133,100,33
05/26/2016 05:00:00 PM,201,142,59
05/26/2016 06:00:00 PM,74,47,27
05/26/2016 07:00:00 PM,42,21,21
05/26/2016 08:00:00 PM,9,4,5
05/26/2016 09:00:00 PM,18,10,8
05/26/2016 10:00:00 PM,10,8,2
05/26/2016 11:00:00 PM,6,4,2
05/27/2016 12:00:00 AM,0,0,0
05/27/2016 01:00:00 AM,1,0,1
05/27/2016 02:00:00 AM,0,0,0
05/27/2016 03:00:00 AM,1,0,1
05/27/2016 04:00:00 AM,0,0,0
05/27/2016 05:00:00 AM,3,1,2
05/27/2016 06:00:00 AM,21,10,11
05/27/2016 07:00:00 AM,53,33,20
05/27/2016 08:00:00 AM,95,54,41
05/27/2016 09:00:00 AM,64,33,31
05/27/2016 10:00:00 AM,25,12,13
05/27/2016 11:00:00 AM,25,16,9
05/27/2016 12:00:00 PM,35,17,18
05/27/2016 01:00:00 PM,36,22,14
05/27/2016 02:00:00 PM,33,19,14
05/27/2016 03:00:00 PM,69,47,22
05/27/2016 04:00:00 PM,103,75,28
05/27/2016 05:00:00 PM,119,82,37
05/27/2016 06:00:00 PM,55,35,20
05/27/2016 07:00:00 PM,19,11,8
05/27/2016 08:00:00 PM,11,7,4
05/27/2016 09:00:00 PM,6,3,3
05/27/2016 10:00:00 PM,10,3,7
05/27/2016 11:00:00 PM,7,2,5
05/28/2016 12:00:00 AM,1,1,0
05/28/2016 01:00:00 AM,2,1,1
05/28/2016 02:00:00 AM,2,2,0
05/28/2016 03:00:00 AM,0,0,0
05/28/2016 04:00:00 AM,0,0,0
05/28/2016 05:00:00 AM,1,0,1
05/28/2016 06:00:00 AM,2,1,1
05/28/2016 07:00:00 AM,9,4,5
05/28/2016 08:00:00 AM,25,19,6
05/28/2016 09:00:00 AM,13,5,8
05/28/2016 10:00:00 AM,10,7,3
05/28/2016 11:00:00 AM,19,4,15
05/28/2016 12:00:00 PM,19,11,8
05/28/2016 01:00:00 PM,28,12,16
05/28/2016 02:00:00 PM,15,9,6
05/28/2016 03:00:00 PM,14,11,3
05/28/2016 04:00:00 PM,16,8,8
05/28/2016 05:00:00 PM,23,19,4
05/28/2016 06:00:00 PM,9,6,3
05/28/2016 07:00:00 PM,9,6,3
05/28/2016 08:00:00 PM,11,7,4
05/28/2016 09:00:00 PM,3,2,1
05/28/2016 10:00:00 PM,13,9,4
05/28/2016 11:00:00 PM,7,4,3
05/29/2016 12:00:00 AM,6,2,4
05/29/2016 01:00:00 AM,2,1,1
05/29/2016 02:00:00 AM,2,1,1
05/29/2016 03:00:00 AM,0,0,0
05/29/2016 04:00:00 AM,0,0,0
05/29/2016 05:00:00 AM,1,1,0
05/29/2016 06:00:00 AM,2,1,1
05/29/2016 07:00:00 AM,5,5,0
05/29/2016 08:00:00 AM,4,1,3
05/29/2016 09:00:00 AM,2,1,1
05/29/2016 10:00:00 AM,6,3,3
05/29/2016 11:00:00 AM,13,8,5
05/29/2016 12:00:00 PM,16,12,4
05/29/2016 01:00:00 PM,8,2,6
05/29/2016 02:00:00 PM,14,5,9
05/29/2016 03:00:00 PM,19,14,5
05/29/2016 04:00:00 PM,18,8,10
05/29/2016 05:00:00 PM,13,5,8
05/29/2016 06:00:00 PM,16,12,4
05/29/2016 07:00:00 PM,10,6,4
05/29/2016 08:00:00 PM,6,4,2
05/29/2016 09:00:00 PM,11,7,4
05/29/2016 10:00:00 PM,4,0,4
05/29/2016 11:00:00 PM,3,2,1
05/30/2016 12:00:00 AM,4,2,2
05/30/2016 01:00:00 AM,1,1,0
05/30/2016 02:00:00 AM,0,0,0
05/30/2016 03:00:00 AM,2,0,2
05/30/2016 04:00:00 AM,0,0,0
05/30/2016 05:00:00 AM,1,1,0
05/30/2016 06:00:00 AM,5,4,1
05/30/2016 07:00:00 AM,10,4,6
05/30/2016 08:00:00 AM,13,10,3
05/30/2016 09:00:00 AM,17,9,8
05/30/2016 10:00:00 AM,29,19,10
05/30/2016 11:00:00 AM,24,11,13
05/30/2016 12:00:00 PM,33,15,18
05/30/2016 01:00:00 PM,43,28,15
05/30/2016 02:00:00 PM,31,18,13
05/30/2016 03:00:00 PM,43,24,19
05/30/2016 04:00:00 PM,33,13,20
05/30/2016 05:00:00 PM,33,17,16
05/30/2016 06:00:00 PM,24,16,8
05/30/2016 07:00:00 PM,6,3,3
05/30/2016 08:00:00 PM,17,3,14
05/30/2016 09:00:00 PM,19,13,6
05/30/2016 10:00:00 PM,9,3,6
05/30/2016 11:00:00 PM,5,3,2
05/31/2016 12:00:00 AM,2,1,1
05/31/2016 01:00:00 AM,0,0,0
05/31/2016 02:00:00 AM,0,0,0
05/31/2016 03:00:00 AM,7,5,2
05/31/2016 04:00:00 AM,4,3,1
05/31/2016 05:00:00 AM,6,1,5
05/31/2016 06:00:00 AM,40,21,19
05/31/2016 07:00:00 AM,100,58,42
05/31/2016 08:00:00 AM,172,102,70
05/31/2016 09:00:00 AM,69,33,36
05/31/2016 10:00:00 AM,41,19,22
05/31/2016 11:00:00 AM,33,13,20
05/31/2016 12:00:00 PM,51,33,18
05/31/2016 01:00:00 PM,39,14,25
05/31/2016 02:00:00 PM,47,17,30
05/31/2016 03:00:00 PM,72,52,20
05/31/2016 04:00:00 PM,149,107,42
05/31/2016 05:00:00 PM,229,165,64
05/31/2016 06:00:00 PM,96,66,30
05/31/2016 07:00:00 PM,35,26,9
05/31/2016 08:00:00 PM,21,9,12
05/31/2016 09:00:00 PM,19,12,7
05/31/2016 10:00:00 PM,10,9,1
05/31/2016 11:00:00 PM,5,1,4
06/01/2016 12:00:00 AM,1,1,0
06/01/2016 01:00:00 AM,0,0,0
06/01/2016 02:00:00 AM,3,2,1
06/01/2016 03:00:00 AM,1,0,1
06/01/2016 04:00:00 AM,3,2,1
06/01/2016 05:00:00 AM,13,6,7
06/01/2016 06:00:00 AM,50,22,28
06/01/2016 07:00:00 AM,113,63,50
06/01/2016 08:00:00 AM,180,102,78
06/01/2016 09:00:00 AM,87,47,40
06/01/2016 10:00:00 AM,41,28,13
06/01/2016 11:00:00 AM,35,16,19
06/01/2016 12:00:00 PM,38,16,22
06/01/2016 01:00:00 PM,30,22,8
06/01/2016 02:00:00 PM,51,28,23
06/01/2016 03:00:00 PM,70,47,23
06/01/2016 04:00:00 PM,154,103,51
06/01/2016 05:00:00 PM,230,162,68
06/01/2016 06:00:00 PM,117,81,36
06/01/2016 07:00:00 PM,45,27,18
06/01/2016 08:00:00 PM,18,11,7
06/01/2016 09:00:00 PM,7,5,2
06/01/2016 10:00:00 PM,9,4,5
06/01/2016 11:00:00 PM,7,2,5
06/02/2016 12:00:00 AM,2,1,1
06/02/2016 01:00:00 AM,0,0,0
06/02/2016 02:00:00 AM,1,0,1
06/02/2016 03:00:00 AM,0,0,0
06/02/2016 04:00:00 AM,0,0,0
06/02/2016 05:00:00 AM,9,2,7
06/02/2016 06:00:00 AM,39,17,22
06/02/2016 07:00:00 AM,86,48,38
06/02/2016 08:00:00 AM,116,59,57
06/02/2016 09:00:00 AM,85,47,38
06/02/2016 10:00:00 AM,36,24,12
06/02/2016 11:00:00 AM,30,20,10
06/02/2016 12:00:00 PM,36,17,19
06/02/2016 01:00:00 PM,32,16,16
06/02/2016 02:00:00 PM,37,21,16
06/02/2016 03:00:00 PM,55,37,18
06/02/2016 04:00:00 PM,122,90,32
06/02/2016 05:00:00 PM,207,157,50
06/02/2016 06:00:00 PM,99,59,40
06/02/2016 07:00:00 PM,58,40,18
06/02/2016 08:00:00 PM,23,17,6
06/02/2016 09:00:00 PM,12,5,7
06/02/2016 10:00:00 PM,9,1,8
06/02/2016 11:00:00 PM,2,0,2
06/03/2016 12:00:00 AM,2,1,1
06/03/2016 01:00:00 AM,0,0,0
06/03/2016 02:00:00 AM,1,1,0
06/03/2016 03:00:00 AM,0,0,0
06/03/2016 04:00:00 AM,1,1,0
06/03/2016 05:00:00 AM,9,4,5
06/03/2016 06:00:00 AM,34,16,18
06/03/2016 07:00:00 AM,87,40,47
06/03/2016 08:00:00 AM,128,76,52
06/03/2016 09:00:00 AM,81,53,28
06/03/2016 10:00:00 AM,33,15,18
06/03/2016 11:00:00 AM,40,24,16
06/03/2016 12:00:00 PM,30,14,16
06/03/2016 01:00:00 PM,37,21,16
06/03/2016 02:00:00 PM,45,24,21
06/03/2016 03:00:00 PM,86,61,25
06/03/2016 04:00:00 PM,132,89,43
06/03/2016 05:00:00 PM,163,115,48
06/03/2016 06:00:00 PM,101,60,41
06/03/2016 07:00:00 PM,24,14,10
06/03/2016 08:00:00 PM,14,8,6
06/03/2016 09:00:00 PM,12,8,4
06/03/2016 10:00:00 PM,3,3,0
06/03/2016 11:00:00 PM,6,3,3
06/04/2016 12:00:00 AM,5,2,3
06/04/2016 01:00:00 AM,5,3,2
06/04/2016 02:00:00 AM,4,3,1
06/04/2016 03:00:00 AM,1,0,1
06/04/2016 04:00:00 AM,1,1,0
06/04/2016 05:00:00 AM,2,1,1
06/04/2016 06:00:00 AM,2,1,1
06/04/2016 07:00:00 AM,8,6,2
06/04/2016 08:00:00 AM,11,1,10
06/04/2016 09:00:00 AM,10,4,6
06/04/2016 10:00:00 AM,9,1,8
06/04/2016 11:00:00 AM,14,10,4
06/04/2016 12:00:00 PM,31,18,13
06/04/2016 01:00:00 PM,25,14,11
06/04/2016 02:00:00 PM,25,13,12
06/04/2016 03:00:00 PM,41,30,11
06/04/2016 04:00:00 PM,47,33,14
06/04/2016 05:00:00 PM,26,14,12
06/04/2016 06:00:00 PM,31,11,20
06/04/2016 07:00:00 PM,16,6,10
06/04/2016 08:00:00 PM,16,8,8
06/04/2016 09:00:00 PM,14,7,7
06/04/2016 10:00:00 PM,7,5,2
06/04/2016 11:00:00 PM,5,2,3
06/05/2016 12:00:00 AM,5,5,0
06/05/2016 01:00:00 AM,9,6,3
06/05/2016 02:00:00 AM,1,1,0
06/05/2016 03:00:00 AM,0,0,0
06/05/2016 04:00:00 AM,2,1,1
06/05/2016 05:00:00 AM,1,1,0
06/05/2016 06:00:00 AM,2,1,1
06/05/2016 07:00:00 AM,4,2,2
06/05/2016 08:00:00 AM,5,2,3
06/05/2016 09:00:00 AM,14,6,8
06/05/2016 10:00:00 AM,7,3,4
06/05/2016 11:00:00 AM,7,4,3
06/05/2016 12:00:00 PM,20,12,8
06/05/2016 01:00:00 PM,36,21,15
06/05/2016 02:00:00 PM,29,10,19
06/05/2016 03:00:00 PM,31,17,14
06/05/2016 04:00:00 PM,25,15,10
06/05/2016 05:00:00 PM,30,14,16
06/05/2016 06:00:00 PM,19,11,8
06/05/2016 07:00:00 PM,17,13,4
06/05/2016 08:00:00 PM,10,2,8
06/05/2016 09:00:00 PM,13,8,5
06/05/2016 10:00:00 PM,9,6,3
06/05/2016 11:00:00 PM,1,0,1
06/06/2016 12:00:00 AM,4,3,1
06/06/2016 01:00:00 AM,1,1,0
06/06/2016 02:00:00 AM,2,2,0
06/06/2016 03:00:00 AM,0,0,0
06/06/2016 04:00:00 AM,1,0,1
06/06/2016 05:00:00 AM,9,2,7
06/06/2016 06:00:00 AM,47,20,27
06/06/2016 07:00:00 AM,107,63,44
06/06/2016 08:00:00 AM,152,73,79
06/06/2016 09:00:00 AM,79,45,34
06/06/2016 10:00:00 AM,25,10,15
06/06/2016 11:00:00 AM,30,17,13
06/06/2016 12:00:00 PM,22,12,10
06/06/2016 01:00:00 PM,25,13,12
06/06/2016 02:00:00 PM,37,27,10
06/06/2016 03:00:00 PM,55,38,17
06/06/2016 04:00:00 PM,147,108,39
06/06/2016 05:00:00 PM,219,151,68
06/06/2016 06:00:00 PM,121,84,37
06/06/2016 07:00:00 PM,34,24,10
06/06/2016 08:00:00 PM,17,12,5
06/06/2016 09:00:00 PM,22,12,10
06/06/2016 10:00:00 PM,8,6,2
06/06/2016 11:00:00 PM,1,1,0
06/07/2016 12:00:00 AM,6,5,1
06/07/2016 01:00:00 AM,0,0,0
06/07/2016 02:00:00 AM,2,1,1
06/07/2016 03:00:00 AM,0,0,0
06/07/2016 04:00:00 AM,0,0,0
06/07/2016 05:00:00 AM,8,3,5
06/07/2016 06:00:00 AM,43,24,19
06/07/2016 07:00:00 AM,112,63,49
06/07/2016 08:00:00 AM,138,69,69
06/07/2016 09:00:00 AM,86,44,42
06/07/2016 10:00:00 AM,33,15,18
06/07/2016 11:00:00 AM,36,15,21
06/07/2016 12:00:00 PM,50,22,28
06/07/2016 01:00:00 PM,44,27,17
06/07/2016 02:00:00 PM,40,24,16
06/07/2016 03:00:00 PM,51,29,22
06/07/2016 04:00:00 PM,167,115,52
06/07/2016 05:00:00 PM,230,168,62
06/07/2016 06:00:00 PM,134,100,34
06/07/2016 07:00:00 PM,41,23,18
06/07/2016 08:00:00 PM,26,13,13
06/07/2016 09:00:00 PM,31,23,8
06/07/2016 10:00:00 PM,13,3,10
06/07/2016 11:00:00 PM,1,1,0
06/08/2016 12:00:00 AM,9,5,4
06/08/2016 01:00:00 AM,1,1,0
06/08/2016 02:00:00 AM,1,0,1
06/08/2016 03:00:00 AM,0,0,0
06/08/2016 04:00:00 AM,0,0,0
06/08/2016 05:00:00 AM,10,3,7
06/08/2016 06:00:00 AM,45,28,17
06/08/2016 07:00:00 AM,105,62,43
06/08/2016 08:00:00 AM,153,84,69
06/08/2016 09:00:00 AM,83,41,42
06/08/2016 10:00:00 AM,32,19,13
06/08/2016 11:00:00 AM,35,21,14
06/08/2016 12:00:00 PM,44,20,24
06/08/2016 01:00:00 PM,35,18,17
06/08/2016 02:00:00 PM,36,23,13
06/08/2016 03:00:00 PM,52,36,16
06/08/2016 04:00:00 PM,118,83,35
06/08/2016 05:00:00 PM,198,138,60
06/08/2016 06:00:00 PM,116,85,31
06/08/2016 07:00:00 PM,35,24,11
06/08/2016 08:00:00 PM,31,15,16
06/08/2016 09:00:00 PM,16,9,7
06/08/2016 10:00:00 PM,10,4,6
06/08/2016 11:00:00 PM,4,3,1
06/09/2016 12:00:00 AM,2,1,1
06/09/2016 01:00:00 AM,3,0,3
06/09/2016 02:00:00 AM,2,1,1
06/09/2016 03:00:00 AM,0,0,0
06/09/2016 04:00:00 AM,1,1,0
06/09/2016 05:00:00 AM,7,1,6
06/09/2016 06:00:00 AM,29,13,16
06/09/2016 07:00:00 AM,90,47,43
06/09/2016 08:00:00 AM,124,71,53
06/09/2016 09:00:00 AM,79,47,32
06/09/2016 10:00:00 AM,37,16,21
06/09/2016 11:00:00 AM,28,12,16
06/09/2016 12:00:00 PM,27,13,14
06/09/2016 01:00:00 PM,35,22,13
06/09/2016 02:00:00 PM,34,19,15
06/09/2016 03:00:00 PM,46,25,21
06/09/2016 04:00:00 PM,128,97,31
06/09/2016 05:00:00 PM,188,131,57
06/09/2016 06:00:00 PM,94,65,29
06/09/2016 07:00:00 PM,51,32,19
06/09/2016 08:00:00 PM,19,15,4
06/09/2016 09:00:00 PM,8,5,3
06/09/2016 10:00:00 PM,7,1,6
06/09/2016 11:00:00 PM,4,1,3
06/10/2016 12:00:00 AM,0,0,0
06/10/2016 01:00:00 AM,2,2,0
06/10/2016 02:00:00 AM,0,0,0
06/10/2016 03:00:00 AM,1,0,1
06/10/2016 04:00:00 AM,1,1,0
06/10/2016 05:00:00 AM,6,3,3
06/10/2016 06:00:00 AM,35,18,17
06/10/2016 07:00:00 AM,48,23,25
06/10/2016 08:00:00 AM,114,61,53
06/10/2016 09:00:00 AM,56,23,33
06/10/2016 10:00:00 AM,29,14,15
06/10/2016 11:00:00 AM,30,19,11
06/10/2016 12:00:00 PM,31,15,16
06/10/2016 01:00:00 PM,46,26,20
06/10/2016 02:00:00 PM,41,29,12
06/10/2016 03:00:00 PM,58,36,22
06/10/2016 04:00:00 PM,113,74,39
06/10/2016 05:00:00 PM,136,99,37
06/10/2016 06:00:00 PM,58,44,14
06/10/2016 07:00:00 PM,30,18,12
06/10/2016 08:00:00 PM,19,9,10
06/10/2016 09:00:00 PM,9,5,4
06/10/2016 10:00:00 PM,12,9,3
06/10/2016 11:00:00 PM,3,1,2
06/11/2016 12:00:00 AM,2,2,0
06/11/2016 01:00:00 AM,2,2,0
06/11/2016 02:00:00 AM,0,0,0
06/11/2016 03:00:00 AM,0,0,0
06/11/2016 04:00:00 AM,0,0,0
06/11/2016 05:00:00 AM,0,0,0
06/11/2016 06:00:00 AM,5,3,2
06/11/2016 07:00:00 AM,3,1,2
06/11/2016 08:00:00 AM,11,6,5
06/11/2016 09:00:00 AM,14,7,7
06/11/2016 10:00:00 AM,13,4,9
06/11/2016 11:00:00 AM,18,14,4
06/11/2016 12:00:00 PM,16,7,9
06/11/2016 01:00:00 PM,31,16,15
06/11/2016 02:00:00 PM,24,9,15
06/11/2016 03:00:00 PM,27,16,11
06/11/2016 04:00:00 PM,21,13,8
06/11/2016 05:00:00 PM,25,15,10
06/11/2016 06:00:00 PM,22,13,9
06/11/2016 07:00:00 PM,17,7,10
06/11/2016 08:00:00 PM,13,5,8
06/11/2016 09:00:00 PM,5,0,5
06/11/2016 10:00:00 PM,9,3,6
06/11/2016 11:00:00 PM,8,5,3
06/12/2016 12:00:00 AM,6,2,4
06/12/2016 01:00:00 AM,2,1,1
06/12/2016 02:00:00 AM,3,2,1
06/12/2016 03:00:00 AM,0,0,0
06/12/2016 04:00:00 AM,0,0,0
06/12/2016 05:00:00 AM,0,0,0
06/12/2016 06:00:00 AM,1,0,1
06/12/2016 07:00:00 AM,3,1,2
06/12/2016 08:00:00 AM,10,5,5
06/12/2016 09:00:00 AM,16,13,3
06/12/2016 10:00:00 AM,15,11,4
06/12/2016 11:00:00 AM,32,22,10
06/12/2016 12:00:00 PM,39,25,14
06/12/2016 01:00:00 PM,29,23,6
06/12/2016 02:00:00 PM,21,10,11
06/12/2016 03:00:00 PM,17,7,10
06/12/2016 04:00:00 PM,38,21,17
06/12/2016 05:00:00 PM,19,11,8
06/12/2016 06:00:00 PM,25,15,10
06/12/2016 07:00:00 PM,23,13,10
06/12/2016 08:00:00 PM,10,8,2
06/12/2016 09:00:00 PM,7,3,4
06/12/2016 10:00:00 PM,1,1,0
06/12/2016 11:00:00 PM,2,0,2
06/13/2016 12:00:00 AM,5,5,0
06/13/2016 01:00:00 AM,0,0,0
06/13/2016 02:00:00 AM,2,2,0
06/13/2016 03:00:00 AM,0,0,0
06/13/2016 04:00:00 AM,2,2,0
06/13/2016 05:00:00 AM,13,6,7
06/13/2016 06:00:00 AM,33,13,20
06/13/2016 07:00:00 AM,94,59,35
06/13/2016 08:00:00 AM,119,61,58
06/13/2016 09:00:00 AM,66,39,27
06/13/2016 10:00:00 AM,29,13,16
06/13/2016 11:00:00 AM,19,9,10
06/13/2016 12:00:00 PM,30,17,13
06/13/2016 01:00:00 PM,26,17,9
06/13/2016 02:00:00 PM,39,21,18
06/13/2016 03:00:00 PM,48,28,20
06/13/2016 04:00:00 PM,112,86,26
06/13/2016 05:00:00 PM,180,128,52
06/13/2016 06:00:00 PM,96,66,30
06/13/2016 07:00:00 PM,37,18,19
06/13/2016 08:00:00 PM,7,3,4
06/13/2016 09:00:00 PM,13,8,5
06/13/2016 10:00:00 PM,8,2,6
06/13/2016 11:00:00 PM,3,1,2
06/14/2016 12:00:00 AM,4,2,2
06/14/2016 01:00:00 AM,0,0,0
06/14/2016 02:00:00 AM,1,0,1
06/14/2016 03:00:00 AM,0,0,0
06/14/2016 04:00:00 AM,0,0,0
06/14/2016 05:00:00 AM,4,0,4
06/14/2016 06:00:00 AM,23,11,12
06/14/2016 07:00:00 AM,62,38,24
06/14/2016 08:00:00 AM,105,49,56
06/14/2016 09:00:00 AM,59,34,25
06/14/2016 10:00:00 AM,24,11,13
06/14/2016 11:00:00 AM,23,13,10
06/14/2016 12:00:00 PM,37,14,23
06/14/2016 01:00:00 PM,31,19,12
06/14/2016 02:00:00 PM,43,20,23
06/14/2016 03:00:00 PM,51,27,24
06/14/2016 04:00:00 PM,98,73,25
06/14/2016 05:00:00 PM,182,131,51
06/14/2016 06:00:00 PM,89,68,21
06/14/2016 07:00:00 PM,33,23,10
06/14/2016 08:00:00 PM,16,9,7
06/14/2016 09:00:00 PM,27,10,17
06/14/2016 10:00:00 PM,4,2,2
06/14/2016 11:00:00 PM,4,2,2
06/15/2016 12:00:00 AM,6,2,4
06/15/2016 01:00:00 AM,1,0,1
06/15/2016 02:00:00 AM,0,0,0
06/15/2016 03:00:00 AM,0,0,0
06/15/2016 04:00:00 AM,0,0,0
06/15/2016 05:00:00 AM,9,4,5
06/15/2016 06:00:00 AM,37,19,18
06/15/2016 07:00:00 AM,98,53,45
06/15/2016 08:00:00 AM,144,80,64
06/15/2016 09:00:00 AM,73,33,40
06/15/2016 10:00:00 AM,32,16,16
06/15/2016 11:00:00 AM,34,19,15
06/15/2016 12:00:00 PM,37,16,21
06/15/2016 01:00:00 PM,38,25,13
06/15/2016 02:00:00 PM,44,25,19
06/15/2016 03:00:00 PM,67,39,28
06/15/2016 04:00:00 PM,120,79,41
06/15/2016 05:00:00 PM,213,150,63
06/15/2016 06:00:00 PM,116,83,33
06/15/2016 07:00:00 PM,35,23,12
06/15/2016 08:00:00 PM,16,9,7
06/15/2016 09:00:00 PM,12,7,5
06/15/2016 10:00:00 PM,8,2,6
06/15/2016 11:00:00 PM,1,1,0
06/16/2016 12:00:00 AM,5,2,3
06/16/2016 01:00:00 AM,3,2,1
06/16/2016 02:00:00 AM,1,1,0
06/16/2016 03:00:00 AM,0,0,0
06/16/2016 04:00:00 AM,0,0,0
06/16/2016 05:00:00 AM,8,2,6
06/16/2016 06:00:00 AM,31,15,16
06/16/2016 07:00:00 AM,93,51,42
06/16/2016 08:00:00 AM,140,72,68
06/16/2016 09:00:00 AM,72,21,51
06/16/2016 10:00:00 AM,48,17,31
06/16/2016 11:00:00 AM,28,19,9
06/16/2016 12:00:00 PM,28,8,20
06/16/2016 01:00:00 PM,49,20,29
06/16/2016 02:00:00 PM,49,21,28
06/16/2016 03:00:00 PM,85,58,27
06/16/2016 04:00:00 PM,135,99,36
06/16/2016 05:00:00 PM,270,193,77
06/16/2016 06:00:00 PM,114,83,31
06/16/2016 07:00:00 PM,32,17,15
06/16/2016 08:00:00 PM,32,14,18
06/16/2016 09:00:00 PM,29,9,20
06/16/2016 10:00:00 PM,17,4,13
06/16/2016 11:00:00 PM,7,3,4
06/17/2016 12:00:00 AM,6,3,3
06/17/2016 01:00:00 AM,1,1,0
06/17/2016 02:00:00 AM,0,0,0
06/17/2016 03:00:00 AM,0,0,0
06/17/2016 04:00:00 AM,3,2,1
06/17/2016 05:00:00 AM,8,4,4
06/17/2016 06:00:00 AM,32,14,18
06/17/2016 07:00:00 AM,83,52,31
06/17/2016 08:00:00 AM,120,71,49
06/17/2016 09:00:00 AM,63,25,38
06/17/2016 10:00:00 AM,26,15,11
06/17/2016 11:00:00 AM,56,33,23
06/17/2016 12:00:00 PM,44,25,19
06/17/2016 01:00:00 PM,39,24,15
06/17/2016 02:00:00 PM,50,30,20
06/17/2016 03:00:00 PM,73,44,29
06/17/2016 04:00:00 PM,99,65,34
06/17/2016 05:00:00 PM,121,79,42
06/17/2016 06:00:00 PM,84,47,37
06/17/2016 07:00:00 PM,24,14,10
06/17/2016 08:00:00 PM,14,9,5
06/17/2016 09:00:00 PM,7,4,3
06/17/2016 10:00:00 PM,4,3,1
06/17/2016 11:00:00 PM,3,0,3
06/18/2016 12:00:00 AM,1,0,1
06/18/2016 01:00:00 AM,0,0,0
06/18/2016 02:00:00 AM,1,1,0
06/18/2016 03:00:00 AM,0,0,0
06/18/2016 04:00:00 AM,2,1,1
06/18/2016 05:00:00 AM,2,0,2
06/18/2016 06:00:00 AM,5,4,1
06/18/2016 07:00:00 AM,5,3,2
06/18/2016 08:00:00 AM,14,7,7
06/18/2016 09:00:00 AM,14,1,13
06/18/2016 10:00:00 AM,6,1,5
06/18/2016 11:00:00 AM,15,5,10
06/18/2016 12:00:00 PM,12,7,5
06/18/2016 01:00:00 PM,29,14,15
06/18/2016 02:00:00 PM,20,6,14
06/18/2016 03:00:00 PM,8,6,2
06/18/2016 04:00:00 PM,23,16,7
06/18/2016 05:00:00 PM,16,13,3
06/18/2016 06:00:00 PM,22,16,6
06/18/2016 07:00:00 PM,10,3,7
06/18/2016 08:00:00 PM,7,4,3
06/18/2016 09:00:00 PM,8,6,2
06/18/2016 10:00:00 PM,7,3,4
06/18/2016 11:00:00 PM,4,2,2
06/19/2016 12:00:00 AM,6,2,4
06/19/2016 01:00:00 AM,2,2,0
06/19/2016 02:00:00 AM,1,1,0
06/19/2016 03:00:00 AM,2,2,0
06/19/2016 04:00:00 AM,1,1,0
06/19/2016 05:00:00 AM,0,0,0
06/19/2016 06:00:00 AM,5,5,0
06/19/2016 07:00:00 AM,8,5,3
06/19/2016 08:00:00 AM,18,9,9
06/19/2016 09:00:00 AM,15,9,6
06/19/2016 10:00:00 AM,15,9,6
06/19/2016 11:00:00 AM,27,19,8
06/19/2016 12:00:00 PM,23,12,11
06/19/2016 01:00:00 PM,34,10,24
06/19/2016 02:00:00 PM,23,16,7
06/19/2016 03:00:00 PM,24,13,11
06/19/2016 04:00:00 PM,13,10,3
06/19/2016 05:00:00 PM,17,8,9
06/19/2016 06:00:00 PM,17,10,7
06/19/2016 07:00:00 PM,9,4,5
06/19/2016 08:00:00 PM,15,6,9
06/19/2016 09:00:00 PM,7,3,4
06/19/2016 10:00:00 PM,4,1,3
06/19/2016 11:00:00 PM,8,1,7
06/20/2016 12:00:00 AM,2,0,2
06/20/2016 01:00:00 AM,1,1,0
06/20/2016 02:00:00 AM,3,1,2
06/20/2016 03:00:00 AM,0,0,0
06/20/2016 04:00:00 AM,4,3,1
06/20/2016 05:00:00 AM,12,7,5
06/20/2016 06:00:00 AM,35,21,14
06/20/2016 07:00:00 AM,92,54,38
06/20/2016 08:00:00 AM,136,80,56
06/20/2016 09:00:00 AM,81,38,43
06/20/2016 10:00:00 AM,35,15,20
06/20/2016 11:00:00 AM,27,11,16
06/20/2016 12:00:00 PM,33,16,17
06/20/2016 01:00:00 PM,23,15,8
06/20/2016 02:00:00 PM,24,13,11
06/20/2016 03:00:00 PM,48,31,17
06/20/2016 04:00:00 PM,131,97,34
06/20/2016 05:00:00 PM,190,138,52
06/20/2016 06:00:00 PM,110,68,42
06/20/2016 07:00:00 PM,43,27,16
06/20/2016 08:00:00 PM,16,11,5
06/20/2016 09:00:00 PM,16,8,8
06/20/2016 10:00:00 PM,0,0,0
06/20/2016 11:00:00 PM,1,1,0
06/21/2016 12:00:00 AM,3,2,1
06/21/2016 01:00:00 AM,0,0,0
06/21/2016 02:00:00 AM,1,1,0
06/21/2016 03:00:00 AM,2,1,1
06/21/2016 04:00:00 AM,0,0,0
06/21/2016 05:00:00 AM,12,7,5
06/21/2016 06:00:00 AM,34,23,11
06/21/2016 07:00:00 AM,88,51,37
06/21/2016 08:00:00 AM,139,80,59
06/21/2016 09:00:00 AM,64,33,31
06/21/2016 10:00:00 AM,29,18,11
06/21/2016 11:00:00 AM,28,14,14
06/21/2016 12:00:00 PM,50,19,31
06/21/2016 01:00:00 PM,35,16,19
06/21/2016 02:00:00 PM,52,25,27
06/21/2016 03:00:00 PM,55,37,18
06/21/2016 04:00:00 PM,122,84,38
06/21/2016 05:00:00 PM,197,133,64
06/21/2016 06:00:00 PM,105,72,33
06/21/2016 07:00:00 PM,39,24,15
06/21/2016 08:00:00 PM,32,18,14
06/21/2016 09:00:00 PM,17,14,3
06/21/2016 10:00:00 PM,5,4,1
06/21/2016 11:00:00 PM,15,7,8
06/22/2016 12:00:00 AM,4,2,2
06/22/2016 01:00:00 AM,0,0,0
06/22/2016 02:00:00 AM,1,1,0
06/22/2016 03:00:00 AM,0,0,0
06/22/2016 04:00:00 AM,0,0,0
06/22/2016 05:00:00 AM,11,3,8
06/22/2016 06:00:00 AM,39,20,19
06/22/2016 07:00:00 AM,100,66,34
06/22/2016 08:00:00 AM,129,72,57
06/22/2016 09:00:00 AM,79,44,35
06/22/2016 10:00:00 AM,32,22,10
06/22/2016 11:00:00 AM,31,16,15
06/22/2016 12:00:00 PM,39,17,22
06/22/2016 01:00:00 PM,36,21,15
06/22/2016 02:00:00 PM,59,39,20
06/22/2016 03:00:00 PM,71,42,29
06/22/2016 04:00:00 PM,129,90,39
06/22/2016 05:00:00 PM,220,148,72
06/22/2016 06:00:00 PM,118,76,42
06/22/2016 07:00:00 PM,41,26,15
06/22/2016 08:00:00 PM,29,17,12
06/22/2016 09:00:00 PM,19,13,6
06/22/2016 10:00:00 PM,6,5,1
06/22/2016 11:00:00 PM,9,4,5
06/23/2016 12:00:00 AM,5,4,1
06/23/2016 01:00:00 AM,0,0,0
06/23/2016 02:00:00 AM,2,1,1
06/23/2016 03:00:00 AM,2,1,1
06/23/2016 04:00:00 AM,0,0,0
06/23/2016 05:00:00 AM,9,3,6
06/23/2016 06:00:00 AM,22,12,10
06/23/2016 07:00:00 AM,41,20,21
06/23/2016 08:00:00 AM,86,46,40
06/23/2016 09:00:00 AM,56,28,28
06/23/2016 10:00:00 AM,33,16,17
06/23/2016 11:00:00 AM,22,7,15
06/23/2016 12:00:00 PM,37,16,21
06/23/2016 01:00:00 PM,31,20,11
06/23/2016 02:00:00 PM,30,18,12
06/23/2016 03:00:00 PM,41,29,12
06/23/2016 04:00:00 PM,89,62,27
06/23/2016 05:00:00 PM,128,94,34
06/23/2016 06:00:00 PM,62,39,23
06/23/2016 07:00:00 PM,33,19,14
06/23/2016 08:00:00 PM,14,12,2
06/23/2016 09:00:00 PM,7,4,3
06/23/2016 10:00:00 PM,1,0,1
06/23/2016 11:00:00 PM,4,3,1
06/24/2016 12:00:00 AM,2,0,2
06/24/2016 01:00:00 AM,0,0,0
06/24/2016 02:00:00 AM,1,1,0
06/24/2016 03:00:00 AM,1,0,1
06/24/2016 04:00:00 AM,1,1,0
06/24/2016 05:00:00 AM,6,4,2
06/24/2016 06:00:00 AM,30,12,18
06/24/2016 07:00:00 AM,41,16,25
06/24/2016 08:00:00 AM,86,52,34
06/24/2016 09:00:00 AM,44,24,20
06/24/2016 10:00:00 AM,34,14,20
06/24/2016 11:00:00 AM,18,8,10
06/24/2016 12:00:00 PM,40,19,21
06/24/2016 01:00:00 PM,31,19,12
06/24/2016 02:00:00 PM,39,28,11
06/24/2016 03:00:00 PM,62,45,17
06/24/2016 04:00:00 PM,101,73,28
06/24/2016 05:00:00 PM,124,79,45
06/24/2016 06:00:00 PM,71,48,23
06/24/2016 07:00:00 PM,22,7,15
06/24/2016 08:00:00 PM,7,2,5
06/24/2016 09:00:00 PM,15,9,6
06/24/2016 10:00:00 PM,10,4,6
06/24/2016 11:00:00 PM,6,5,1
06/25/2016 12:00:00 AM,5,1,4
06/25/2016 01:00:00 AM,1,1,0
06/25/2016 02:00:00 AM,1,1,0
06/25/2016 03:00:00 AM,1,1,0
06/25/2016 04:00:00 AM,2,1,1
06/25/2016 05:00:00 AM,2,0,2
06/25/2016 06:00:00 AM,4,4,0
06/25/2016 07:00:00 AM,7,3,4
06/25/2016 08:00:00 AM,23,16,7
06/25/2016 09:00:00 AM,16,8,8
06/25/2016 10:00:00 AM,17,11,6
06/25/2016 11:00:00 AM,17,12,5
06/25/2016 12:00:00 PM,36,26,10
06/25/2016 01:00:00 PM,78,52,26
06/25/2016 02:00:00 PM,24,20,4
06/25/2016 03:00:00 PM,31,17,14
06/25/2016 04:00:00 PM,49,19,30
06/25/2016 05:00:00 PM,26,12,14
06/25/2016 06:00:00 PM,31,18,13
06/25/2016 07:00:00 PM,27,15,12
06/25/2016 08:00:00 PM,24,13,11
06/25/2016 09:00:00 PM,7,4,3
06/25/2016 10:00:00 PM,30,15,15
06/25/2016 11:00:00 PM,13,6,7
06/26/2016 12:00:00 AM,4,4,0
06/26/2016 01:00:00 AM,4,2,2
06/26/2016 02:00:00 AM,5,1,4
06/26/2016 03:00:00 AM,0,0,0
06/26/2016 04:00:00 AM,1,1,0
06/26/2016 05:00:00 AM,1,0,1
06/26/2016 06:00:00 AM,5,3,2
06/26/2016 07:00:00 AM,7,2,5
06/26/2016 08:00:00 AM,6,3,3
06/26/2016 09:00:00 AM,16,9,7
06/26/2016 10:00:00 AM,27,8,19
06/26/2016 11:00:00 AM,31,6,25
06/26/2016 12:00:00 PM,37,18,19
06/26/2016 01:00:00 PM,24,12,12
06/26/2016 02:00:00 PM,28,19,9
06/26/2016 03:00:00 PM,44,24,20
06/26/2016 04:00:00 PM,47,28,19
06/26/2016 05:00:00 PM,35,18,17
06/26/2016 06:00:00 PM,21,16,5
06/26/2016 07:00:00 PM,24,10,14
06/26/2016 08:00:00 PM,15,7,8
06/26/2016 09:00:00 PM,5,3,2
06/26/2016 10:00:00 PM,4,2,2
06/26/2016 11:00:00 PM,4,3,1
06/27/2016 12:00:00 AM,8,5,3
06/27/2016 01:00:00 AM,1,1,0
06/27/2016 02:00:00 AM,0,0,0
06/27/2016 03:00:00 AM,1,1,0
06/27/2016 04:00:00 AM,2,1,1
06/27/2016 05:00:00 AM,12,5,7
06/27/2016 06:00:00 AM,31,13,18
06/27/2016 07:00:00 AM,116,57,59
06/27/2016 08:00:00 AM,137,73,64
06/27/2016 09:00:00 AM,71,27,44
06/27/2016 10:00:00 AM,29,15,14
06/27/2016 11:00:00 AM,32,18,14
06/27/2016 12:00:00 PM,32,16,16
06/27/2016 01:00:00 PM,35,14,21
06/27/2016 02:00:00 PM,32,19,13
06/27/2016 03:00:00 PM,53,35,18
06/27/2016 04:00:00 PM,135,104,31
06/27/2016 05:00:00 PM,197,138,59
06/27/2016 06:00:00 PM,105,67,38
06/27/2016 07:00:00 PM,39,22,17
06/27/2016 08:00:00 PM,23,15,8
06/27/2016 09:00:00 PM,14,8,6
06/27/2016 10:00:00 PM,7,3,4
06/27/2016 11:00:00 PM,4,3,1
06/28/2016 12:00:00 AM,8,5,3
06/28/2016 01:00:00 AM,0,0,0
06/28/2016 02:00:00 AM,2,2,0
06/28/2016 03:00:00 AM,1,1,0
06/28/2016 04:00:00 AM,2,1,1
06/28/2016 05:00:00 AM,13,7,6
06/28/2016 06:00:00 AM,43,25,18
06/28/2016 07:00:00 AM,106,54,52
06/28/2016 08:00:00 AM,133,77,56
06/28/2016 09:00:00 AM,85,46,39
06/28/2016 10:00:00 AM,39,22,17
06/28/2016 11:00:00 AM,34,15,19
06/28/2016 12:00:00 PM,31,14,17
06/28/2016 01:00:00 PM,32,20,12
06/28/2016 02:00:00 PM,29,19,10
06/28/2016 03:00:00 PM,65,44,21
06/28/2016 04:00:00 PM,134,94,40
06/28/2016 05:00:00 PM,185,128,57
06/28/2016 06:00:00 PM,119,65,54
06/28/2016 07:00:00 PM,42,24,18
06/28/2016 08:00:00 PM,31,18,13
06/28/2016 09:00:00 PM,16,10,6
06/28/2016 10:00:00 PM,12,5,7
06/28/2016 11:00:00 PM,5,4,1
06/29/2016 12:00:00 AM,4,2,2
06/29/2016 01:00:00 AM,0,0,0
06/29/2016 02:00:00 AM,1,1,0
06/29/2016 03:00:00 AM,0,0,0
06/29/2016 04:00:00 AM,2,2,0
06/29/2016 05:00:00 AM,10,6,4
06/29/2016 06:00:00 AM,47,21,26
06/29/2016 07:00:00 AM,92,50,42
06/29/2016 08:00:00 AM,137,74,63
06/29/2016 09:00:00 AM,85,45,40
06/29/2016 10:00:00 AM,32,14,18
06/29/2016 11:00:00 AM,31,16,15
06/29/2016 12:00:00 PM,37,25,12
06/29/2016 01:00:00 PM,45,14,31
06/29/2016 02:00:00 PM,45,28,17
06/29/2016 03:00:00 PM,62,43,19
06/29/2016 04:00:00 PM,138,89,49
06/29/2016 05:00:00 PM,194,134,60
06/29/2016 06:00:00 PM,113,74,39
06/29/2016 07:00:00 PM,43,29,14
06/29/2016 08:00:00 PM,27,20,7
06/29/2016 09:00:00 PM,15,6,9
06/29/2016 10:00:00 PM,18,6,12
06/29/2016 11:00:00 PM,3,1,2
06/30/2016 12:00:00 AM,3,2,1
06/30/2016 01:00:00 AM,0,0,0
06/30/2016 02:00:00 AM,2,1,1
06/30/2016 03:00:00 AM,0,0,0
06/30/2016 04:00:00 AM,2,1,1
06/30/2016 05:00:00 AM,9,4,5
06/30/2016 06:00:00 AM,37,19,18
06/30/2016 07:00:00 AM,85,44,41
06/30/2016 08:00:00 AM,131,77,54
06/30/2016 09:00:00 AM,69,30,39
06/30/2016 10:00:00 AM,42,23,19
06/30/2016 11:00:00 AM,32,20,12
06/30/2016 12:00:00 PM,44,20,24
06/30/2016 01:00:00 PM,34,19,15
06/30/2016 02:00:00 PM,44,29,15
06/30/2016 03:00:00 PM,72,50,22
06/30/2016 04:00:00 PM,127,89,38
06/30/2016 05:00:00 PM,195,133,62
06/30/2016 06:00:00 PM,105,74,31
06/30/2016 07:00:00 PM,45,32,13
06/30/2016 08:00:00 PM,16,11,5
06/30/2016 09:00:00 PM,25,19,6
06/30/2016 10:00:00 PM,11,2,9
06/30/2016 11:00:00 PM,12,9,3
07/01/2016 12:00:00 AM,4,2,2
07/01/2016 01:00:00 AM,1,0,1
07/01/2016 02:00:00 AM,3,3,0
07/01/2016 03:00:00 AM,0,0,0
07/01/2016 04:00:00 AM,3,2,1
07/01/2016 05:00:00 AM,6,3,3
07/01/2016 06:00:00 AM,44,24,20
07/01/2016 07:00:00 AM,59,26,33
07/01/2016 08:00:00 AM,98,60,38
07/01/2016 09:00:00 AM,66,35,31
07/01/2016 10:00:00 AM,30,8,22
07/01/2016 11:00:00 AM,29,17,12
07/01/2016 12:00:00 PM,38,16,22
07/01/2016 01:00:00 PM,42,25,17
07/01/2016 02:00:00 PM,50,30,20
07/01/2016 03:00:00 PM,82,57,25
07/01/2016 04:00:00 PM,122,78,44
07/01/2016 05:00:00 PM,115,80,35
07/01/2016 06:00:00 PM,83,67,16
07/01/2016 07:00:00 PM,31,21,10
07/01/2016 08:00:00 PM,21,12,9
07/01/2016 09:00:00 PM,17,10,7
07/01/2016 10:00:00 PM,16,3,13
07/01/2016 11:00:00 PM,1,1,0
07/02/2016 12:00:00 AM,5,1,4
07/02/2016 01:00:00 AM,6,5,1
07/02/2016 02:00:00 AM,1,1,0
07/02/2016 03:00:00 AM,0,0,0
07/02/2016 04:00:00 AM,1,0,1
07/02/2016 05:00:00 AM,0,0,0
07/02/2016 06:00:00 AM,5,5,0
07/02/2016 07:00:00 AM,8,4,4
07/02/2016 08:00:00 AM,18,13,5
07/02/2016 09:00:00 AM,17,15,2
07/02/2016 10:00:00 AM,23,12,11
07/02/2016 11:00:00 AM,22,18,4
07/02/2016 12:00:00 PM,33,17,16
07/02/2016 01:00:00 PM,22,9,13
07/02/2016 02:00:00 PM,19,12,7
07/02/2016 03:00:00 PM,45,25,20
07/02/2016 04:00:00 PM,22,14,8
07/02/2016 05:00:00 PM,29,21,8
07/02/2016 06:00:00 PM,12,10,2
07/02/2016 07:00:00 PM,13,7,6
07/02/2016 08:00:00 PM,21,9,12
07/02/2016 09:00:00 PM,12,8,4
07/02/2016 10:00:00 PM,7,2,5
07/02/2016 11:00:00 PM,9,4,5
07/03/2016 12:00:00 AM,0,0,0
07/03/2016 01:00:00 AM,4,2,2
07/03/2016 02:00:00 AM,2,1,1
07/03/2016 03:00:00 AM,0,0,0
07/03/2016 04:00:00 AM,0,0,0
07/03/2016 05:00:00 AM,0,0,0
07/03/2016 06:00:00 AM,3,2,1
07/03/2016 07:00:00 AM,8,5,3
07/03/2016 08:00:00 AM,7,3,4
07/03/2016 09:00:00 AM,8,7,1
07/03/2016 10:00:00 AM,13,5,8
07/03/2016 11:00:00 AM,16,10,6
07/03/2016 12:00:00 PM,29,18,11
07/03/2016 01:00:00 PM,21,12,9
07/03/2016 02:00:00 PM,17,8,9
07/03/2016 03:00:00 PM,35,32,3
07/03/2016 04:00:00 PM,30,14,16
07/03/2016 05:00:00 PM,21,7,14
07/03/2016 06:00:00 PM,18,8,10
07/03/2016 07:00:00 PM,11,3,8
07/03/2016 08:00:00 PM,15,8,7
07/03/2016 09:00:00 PM,12,5,7
07/03/2016 10:00:00 PM,6,4,2
07/03/2016 11:00:00 PM,1,1,0
07/04/2016 12:00:00 AM,1,0,1
07/04/2016 01:00:00 AM,0,0,0
07/04/2016 02:00:00 AM,1,1,0
07/04/2016 03:00:00 AM,0,0,0
07/04/2016 04:00:00 AM,0,0,0
07/04/2016 05:00:00 AM,0,0,0
07/04/2016 06:00:00 AM,0,0,0
07/04/2016 07:00:00 AM,10,8,2
07/04/2016 08:00:00 AM,9,5,4
07/04/2016 09:00:00 AM,12,8,4
07/04/2016 10:00:00 AM,19,8,11
07/04/2016 11:00:00 AM,18,9,9
07/04/2016 12:00:00 PM,12,4,8
07/04/2016 01:00:00 PM,25,9,16
07/04/2016 02:00:00 PM,20,11,9
07/04/2016 03:00:00 PM,15,8,7
07/04/2016 04:00:00 PM,16,9,7
07/04/2016 05:00:00 PM,14,7,7
07/04/2016 06:00:00 PM,17,9,8
07/04/2016 07:00:00 PM,13,7,6
07/04/2016 08:00:00 PM,6,4,2
07/04/2016 09:00:00 PM,9,2,7
07/04/2016 10:00:00 PM,7,2,5
07/04/2016 11:00:00 PM,10,10,0
07/05/2016 12:00:00 AM,10,10,0
07/05/2016 01:00:00 AM,1,1,0
07/05/2016 02:00:00 AM,1,0,1
07/05/2016 03:00:00 AM,0,0,0
07/05/2016 04:00:00 AM,2,1,1
07/05/2016 05:00:00 AM,9,4,5
07/05/2016 06:00:00 AM,20,11,9
07/05/2016 07:00:00 AM,54,26,28
07/05/2016 08:00:00 AM,108,61,47
07/05/2016 09:00:00 AM,53,26,27
07/05/2016 10:00:00 AM,31,15,16
07/05/2016 11:00:00 AM,22,11,11
07/05/2016 12:00:00 PM,38,22,16
07/05/2016 01:00:00 PM,30,14,16
07/05/2016 02:00:00 PM,30,24,6
07/05/2016 03:00:00 PM,53,31,22
07/05/2016 04:00:00 PM,92,64,28
07/05/2016 05:00:00 PM,151,110,41
07/05/2016 06:00:00 PM,85,55,30
07/05/2016 07:00:00 PM,43,28,15
07/05/2016 08:00:00 PM,20,10,10
07/05/2016 09:00:00 PM,23,8,15
07/05/2016 10:00:00 PM,12,4,8
07/05/2016 11:00:00 PM,2,2,0
07/06/2016 12:00:00 AM,7,3,4
07/06/2016 01:00:00 AM,3,1,2
07/06/2016 02:00:00 AM,2,0,2
07/06/2016 03:00:00 AM,0,0,0
07/06/2016 04:00:00 AM,2,1,1
07/06/2016 05:00:00 AM,23,12,11
07/06/2016 06:00:00 AM,29,15,14
07/06/2016 07:00:00 AM,91,50,41
07/06/2016 08:00:00 AM,147,84,63
07/06/2016 09:00:00 AM,68,33,35
07/06/2016 10:00:00 AM,26,10,16
07/06/2016 11:00:00 AM,27,13,14
07/06/2016 12:00:00 PM,34,16,18
07/06/2016 01:00:00 PM,36,22,14
07/06/2016 02:00:00 PM,34,18,16
07/06/2016 03:00:00 PM,50,35,15
07/06/2016 04:00:00 PM,130,82,48
07/06/2016 05:00:00 PM,194,142,52
07/06/2016 06:00:00 PM,112,76,36
07/06/2016 07:00:00 PM,46,25,21
07/06/2016 08:00:00 PM,27,18,9
07/06/2016 09:00:00 PM,16,11,5
07/06/2016 10:00:00 PM,9,6,3
07/06/2016 11:00:00 PM,8,4,4
07/07/2016 12:00:00 AM,3,1,2
07/07/2016 01:00:00 AM,1,0,1
07/07/2016 02:00:00 AM,0,0,0
07/07/2016 03:00:00 AM,0,0,0
07/07/2016 04:00:00 AM,3,2,1
07/07/2016 05:00:00 AM,10,5,5
07/07/2016 06:00:00 AM,30,11,19
07/07/2016 07:00:00 AM,60,29,31
07/07/2016 08:00:00 AM,111,57,54
07/07/2016 09:00:00 AM,67,39,28
07/07/2016 10:00:00 AM,31,16,15
07/07/2016 11:00:00 AM,25,10,15
07/07/2016 12:00:00 PM,32,16,16
07/07/2016 01:00:00 PM,29,13,16
07/07/2016 02:00:00 PM,33,17,16
07/07/2016 03:00:00 PM,49,35,14
07/07/2016 04:00:00 PM,114,81,33
07/07/2016 05:00:00 PM,154,110,44
07/07/2016 06:00:00 PM,74,49,25
07/07/2016 07:00:00 PM,28,13,15
07/07/2016 08:00:00 PM,21,13,8
07/07/2016 09:00:00 PM,12,5,7
07/07/2016 10:00:00 PM,8,4,4
07/07/2016 11:00:00 PM,2,1,1
07/08/2016 12:00:00 AM,2,0,2
07/08/2016 01:00:00 AM,1,0,1
07/08/2016 02:00:00 AM,0,0,0
07/08/2016 03:00:00 AM,0,0,0
07/08/2016 04:00:00 AM,2,1,1
07/08/2016 05:00:00 AM,2,0,2
07/08/2016 06:00:00 AM,26,16,10
07/08/2016 07:00:00 AM,59,33,26
07/08/2016 08:00:00 AM,87,54,33
07/08/2016 09:00:00 AM,49,23,26
07/08/2016 10:00:00 AM,18,5,13
07/08/2016 11:00:00 AM,26,9,17
07/08/2016 12:00:00 PM,37,18,19
07/08/2016 01:00:00 PM,40,21,19
07/08/2016 02:00:00 PM,35,22,13
07/08/2016 03:00:00 PM,45,35,10
07/08/2016 04:00:00 PM,97,63,34
07/08/2016 05:00:00 PM,123,85,38
07/08/2016 06:00:00 PM,76,55,21
07/08/2016 07:00:00 PM,28,16,12
07/08/2016 08:00:00 PM,21,10,11
07/08/2016 09:00:00 PM,10,8,2
07/08/2016 10:00:00 PM,4,4,0
07/08/2016 11:00:00 PM,6,3,3
07/09/2016 12:00:00 AM,2,1,1
07/09/2016 01:00:00 AM,3,2,1
07/09/2016 02:00:00 AM,1,0,1
07/09/2016 03:00:00 AM,0,0,0
07/09/2016 04:00:00 AM,2,2,0
07/09/2016 05:00:00 AM,3,2,1
07/09/2016 06:00:00 AM,1,1,0
07/09/2016 07:00:00 AM,12,7,5
07/09/2016 08:00:00 AM,24,15,9
07/09/2016 09:00:00 AM,24,13,11
07/09/2016 10:00:00 AM,36,24,12
07/09/2016 11:00:00 AM,63,56,7
07/09/2016 12:00:00 PM,43,28,15
07/09/2016 01:00:00 PM,32,11,21
07/09/2016 02:00:00 PM,61,13,48
07/09/2016 03:00:00 PM,40,15,25
07/09/2016 04:00:00 PM,32,16,16
07/09/2016 05:00:00 PM,25,15,10
07/09/2016 06:00:00 PM,28,16,12
07/09/2016 07:00:00 PM,14,5,9
07/09/2016 08:00:00 PM,17,8,9
07/09/2016 09:00:00 PM,8,4,4
07/09/2016 10:00:00 PM,4,1,3
07/09/2016 11:00:00 PM,5,2,3
07/10/2016 12:00:00 AM,2,2,0
07/10/2016 01:00:00 AM,3,2,1
07/10/2016 02:00:00 AM,1,1,0
07/10/2016 03:00:00 AM,0,0,0
07/10/2016 04:00:00 AM,0,0,0
07/10/2016 05:00:00 AM,3,3,0
07/10/2016 06:00:00 AM,2,0,2
07/10/2016 07:00:00 AM,5,1,4
07/10/2016 08:00:00 AM,9,7,2
07/10/2016 09:00:00 AM,12,6,6
07/10/2016 10:00:00 AM,19,8,11
07/10/2016 11:00:00 AM,25,19,6
07/10/2016 12:00:00 PM,29,19,10
07/10/2016 01:00:00 PM,25,15,10
07/10/2016 02:00:00 PM,32,19,13
07/10/2016 03:00:00 PM,30,19,11
07/10/2016 04:00:00 PM,49,18,31
07/10/2016 05:00:00 PM,27,16,11
07/10/2016 06:00:00 PM,22,16,6
07/10/2016 07:00:00 PM,13,8,5
07/10/2016 08:00:00 PM,8,3,5
07/10/2016 09:00:00 PM,4,2,2
07/10/2016 10:00:00 PM,3,0,3
07/10/2016 11:00:00 PM,1,0,1
07/11/2016 12:00:00 AM,4,4,0
07/11/2016 01:00:00 AM,0,0,0
07/11/2016 02:00:00 AM,2,1,1
07/11/2016 03:00:00 AM,0,0,0
07/11/2016 04:00:00 AM,2,1,1
07/11/2016 05:00:00 AM,8,2,6
07/11/2016 06:00:00 AM,28,12,16
07/11/2016 07:00:00 AM,93,53,40
07/11/2016 08:00:00 AM,137,79,58
07/11/2016 09:00:00 AM,67,28,39
07/11/2016 10:00:00 AM,29,11,18
07/11/2016 11:00:00 AM,30,14,16
07/11/2016 12:00:00 PM,33,18,15
07/11/2016 01:00:00 PM,32,15,17
07/11/2016 02:00:00 PM,28,16,12
07/11/2016 03:00:00 PM,51,34,17
07/11/2016 04:00:00 PM,121,83,38
07/11/2016 05:00:00 PM,201,142,59
07/11/2016 06:00:00 PM,75,43,32
07/11/2016 07:00:00 PM,37,26,11
07/11/2016 08:00:00 PM,26,11,15
07/11/2016 09:00:00 PM,13,7,6
07/11/2016 10:00:00 PM,2,1,1
07/11/2016 11:00:00 PM,2,2,0
07/12/2016 12:00:00 AM,2,2,0
07/12/2016 01:00:00 AM,1,1,0
07/12/2016 02:00:00 AM,0,0,0
07/12/2016 03:00:00 AM,0,0,0
07/12/2016 04:00:00 AM,2,1,1
07/12/2016 05:00:00 AM,12,8,4
07/12/2016 06:00:00 AM,34,13,21
07/12/2016 07:00:00 AM,102,57,45
07/12/2016 08:00:00 AM,136,83,53
07/12/2016 09:00:00 AM,90,36,54
07/12/2016 10:00:00 AM,29,10,19
07/12/2016 11:00:00 AM,38,18,20
07/12/2016 12:00:00 PM,49,21,28
07/12/2016 01:00:00 PM,35,19,16
07/12/2016 02:00:00 PM,37,17,20
07/12/2016 03:00:00 PM,65,45,20
07/12/2016 04:00:00 PM,125,89,36
07/12/2016 05:00:00 PM,209,139,70
07/12/2016 06:00:00 PM,118,76,42
07/12/2016 07:00:00 PM,52,28,24
07/12/2016 08:00:00 PM,13,7,6
07/12/2016 09:00:00 PM,16,11,5
07/12/2016 10:00:00 PM,8,4,4
07/12/2016 11:00:00 PM,9,3,6
07/13/2016 12:00:00 AM,2,2,0
07/13/2016 01:00:00 AM,2,1,1
07/13/2016 02:00:00 AM,3,2,1
07/13/2016 03:00:00 AM,0,0,0
07/13/2016 04:00:00 AM,0,0,0
07/13/2016 05:00:00 AM,3,2,1
07/13/2016 06:00:00 AM,37,16,21
07/13/2016 07:00:00 AM,95,59,36
07/13/2016 08:00:00 AM,126,67,59
07/13/2016 09:00:00 AM,72,29,43
07/13/2016 10:00:00 AM,41,20,21
07/13/2016 11:00:00 AM,31,17,14
07/13/2016 12:00:00 PM,37,18,19
07/13/2016 01:00:00 PM,36,16,20
07/13/2016 02:00:00 PM,38,22,16
07/13/2016 03:00:00 PM,62,40,22
07/13/2016 04:00:00 PM,150,108,42
07/13/2016 05:00:00 PM,200,139,61
07/13/2016 06:00:00 PM,147,108,39
07/13/2016 07:00:00 PM,65,48,17
07/13/2016 08:00:00 PM,29,19,10
07/13/2016 09:00:00 PM,37,7,30
07/13/2016 10:00:00 PM,13,6,7
07/13/2016 11:00:00 PM,4,1,3
07/14/2016 12:00:00 AM,4,1,3
07/14/2016 01:00:00 AM,0,0,0
07/14/2016 02:00:00 AM,2,1,1
07/14/2016 03:00:00 AM,0,0,0
07/14/2016 04:00:00 AM,2,1,1
07/14/2016 05:00:00 AM,9,3,6
07/14/2016 06:00:00 AM,22,13,9
07/14/2016 07:00:00 AM,96,54,42
07/14/2016 08:00:00 AM,138,80,58
07/14/2016 09:00:00 AM,89,50,39
07/14/2016 10:00:00 AM,47,26,21
07/14/2016 11:00:00 AM,41,20,21
07/14/2016 12:00:00 PM,53,29,24
07/14/2016 01:00:00 PM,30,19,11
07/14/2016 02:00:00 PM,45,20,25
07/14/2016 03:00:00 PM,64,34,30
07/14/2016 04:00:00 PM,130,97,33
07/14/2016 05:00:00 PM,185,129,56
07/14/2016 06:00:00 PM,106,67,39
07/14/2016 07:00:00 PM,59,38,21
07/14/2016 08:00:00 PM,27,18,9
07/14/2016 09:00:00 PM,25,10,15
07/14/2016 10:00:00 PM,7,0,7
07/14/2016 11:00:00 PM,7,3,4
07/15/2016 12:00:00 AM,7,5,2
07/15/2016 01:00:00 AM,1,0,1
07/15/2016 02:00:00 AM,4,1,3
07/15/2016 03:00:00 AM,1,0,1
07/15/2016 04:00:00 AM,0,0,0
07/15/2016 05:00:00 AM,6,2,4
07/15/2016 06:00:00 AM,27,15,12
07/15/2016 07:00:00 AM,74,37,37
07/15/2016 08:00:00 AM,124,86,38
07/15/2016 09:00:00 AM,61,22,39
07/15/2016 10:00:00 AM,31,16,15
07/15/2016 11:00:00 AM,38,20,18
07/15/2016 12:00:00 PM,42,21,21
07/15/2016 01:00:00 PM,43,25,18
07/15/2016 02:00:00 PM,51,30,21
07/15/2016 03:00:00 PM,72,44,28
07/15/2016 04:00:00 PM,155,108,47
07/15/2016 05:00:00 PM,144,106,38
07/15/2016 06:00:00 PM,80,58,22
07/15/2016 07:00:00 PM,24,13,11
07/15/2016 08:00:00 PM,21,9,12
07/15/2016 09:00:00 PM,20,9,11
07/15/2016 10:00:00 PM,21,10,11
07/15/2016 11:00:00 PM,3,1,2
07/16/2016 12:00:00 AM,7,4,3
07/16/2016 01:00:00 AM,3,2,1
07/16/2016 02:00:00 AM,0,0,0
07/16/2016 03:00:00 AM,4,3,1
07/16/2016 04:00:00 AM,2,2,0
07/16/2016 05:00:00 AM,2,1,1
07/16/2016 06:00:00 AM,0,0,0
07/16/2016 07:00:00 AM,5,4,1
07/16/2016 08:00:00 AM,16,9,7
07/16/2016 09:00:00 AM,17,14,3
07/16/2016 10:00:00 AM,18,12,6
07/16/2016 11:00:00 AM,24,21,3
07/16/2016 12:00:00 PM,42,32,10
07/16/2016 01:00:00 PM,27,15,12
07/16/2016 02:00:00 PM,37,26,11
07/16/2016 03:00:00 PM,42,30,12
07/16/2016 04:00:00 PM,36,20,16
07/16/2016 05:00:00 PM,39,21,18
07/16/2016 06:00:00 PM,29,13,16
07/16/2016 07:00:00 PM,19,7,12
07/16/2016 08:00:00 PM,12,7,5
07/16/2016 09:00:00 PM,16,10,6
07/16/2016 10:00:00 PM,9,6,3
07/16/2016 11:00:00 PM,5,2,3
07/17/2016 12:00:00 AM,4,3,1
07/17/2016 01:00:00 AM,2,1,1
07/17/2016 02:00:00 AM,2,2,0
07/17/2016 03:00:00 AM,4,2,2
07/17/2016 04:00:00 AM,1,1,0
07/17/2016 05:00:00 AM,2,0,2
07/17/2016 06:00:00 AM,8,6,2
07/17/2016 07:00:00 AM,5,3,2
07/17/2016 08:00:00 AM,8,6,2
07/17/2016 09:00:00 AM,9,7,2
07/17/2016 10:00:00 AM,18,13,5
07/17/2016 11:00:00 AM,22,16,6
07/17/2016 12:00:00 PM,46,37,9
07/17/2016 01:00:00 PM,25,18,7
07/17/2016 02:00:00 PM,29,19,10
07/17/2016 03:00:00 PM,42,26,16
07/17/2016 04:00:00 PM,42,19,23
07/17/2016 05:00:00 PM,22,7,15
07/17/2016 06:00:00 PM,17,9,8
07/17/2016 07:00:00 PM,13,6,7
07/17/2016 08:00:00 PM,11,8,3
07/17/2016 09:00:00 PM,9,3,6
07/17/2016 10:00:00 PM,7,1,6
07/17/2016 11:00:00 PM,1,0,1
07/18/2016 12:00:00 AM,6,3,3
07/18/2016 01:00:00 AM,0,0,0
07/18/2016 02:00:00 AM,0,0,0
07/18/2016 03:00:00 AM,0,0,0
07/18/2016 04:00:00 AM,2,1,1
07/18/2016 05:00:00 AM,16,7,9
07/18/2016 06:00:00 AM,33,18,15
07/18/2016 07:00:00 AM,106,61,45
07/18/2016 08:00:00 AM,136,86,50
07/18/2016 09:00:00 AM,71,36,35
07/18/2016 10:00:00 AM,28,13,15
07/18/2016 11:00:00 AM,25,11,14
07/18/2016 12:00:00 PM,34,16,18
07/18/2016 01:00:00 PM,19,13,6
07/18/2016 02:00:00 PM,25,18,7
07/18/2016 03:00:00 PM,62,36,26
07/18/2016 04:00:00 PM,134,96,38
07/18/2016 05:00:00 PM,189,133,56
07/18/2016 06:00:00 PM,92,60,32
07/18/2016 07:00:00 PM,36,20,16
07/18/2016 08:00:00 PM,14,10,4
07/18/2016 09:00:00 PM,15,9,6
07/18/2016 10:00:00 PM,15,7,8
07/18/2016 11:00:00 PM,5,2,3
07/19/2016 12:00:00 AM,1,1,0
07/19/2016 01:00:00 AM,0,0,0
07/19/2016 02:00:00 AM,2,0,2
07/19/2016 03:00:00 AM,1,0,1
07/19/2016 04:00:00 AM,1,1,0
07/19/2016 05:00:00 AM,16,5,11
07/19/2016 06:00:00 AM,35,16,19
07/19/2016 07:00:00 AM,99,59,40
07/19/2016 08:00:00 AM,146,94,52
07/19/2016 09:00:00 AM,66,34,32
07/19/2016 10:00:00 AM,27,12,15
07/19/2016 11:00:00 AM,38,14,24
07/19/2016 12:00:00 PM,38,14,24
07/19/2016 01:00:00 PM,35,16,19
07/19/2016 02:00:00 PM,25,14,11
07/19/2016 03:00:00 PM,58,37,21
07/19/2016 04:00:00 PM,127,94,33
07/19/2016 05:00:00 PM,224,148,76
07/19/2016 06:00:00 PM,109,75,34
07/19/2016 07:00:00 PM,46,29,17
07/19/2016 08:00:00 PM,31,19,12
07/19/2016 09:00:00 PM,16,7,9
07/19/2016 10:00:00 PM,22,3,19
07/19/2016 11:00:00 PM,6,3,3
07/20/2016 12:00:00 AM,4,2,2
07/20/2016 01:00:00 AM,3,1,2
07/20/2016 02:00:00 AM,2,0,2
07/20/2016 03:00:00 AM,2,1,1
07/20/2016 04:00:00 AM,2,1,1
07/20/2016 05:00:00 AM,23,7,16
07/20/2016 06:00:00 AM,37,21,16
07/20/2016 07:00:00 AM,90,54,36
07/20/2016 08:00:00 AM,148,80,68
07/20/2016 09:00:00 AM,88,50,38
07/20/2016 10:00:00 AM,39,18,21
07/20/2016 11:00:00 AM,28,12,16
07/20/2016 12:00:00 PM,70,44,26
07/20/2016 01:00:00 PM,27,13,14
07/20/2016 02:00:00 PM,32,22,10
07/20/2016 03:00:00 PM,56,37,19
07/20/2016 04:00:00 PM,114,81,33
07/20/2016 05:00:00 PM,225,160,65
07/20/2016 06:00:00 PM,115,78,37
07/20/2016 07:00:00 PM,38,23,15
07/20/2016 08:00:00 PM,25,14,11
07/20/2016 09:00:00 PM,20,11,9
07/20/2016 10:00:00 PM,16,7,9
07/20/2016 11:00:00 PM,4,1,3
07/21/2016 12:00:00 AM,1,1,0
07/21/2016 01:00:00 AM,0,0,0
07/21/2016 02:00:00 AM,2,2,0
07/21/2016 03:00:00 AM,1,1,0
07/21/2016 04:00:00 AM,6,1,5
07/21/2016 05:00:00 AM,10,3,7
07/21/2016 06:00:00 AM,38,18,20
07/21/2016 07:00:00 AM,92,52,40
07/21/2016 08:00:00 AM,139,87,52
07/21/2016 09:00:00 AM,78,39,39
07/21/2016 10:00:00 AM,35,18,17
07/21/2016 11:00:00 AM,44,26,18
07/21/2016 12:00:00 PM,53,33,20
07/21/2016 01:00:00 PM,44,21,23
07/21/2016 02:00:00 PM,36,19,17
07/21/2016 03:00:00 PM,63,42,21
07/21/2016 04:00:00 PM,151,108,43
07/21/2016 05:00:00 PM,185,119,66
07/21/2016 06:00:00 PM,107,73,34
07/21/2016 07:00:00 PM,46,32,14
07/21/2016 08:00:00 PM,27,18,9
07/21/2016 09:00:00 PM,17,7,10
07/21/2016 10:00:00 PM,11,6,5
07/21/2016 11:00:00 PM,9,5,4
07/22/2016 12:00:00 AM,3,2,1
07/22/2016 01:00:00 AM,3,2,1
07/22/2016 02:00:00 AM,0,0,0
07/22/2016 03:00:00 AM,1,0,1
07/22/2016 04:00:00 AM,1,0,1
07/22/2016 05:00:00 AM,3,1,2
07/22/2016 06:00:00 AM,17,11,6
07/22/2016 07:00:00 AM,29,18,11
07/22/2016 08:00:00 AM,48,29,19
07/22/2016 09:00:00 AM,42,23,19
07/22/2016 10:00:00 AM,43,15,28
07/22/2016 11:00:00 AM,36,22,14
07/22/2016 12:00:00 PM,30,14,16
07/22/2016 01:00:00 PM,38,18,20
07/22/2016 02:00:00 PM,28,14,14
07/22/2016 03:00:00 PM,45,28,17
07/22/2016 04:00:00 PM,68,37,31
07/22/2016 05:00:00 PM,82,53,29
07/22/2016 06:00:00 PM,44,21,23
07/22/2016 07:00:00 PM,26,18,8
07/22/2016 08:00:00 PM,23,15,8
07/22/2016 09:00:00 PM,7,4,3
07/22/2016 10:00:00 PM,5,2,3
07/22/2016 11:00:00 PM,3,1,2
07/23/2016 12:00:00 AM,2,1,1
07/23/2016 01:00:00 AM,2,2,0
07/23/2016 02:00:00 AM,2,1,1
07/23/2016 03:00:00 AM,2,1,1
07/23/2016 04:00:00 AM,2,1,1
07/23/2016 05:00:00 AM,2,2,0
07/23/2016 06:00:00 AM,2,2,0
07/23/2016 07:00:00 AM,3,2,1
07/23/2016 08:00:00 AM,12,5,7
07/23/2016 09:00:00 AM,22,15,7
07/23/2016 10:00:00 AM,14,11,3
07/23/2016 11:00:00 AM,26,20,6
07/23/2016 12:00:00 PM,21,11,10
07/23/2016 01:00:00 PM,45,20,25
07/23/2016 02:00:00 PM,28,17,11
07/23/2016 03:00:00 PM,53,27,26
07/23/2016 04:00:00 PM,34,21,13
07/23/2016 05:00:00 PM,32,21,11
07/23/2016 06:00:00 PM,32,17,15
07/23/2016 07:00:00 PM,23,9,14
07/23/2016 08:00:00 PM,31,19,12
07/23/2016 09:00:00 PM,14,8,6
07/23/2016 10:00:00 PM,7,1,6
07/23/2016 11:00:00 PM,13,6,7
07/24/2016 12:00:00 AM,6,2,4
07/24/2016 01:00:00 AM,0,0,0
07/24/2016 02:00:00 AM,1,0,1
07/24/2016 03:00:00 AM,0,0,0
07/24/2016 04:00:00 AM,2,1,1
07/24/2016 05:00:00 AM,4,4,0
07/24/2016 06:00:00 AM,1,1,0
07/24/2016 07:00:00 AM,7,5,2
07/24/2016 08:00:00 AM,14,10,4
07/24/2016 09:00:00 AM,17,9,8
07/24/2016 10:00:00 AM,25,15,10
07/24/2016 11:00:00 AM,29,20,9
07/24/2016 12:00:00 PM,40,18,22
07/24/2016 01:00:00 PM,30,10,20
07/24/2016 02:00:00 PM,40,23,17
07/24/2016 03:00:00 PM,26,15,11
07/24/2016 04:00:00 PM,32,12,20
07/24/2016 05:00:00 PM,24,15,9
07/24/2016 06:00:00 PM,23,10,13
07/24/2016 07:00:00 PM,30,11,19
07/24/2016 08:00:00 PM,11,5,6
07/24/2016 09:00:00 PM,19,6,13
07/24/2016 10:00:00 PM,3,1,2
07/24/2016 11:00:00 PM,0,0,0
07/25/2016 12:00:00 AM,3,3,0
07/25/2016 01:00:00 AM,0,0,0
07/25/2016 02:00:00 AM,3,1,2
07/25/2016 03:00:00 AM,1,0,1
07/25/2016 04:00:00 AM,2,0,2
07/25/2016 05:00:00 AM,6,4,2
07/25/2016 06:00:00 AM,26,10,16
07/25/2016 07:00:00 AM,111,68,43
07/25/2016 08:00:00 AM,123,68,55
07/25/2016 09:00:00 AM,81,35,46
07/25/2016 10:00:00 AM,27,11,16
07/25/2016 11:00:00 AM,30,18,12
07/25/2016 12:00:00 PM,39,24,15
07/25/2016 01:00:00 PM,34,20,14
07/25/2016 02:00:00 PM,30,14,16
07/25/2016 03:00:00 PM,62,43,19
07/25/2016 04:00:00 PM,145,110,35
07/25/2016 05:00:00 PM,204,135,69
07/25/2016 06:00:00 PM,112,77,35
07/25/2016 07:00:00 PM,31,17,14
07/25/2016 08:00:00 PM,23,16,7
07/25/2016 09:00:00 PM,17,12,5
07/25/2016 10:00:00 PM,11,9,2
07/25/2016 11:00:00 PM,6,5,1
07/26/2016 12:00:00 AM,6,4,2
07/26/2016 01:00:00 AM,3,2,1
07/26/2016 02:00:00 AM,0,0,0
07/26/2016 03:00:00 AM,0,0,0
07/26/2016 04:00:00 AM,2,1,1
07/26/2016 05:00:00 AM,9,4,5
07/26/2016 06:00:00 AM,32,12,20
07/26/2016 07:00:00 AM,109,60,49
07/26/2016 08:00:00 AM,144,79,65
07/26/2016 09:00:00 AM,82,36,46
07/26/2016 10:00:00 AM,36,12,24
07/26/2016 11:00:00 AM,33,16,17
07/26/2016 12:00:00 PM,31,19,12
07/26/2016 01:00:00 PM,32,23,9
07/26/2016 02:00:00 PM,40,27,13
07/26/2016 03:00:00 PM,46,28,18
07/26/2016 04:00:00 PM,169,111,58
07/26/2016 05:00:00 PM,222,154,68
07/26/2016 06:00:00 PM,113,69,44
07/26/2016 07:00:00 PM,51,30,21
07/26/2016 08:00:00 PM,29,17,12
07/26/2016 09:00:00 PM,11,4,7
07/26/2016 10:00:00 PM,10,9,1
07/26/2016 11:00:00 PM,6,3,3
07/27/2016 12:00:00 AM,6,5,1
07/27/2016 01:00:00 AM,1,1,0
07/27/2016 02:00:00 AM,2,1,1
07/27/2016 03:00:00 AM,2,1,1
07/27/2016 04:00:00 AM,1,0,1
07/27/2016 05:00:00 AM,9,4,5
07/27/2016 06:00:00 AM,34,19,15
07/27/2016 07:00:00 AM,98,61,37
07/27/2016 08:00:00 AM,154,89,65
07/27/2016 09:00:00 AM,72,39,33
07/27/2016 10:00:00 AM,39,17,22
07/27/2016 11:00:00 AM,34,19,15
07/27/2016 12:00:00 PM,46,24,22
07/27/2016 01:00:00 PM,47,26,21
07/27/2016 02:00:00 PM,45,26,19
07/27/2016 03:00:00 PM,71,44,27
07/27/2016 04:00:00 PM,136,97,39
07/27/2016 05:00:00 PM,198,131,67
07/27/2016 06:00:00 PM,113,81,32
07/27/2016 07:00:00 PM,40,30,10
07/27/2016 08:00:00 PM,33,16,17
07/27/2016 09:00:00 PM,11,8,3
07/27/2016 10:00:00 PM,13,6,7
07/27/2016 11:00:00 PM,2,0,2
07/28/2016 12:00:00 AM,3,1,2
07/28/2016 01:00:00 AM,1,1,0
07/28/2016 02:00:00 AM,2,2,0
07/28/2016 03:00:00 AM,0,0,0
07/28/2016 04:00:00 AM,2,0,2
07/28/2016 05:00:00 AM,8,3,5
07/28/2016 06:00:00 AM,31,13,18
07/28/2016 07:00:00 AM,96,62,34
07/28/2016 08:00:00 AM,122,65,57
07/28/2016 09:00:00 AM,68,39,29
07/28/2016 10:00:00 AM,43,22,21
07/28/2016 11:00:00 AM,39,24,15
07/28/2016 12:00:00 PM,43,23,20
07/28/2016 01:00:00 PM,36,17,19
07/28/2016 02:00:00 PM,43,23,20
07/28/2016 03:00:00 PM,72,40,32
07/28/2016 04:00:00 PM,144,107,37
07/28/2016 05:00:00 PM,190,134,56
07/28/2016 06:00:00 PM,126,79,47
07/28/2016 07:00:00 PM,65,45,20
07/28/2016 08:00:00 PM,31,26,5
07/28/2016 09:00:00 PM,17,12,5
07/28/2016 10:00:00 PM,11,7,4
07/28/2016 11:00:00 PM,12,7,5
07/29/2016 12:00:00 AM,6,1,5
07/29/2016 01:00:00 AM,3,3,0
07/29/2016 02:00:00 AM,4,3,1
07/29/2016 03:00:00 AM,0,0,0
07/29/2016 04:00:00 AM,1,0,1
07/29/2016 05:00:00 AM,5,1,4
07/29/2016 06:00:00 AM,26,15,11
07/29/2016 07:00:00 AM,100,57,43
07/29/2016 08:00:00 AM,117,75,42
07/29/2016 09:00:00 AM,71,32,39
07/29/2016 10:00:00 AM,42,23,19
07/29/2016 11:00:00 AM,32,19,13
07/29/2016 12:00:00 PM,43,27,16
07/29/2016 01:00:00 PM,47,30,17
07/29/2016 02:00:00 PM,48,31,17
07/29/2016 03:00:00 PM,61,33,28
07/29/2016 04:00:00 PM,131,101,30
07/29/2016 05:00:00 PM,157,101,56
07/29/2016 06:00:00 PM,86,55,31
07/29/2016 07:00:00 PM,41,20,21
07/29/2016 08:00:00 PM,17,9,8
07/29/2016 09:00:00 PM,14,7,7
07/29/2016 10:00:00 PM,7,4,3
07/29/2016 11:00:00 PM,3,2,1
07/30/2016 12:00:00 AM,6,6,0
07/30/2016 01:00:00 AM,2,2,0
07/30/2016 02:00:00 AM,2,0,2
07/30/2016 03:00:00 AM,1,0,1
07/30/2016 04:00:00 AM,1,0,1
07/30/2016 05:00:00 AM,1,1,0
07/30/2016 06:00:00 AM,7,4,3
07/30/2016 07:00:00 AM,14,11,3
07/30/2016 08:00:00 AM,23,14,9
07/30/2016 09:00:00 AM,20,8,12
07/30/2016 10:00:00 AM,23,19,4
07/30/2016 11:00:00 AM,29,20,9
07/30/2016 12:00:00 PM,46,26,20
07/30/2016 01:00:00 PM,53,26,27
07/30/2016 02:00:00 PM,28,15,13
07/30/2016 03:00:00 PM,47,16,31
07/30/2016 04:00:00 PM,36,17,19
07/30/2016 05:00:00 PM,37,18,19
07/30/2016 06:00:00 PM,35,17,18
07/30/2016 07:00:00 PM,16,7,9
07/30/2016 08:00:00 PM,12,5,7
07/30/2016 09:00:00 PM,12,6,6
07/30/2016 10:00:00 PM,28,18,10
07/30/2016 11:00:00 PM,6,2,4
07/31/2016 12:00:00 AM,3,2,1
07/31/2016 01:00:00 AM,0,0,0
07/31/2016 02:00:00 AM,3,1,2
07/31/2016 03:00:00 AM,0,0,0
07/31/2016 04:00:00 AM,1,1,0
07/31/2016 05:00:00 AM,2,1,1
07/31/2016 06:00:00 AM,8,6,2
07/31/2016 07:00:00 AM,6,4,2
07/31/2016 08:00:00 AM,7,7,0
07/31/2016 09:00:00 AM,12,6,6
07/31/2016 10:00:00 AM,18,9,9
07/31/2016 11:00:00 AM,38,26,12
07/31/2016 12:00:00 PM,80,66,14
07/31/2016 01:00:00 PM,31,23,8
07/31/2016 02:00:00 PM,21,12,9
07/31/2016 03:00:00 PM,57,15,42
07/31/2016 04:00:00 PM,21,8,13
07/31/2016 05:00:00 PM,26,14,12
07/31/2016 06:00:00 PM,21,13,8
07/31/2016 07:00:00 PM,13,6,7
07/31/2016 08:00:00 PM,12,8,4
07/31/2016 09:00:00 PM,10,4,6
07/31/2016 10:00:00 PM,8,5,3
07/31/2016 11:00:00 PM,2,1,1
08/01/2016 12:00:00 AM,3,2,1
08/01/2016 01:00:00 AM,1,1,0
08/01/2016 02:00:00 AM,3,2,1
08/01/2016 03:00:00 AM,0,0,0
08/01/2016 04:00:00 AM,2,1,1
08/01/2016 05:00:00 AM,13,8,5
08/01/2016 06:00:00 AM,26,14,12
08/01/2016 07:00:00 AM,92,59,33
08/01/2016 08:00:00 AM,124,79,45
08/01/2016 09:00:00 AM,78,40,38
08/01/2016 10:00:00 AM,30,7,23
08/01/2016 11:00:00 AM,33,17,16
08/01/2016 12:00:00 PM,39,20,19
08/01/2016 01:00:00 PM,31,11,20
08/01/2016 02:00:00 PM,33,21,12
08/01/2016 03:00:00 PM,45,31,14
08/01/2016 04:00:00 PM,146,99,47
08/01/2016 05:00:00 PM,193,143,50
08/01/2016 06:00:00 PM,120,80,40
08/01/2016 07:00:00 PM,44,31,13
08/01/2016 08:00:00 PM,26,13,13
08/01/2016 09:00:00 PM,16,8,8
08/01/2016 10:00:00 PM,15,4,11
08/01/2016 11:00:00 PM,6,3,3
08/02/2016 12:00:00 AM,5,2,3
08/02/2016 01:00:00 AM,1,0,1
08/02/2016 02:00:00 AM,0,0,0
08/02/2016 03:00:00 AM,0,0,0
08/02/2016 04:00:00 AM,1,0,1
08/02/2016 05:00:00 AM,8,4,4
08/02/2016 06:00:00 AM,32,9,23
08/02/2016 07:00:00 AM,57,35,22
08/02/2016 08:00:00 AM,129,76,53
08/02/2016 09:00:00 AM,61,30,31
08/02/2016 10:00:00 AM,26,9,17
08/02/2016 11:00:00 AM,30,11,19
08/02/2016 12:00:00 PM,40,17,23
08/02/2016 01:00:00 PM,33,19,14
08/02/2016 02:00:00 PM,27,16,11
08/02/2016 03:00:00 PM,39,21,18
08/02/2016 04:00:00 PM,126,88,38
08/02/2016 05:00:00 PM,188,133,55
08/02/2016 06:00:00 PM,112,70,42
08/02/2016 07:00:00 PM,40,22,18
08/02/2016 08:00:00 PM,15,10,5
08/02/2016 09:00:00 PM,14,4,10
08/02/2016 10:00:00 PM,19,7,12
08/02/2016 11:00:00 PM,10,7,3
08/03/2016 12:00:00 AM,3,2,1
08/03/2016 01:00:00 AM,1,0,1
08/03/2016 02:00:00 AM,3,3,0
08/03/2016 03:00:00 AM,1,0,1
08/03/2016 04:00:00 AM,1,0,1
08/03/2016 05:00:00 AM,6,2,4
08/03/2016 06:00:00 AM,37,16,21
08/03/2016 07:00:00 AM,88,54,34
08/03/2016 08:00:00 AM,141,88,53
08/03/2016 09:00:00 AM,80,45,35
08/03/2016 10:00:00 AM,29,15,14
08/03/2016 11:00:00 AM,33,25,8
08/03/2016 12:00:00 PM,44,21,23
08/03/2016 01:00:00 PM,40,22,18
08/03/2016 02:00:00 PM,46,21,25
08/03/2016 03:00:00 PM,61,41,20
08/03/2016 04:00:00 PM,137,95,42
08/03/2016 05:00:00 PM,197,133,64
08/03/2016 06:00:00 PM,113,78,35
08/03/2016 07:00:00 PM,56,35,21
08/03/2016 08:00:00 PM,27,18,9
08/03/2016 09:00:00 PM,27,11,16
08/03/2016 10:00:00 PM,15,4,11
08/03/2016 11:00:00 PM,4,1,3
08/04/2016 12:00:00 AM,2,2,0
08/04/2016 01:00:00 AM,0,0,0
08/04/2016 02:00:00 AM,0,0,0
08/04/2016 03:00:00 AM,2,0,2
08/04/2016 04:00:00 AM,0,0,0
08/04/2016 05:00:00 AM,8,2,6
08/04/2016 06:00:00 AM,36,14,22
08/04/2016 07:00:00 AM,102,65,37
08/04/2016 08:00:00 AM,120,77,43
08/04/2016 09:00:00 AM,85,42,43
08/04/2016 10:00:00 AM,41,24,17
08/04/2016 11:00:00 AM,41,26,15
08/04/2016 12:00:00 PM,45,24,21
08/04/2016 01:00:00 PM,47,26,21
08/04/2016 02:00:00 PM,52,30,22
08/04/2016 03:00:00 PM,75,48,27
08/04/2016 04:00:00 PM,139,104,35
08/04/2016 05:00:00 PM,207,147,60
08/04/2016 06:00:00 PM,137,101,36
08/04/2016 07:00:00 PM,52,34,18
08/04/2016 08:00:00 PM,43,26,17
08/04/2016 09:00:00 PM,24,9,15
08/04/2016 10:00:00 PM,17,6,11
08/04/2016 11:00:00 PM,18,3,15
08/05/2016 12:00:00 AM,6,1,5
08/05/2016 01:00:00 AM,1,0,1
08/05/2016 02:00:00 AM,1,0,1
08/05/2016 03:00:00 AM,0,0,0
08/05/2016 04:00:00 AM,0,0,0
08/05/2016 05:00:00 AM,5,4,1
08/05/2016 06:00:00 AM,24,10,14
08/05/2016 07:00:00 AM,79,45,34
08/05/2016 08:00:00 AM,121,70,51
08/05/2016 09:00:00 AM,72,36,36
08/05/2016 10:00:00 AM,36,18,18
08/05/2016 11:00:00 AM,43,25,18
08/05/2016 12:00:00 PM,39,17,22
08/05/2016 01:00:00 PM,63,34,29
08/05/2016 02:00:00 PM,61,36,25
08/05/2016 03:00:00 PM,68,46,22
08/05/2016 04:00:00 PM,139,94,45
08/05/2016 05:00:00 PM,149,96,53
08/05/2016 06:00:00 PM,90,64,26
08/05/2016 07:00:00 PM,26,9,17
08/05/2016 08:00:00 PM,16,8,8
08/05/2016 09:00:00 PM,10,5,5
08/05/2016 10:00:00 PM,16,4,12
08/05/2016 11:00:00 PM,4,0,4
08/06/2016 12:00:00 AM,3,0,3
08/06/2016 01:00:00 AM,3,1,2
08/06/2016 02:00:00 AM,3,1,2
08/06/2016 03:00:00 AM,1,1,0
08/06/2016 04:00:00 AM,0,0,0
08/06/2016 05:00:00 AM,3,2,1
08/06/2016 06:00:00 AM,2,2,0
08/06/2016 07:00:00 AM,9,6,3
08/06/2016 08:00:00 AM,26,19,7
08/06/2016 09:00:00 AM,11,9,2
08/06/2016 10:00:00 AM,18,9,9
08/06/2016 11:00:00 AM,26,17,9
08/06/2016 12:00:00 PM,51,42,9
08/06/2016 01:00:00 PM,34,18,16
08/06/2016 02:00:00 PM,31,18,13
08/06/2016 03:00:00 PM,32,19,13
08/06/2016 04:00:00 PM,39,17,22
08/06/2016 05:00:00 PM,28,18,10
08/06/2016 06:00:00 PM,24,14,10
08/06/2016 07:00:00 PM,27,18,9
08/06/2016 08:00:00 PM,24,10,14
08/06/2016 09:00:00 PM,9,2,7
08/06/2016 10:00:00 PM,14,6,8
08/06/2016 11:00:00 PM,22,10,12
08/07/2016 12:00:00 AM,11,4,7
08/07/2016 01:00:00 AM,5,0,5
08/07/2016 02:00:00 AM,6,3,3
08/07/2016 03:00:00 AM,0,0,0
08/07/2016 04:00:00 AM,3,1,2
08/07/2016 05:00:00 AM,1,0,1
08/07/2016 06:00:00 AM,3,2,1
08/07/2016 07:00:00 AM,6,4,2
08/07/2016 08:00:00 AM,8,5,3
08/07/2016 09:00:00 AM,12,8,4
08/07/2016 10:00:00 AM,17,6,11
08/07/2016 11:00:00 AM,20,12,8
08/07/2016 12:00:00 PM,30,23,7
08/07/2016 01:00:00 PM,37,27,10
08/07/2016 02:00:00 PM,31,9,22
08/07/2016 03:00:00 PM,27,15,12
08/07/2016 04:00:00 PM,22,7,15
08/07/2016 05:00:00 PM,31,12,19
08/07/2016 06:00:00 PM,10,5,5
08/07/2016 07:00:00 PM,8,3,5
08/07/2016 08:00:00 PM,4,0,4
08/07/2016 09:00:00 PM,3,2,1
08/07/2016 10:00:00 PM,3,2,1
08/07/2016 11:00:00 PM,3,1,2
08/08/2016 12:00:00 AM,2,2,0
08/08/2016 01:00:00 AM,0,0,0
08/08/2016 02:00:00 AM,1,0,1
08/08/2016 03:00:00 AM,1,0,1
08/08/2016 04:00:00 AM,0,0,0
08/08/2016 05:00:00 AM,8,5,3
08/08/2016 06:00:00 AM,26,8,18
08/08/2016 07:00:00 AM,79,42,37
08/08/2016 08:00:00 AM,121,67,54
08/08/2016 09:00:00 AM,63,32,31
08/08/2016 10:00:00 AM,22,9,13
08/08/2016 11:00:00 AM,22,12,10
08/08/2016 12:00:00 PM,40,21,19
08/08/2016 01:00:00 PM,26,11,15
08/08/2016 02:00:00 PM,31,18,13
08/08/2016 03:00:00 PM,36,27,9
08/08/2016 04:00:00 PM,117,80,37
08/08/2016 05:00:00 PM,197,134,63
08/08/2016 06:00:00 PM,99,65,34
08/08/2016 07:00:00 PM,41,27,14
08/08/2016 08:00:00 PM,19,12,7
08/08/2016 09:00:00 PM,6,3,3
08/08/2016 10:00:00 PM,10,3,7
08/08/2016 11:00:00 PM,8,7,1
08/09/2016 12:00:00 AM,1,1,0
08/09/2016 01:00:00 AM,3,1,2
08/09/2016 02:00:00 AM,0,0,0
08/09/2016 03:00:00 AM,1,0,1
08/09/2016 04:00:00 AM,0,0,0
08/09/2016 05:00:00 AM,10,5,5
08/09/2016 06:00:00 AM,43,18,25
08/09/2016 07:00:00 AM,90,47,43
08/09/2016 08:00:00 AM,127,85,42
08/09/2016 09:00:00 AM,75,33,42
08/09/2016 10:00:00 AM,31,21,10
08/09/2016 11:00:00 AM,34,19,15
08/09/2016 12:00:00 PM,44,20,24
08/09/2016 01:00:00 PM,38,19,19
08/09/2016 02:00:00 PM,29,15,14
08/09/2016 03:00:00 PM,99,39,60
08/09/2016 04:00:00 PM,150,101,49
08/09/2016 05:00:00 PM,205,139,66
08/09/2016 06:00:00 PM,127,80,47
08/09/2016 07:00:00 PM,47,26,21
08/09/2016 08:00:00 PM,32,27,5
08/09/2016 09:00:00 PM,10,8,2
08/09/2016 10:00:00 PM,10,7,3
08/09/2016 11:00:00 PM,8,4,4
08/10/2016 12:00:00 AM,7,4,3
08/10/2016 01:00:00 AM,0,0,0
08/10/2016 02:00:00 AM,2,0,2
08/10/2016 03:00:00 AM,2,0,2
08/10/2016 04:00:00 AM,0,0,0
08/10/2016 05:00:00 AM,9,4,5
08/10/2016 06:00:00 AM,47,21,26
08/10/2016 07:00:00 AM,85,42,43
08/10/2016 08:00:00 AM,137,81,56
08/10/2016 09:00:00 AM,91,45,46
08/10/2016 10:00:00 AM,32,17,15
08/10/2016 11:00:00 AM,31,17,14
08/10/2016 12:00:00 PM,45,15,30
08/10/2016 01:00:00 PM,33,15,18
08/10/2016 02:00:00 PM,33,22,11
08/10/2016 03:00:00 PM,63,39,24
08/10/2016 04:00:00 PM,151,101,50
08/10/2016 05:00:00 PM,226,163,63
08/10/2016 06:00:00 PM,118,70,48
08/10/2016 07:00:00 PM,40,19,21
08/10/2016 08:00:00 PM,25,17,8
08/10/2016 09:00:00 PM,11,7,4
08/10/2016 10:00:00 PM,19,5,14
08/10/2016 11:00:00 PM,10,3,7
08/11/2016 12:00:00 AM,3,2,1
08/11/2016 01:00:00 AM,5,3,2
08/11/2016 02:00:00 AM,3,2,1
08/11/2016 03:00:00 AM,1,0,1
08/11/2016 04:00:00 AM,0,0,0
08/11/2016 05:00:00 AM,9,4,5
08/11/2016 06:00:00 AM,35,13,22
08/11/2016 07:00:00 AM,85,45,40
08/11/2016 08:00:00 AM,138,89,49
08/11/2016 09:00:00 AM,59,33,26
08/11/2016 10:00:00 AM,33,12,21
08/11/2016 11:00:00 AM,46,22,24
08/11/2016 12:00:00 PM,39,24,15
08/11/2016 01:00:00 PM,53,27,26
08/11/2016 02:00:00 PM,44,19,25
08/11/2016 03:00:00 PM,68,44,24
08/11/2016 04:00:00 PM,143,104,39
08/11/2016 05:00:00 PM,187,137,50
08/11/2016 06:00:00 PM,118,81,37
08/11/2016 07:00:00 PM,37,23,14
08/11/2016 08:00:00 PM,19,15,4
08/11/2016 09:00:00 PM,21,12,9
08/11/2016 10:00:00 PM,6,4,2
08/11/2016 11:00:00 PM,6,2,4
08/12/2016 12:00:00 AM,3,2,1
08/12/2016 01:00:00 AM,0,0,0
08/12/2016 02:00:00 AM,1,0,1
08/12/2016 03:00:00 AM,0,0,0
08/12/2016 04:00:00 AM,0,0,0
08/12/2016 05:00:00 AM,6,3,3
08/12/2016 06:00:00 AM,30,16,14
08/12/2016 07:00:00 AM,85,46,39
08/12/2016 08:00:00 AM,117,63,54
08/12/2016 09:00:00 AM,74,37,37
08/12/2016 10:00:00 AM,37,16,21
08/12/2016 11:00:00 AM,36,17,19
08/12/2016 12:00:00 PM,39,23,16
08/12/2016 01:00:00 PM,41,22,19
08/12/2016 02:00:00 PM,38,23,15
08/12/2016 03:00:00 PM,75,47,28
08/12/2016 04:00:00 PM,122,88,34
08/12/2016 05:00:00 PM,160,106,54
08/12/2016 06:00:00 PM,69,43,26
08/12/2016 07:00:00 PM,49,28,21
08/12/2016 08:00:00 PM,29,8,21
08/12/2016 09:00:00 PM,12,8,4
08/12/2016 10:00:00 PM,6,3,3
08/12/2016 11:00:00 PM,8,4,4
08/13/2016 12:00:00 AM,10,5,5
08/13/2016 01:00:00 AM,6,3,3
08/13/2016 02:00:00 AM,3,2,1
08/13/2016 03:00:00 AM,1,0,1
08/13/2016 04:00:00 AM,0,0,0
08/13/2016 05:00:00 AM,1,1,0
08/13/2016 06:00:00 AM,1,1,0
08/13/2016 07:00:00 AM,9,7,2
08/13/2016 08:00:00 AM,7,2,5
08/13/2016 09:00:00 AM,6,4,2
08/13/2016 10:00:00 AM,25,16,9
08/13/2016 11:00:00 AM,20,18,2
08/13/2016 12:00:00 PM,19,15,4
08/13/2016 01:00:00 PM,16,11,5
08/13/2016 02:00:00 PM,30,21,9
08/13/2016 03:00:00 PM,21,16,5
08/13/2016 04:00:00 PM,17,15,2
08/13/2016 05:00:00 PM,16,13,3
08/13/2016 06:00:00 PM,20,11,9
08/13/2016 07:00:00 PM,16,6,10
08/13/2016 08:00:00 PM,8,5,3
08/13/2016 09:00:00 PM,5,1,4
08/13/2016 10:00:00 PM,11,5,6
08/13/2016 11:00:00 PM,2,1,1
08/14/2016 12:00:00 AM,2,1,1
08/14/2016 01:00:00 AM,3,2,1
08/14/2016 02:00:00 AM,2,1,1
08/14/2016 03:00:00 AM,0,0,0
08/14/2016 04:00:00 AM,0,0,0
08/14/2016 05:00:00 AM,0,0,0
08/14/2016 06:00:00 AM,5,2,3
08/14/2016 07:00:00 AM,5,3,2
08/14/2016 08:00:00 AM,10,7,3
08/14/2016 09:00:00 AM,7,4,3
08/14/2016 10:00:00 AM,9,4,5
08/14/2016 11:00:00 AM,15,13,2
08/14/2016 12:00:00 PM,32,18,14
08/14/2016 01:00:00 PM,32,17,15
08/14/2016 02:00:00 PM,31,23,8
08/14/2016 03:00:00 PM,46,39,7
08/14/2016 04:00:00 PM,36,24,12
08/14/2016 05:00:00 PM,24,12,12
08/14/2016 06:00:00 PM,52,12,40
08/14/2016 07:00:00 PM,11,6,5
08/14/2016 08:00:00 PM,11,8,3
08/14/2016 09:00:00 PM,8,4,4
08/14/2016 10:00:00 PM,7,4,3
08/14/2016 11:00:00 PM,6,2,4
08/15/2016 12:00:00 AM,3,3,0
08/15/2016 01:00:00 AM,2,2,0
08/15/2016 02:00:00 AM,0,0,0
08/15/2016 03:00:00 AM,0,0,0
08/15/2016 04:00:00 AM,1,1,0
08/15/2016 05:00:00 AM,11,5,6
08/15/2016 06:00:00 AM,40,18,22
08/15/2016 07:00:00 AM,90,45,45
08/15/2016 08:00:00 AM,124,68,56
08/15/2016 09:00:00 AM,92,47,45
08/15/2016 10:00:00 AM,30,15,15
08/15/2016 11:00:00 AM,24,12,12
08/15/2016 12:00:00 PM,35,22,13
08/15/2016 01:00:00 PM,29,18,11
08/15/2016 02:00:00 PM,38,17,21
08/15/2016 03:00:00 PM,62,32,30
08/15/2016 04:00:00 PM,122,85,37
08/15/2016 05:00:00 PM,212,143,69
08/15/2016 06:00:00 PM,107,67,40
08/15/2016 07:00:00 PM,45,25,20
08/15/2016 08:00:00 PM,17,13,4
08/15/2016 09:00:00 PM,18,11,7
08/15/2016 10:00:00 PM,9,3,6
08/15/2016 11:00:00 PM,1,1,0
08/16/2016 12:00:00 AM,1,1,0
08/16/2016 01:00:00 AM,0,0,0
08/16/2016 02:00:00 AM,0,0,0
08/16/2016 03:00:00 AM,1,1,0
08/16/2016 04:00:00 AM,0,0,0
08/16/2016 05:00:00 AM,13,7,6
08/16/2016 06:00:00 AM,45,19,26
08/16/2016 07:00:00 AM,116,70,46
08/16/2016 08:00:00 AM,148,89,59
08/16/2016 09:00:00 AM,90,51,39
08/16/2016 10:00:00 AM,34,18,16
08/16/2016 11:00:00 AM,39,23,16
08/16/2016 12:00:00 PM,51,18,33
08/16/2016 01:00:00 PM,40,21,19
08/16/2016 02:00:00 PM,41,20,21
08/16/2016 03:00:00 PM,54,31,23
08/16/2016 04:00:00 PM,133,84,49
08/16/2016 05:00:00 PM,196,127,69
08/16/2016 06:00:00 PM,116,83,33
08/16/2016 07:00:00 PM,51,31,20
08/16/2016 08:00:00 PM,21,12,9
08/16/2016 09:00:00 PM,20,10,10
08/16/2016 10:00:00 PM,11,6,5
08/16/2016 11:00:00 PM,6,3,3
08/17/2016 12:00:00 AM,4,3,1
08/17/2016 01:00:00 AM,0,0,0
08/17/2016 02:00:00 AM,0,0,0
08/17/2016 03:00:00 AM,3,1,2
08/17/2016 04:00:00 AM,2,1,1
08/17/2016 05:00:00 AM,16,6,10
08/17/2016 06:00:00 AM,39,20,19
08/17/2016 07:00:00 AM,94,54,40
08/17/2016 08:00:00 AM,163,98,65
08/17/2016 09:00:00 AM,80,42,38
08/17/2016 10:00:00 AM,34,13,21
08/17/2016 11:00:00 AM,36,22,14
08/17/2016 12:00:00 PM,46,27,19
08/17/2016 01:00:00 PM,47,19,28
08/17/2016 02:00:00 PM,45,25,20
08/17/2016 03:00:00 PM,56,33,23
08/17/2016 04:00:00 PM,152,105,47
08/17/2016 05:00:00 PM,210,138,72
08/17/2016 06:00:00 PM,97,65,32
08/17/2016 07:00:00 PM,40,28,12
08/17/2016 08:00:00 PM,14,5,9
08/17/2016 09:00:00 PM,9,4,5
08/17/2016 10:00:00 PM,7,3,4
08/17/2016 11:00:00 PM,6,2,4
08/18/2016 12:00:00 AM,4,4,0
08/18/2016 01:00:00 AM,1,0,1
08/18/2016 02:00:00 AM,0,0,0
08/18/2016 03:00:00 AM,1,0,1
08/18/2016 04:00:00 AM,1,1,0
08/18/2016 05:00:00 AM,10,5,5
08/18/2016 06:00:00 AM,31,15,16
08/18/2016 07:00:00 AM,99,54,45
08/18/2016 08:00:00 AM,124,79,45
08/18/2016 09:00:00 AM,81,44,37
08/18/2016 10:00:00 AM,47,27,20
08/18/2016 11:00:00 AM,37,23,14
08/18/2016 12:00:00 PM,39,18,21
08/18/2016 01:00:00 PM,45,24,21
08/18/2016 02:00:00 PM,51,27,24
08/18/2016 03:00:00 PM,58,37,21
08/18/2016 04:00:00 PM,122,84,38
08/18/2016 05:00:00 PM,174,126,48
08/18/2016 06:00:00 PM,138,97,41
08/18/2016 07:00:00 PM,42,27,15
08/18/2016 08:00:00 PM,21,15,6
08/18/2016 09:00:00 PM,17,9,8
08/18/2016 10:00:00 PM,19,10,9
08/18/2016 11:00:00 PM,6,3,3
08/19/2016 12:00:00 AM,2,2,0
08/19/2016 01:00:00 AM,1,0,1
08/19/2016 02:00:00 AM,0,0,0
08/19/2016 03:00:00 AM,2,1,1
08/19/2016 04:00:00 AM,1,1,0
08/19/2016 05:00:00 AM,7,5,2
08/19/2016 06:00:00 AM,30,14,16
08/19/2016 07:00:00 AM,81,43,38
08/19/2016 08:00:00 AM,138,88,50
08/19/2016 09:00:00 AM,65,36,29
08/19/2016 10:00:00 AM,36,19,17
08/19/2016 11:00:00 AM,31,20,11
08/19/2016 12:00:00 PM,37,20,17
08/19/2016 01:00:00 PM,30,11,19
08/19/2016 02:00:00 PM,60,34,26
08/19/2016 03:00:00 PM,67,39,28
08/19/2016 04:00:00 PM,119,75,44
08/19/2016 05:00:00 PM,129,94,35
08/19/2016 06:00:00 PM,105,72,33
08/19/2016 07:00:00 PM,37,20,17
08/19/2016 08:00:00 PM,25,12,13
08/19/2016 09:00:00 PM,18,13,5
08/19/2016 10:00:00 PM,8,3,5
08/19/2016 11:00:00 PM,9,2,7
08/20/2016 12:00:00 AM,5,1,4
08/20/2016 01:00:00 AM,1,1,0
08/20/2016 02:00:00 AM,4,3,1
08/20/2016 03:00:00 AM,0,0,0
08/20/2016 04:00:00 AM,0,0,0
08/20/2016 05:00:00 AM,3,3,0
08/20/2016 06:00:00 AM,3,1,2
08/20/2016 07:00:00 AM,7,4,3
08/20/2016 08:00:00 AM,10,8,2
08/20/2016 09:00:00 AM,14,10,4
08/20/2016 10:00:00 AM,23,11,12
08/20/2016 11:00:00 AM,21,16,5
08/20/2016 12:00:00 PM,31,22,9
08/20/2016 01:00:00 PM,28,13,15
08/20/2016 02:00:00 PM,20,13,7
08/20/2016 03:00:00 PM,28,17,11
08/20/2016 04:00:00 PM,20,14,6
08/20/2016 05:00:00 PM,18,15,3
08/20/2016 06:00:00 PM,14,10,4
08/20/2016 07:00:00 PM,26,8,18
08/20/2016 08:00:00 PM,13,4,9
08/20/2016 09:00:00 PM,17,5,12
08/20/2016 10:00:00 PM,12,8,4
08/20/2016 11:00:00 PM,3,0,3
08/21/2016 12:00:00 AM,2,2,0
08/21/2016 01:00:00 AM,4,3,1
08/21/2016 02:00:00 AM,2,2,0
08/21/2016 03:00:00 AM,1,0,1
08/21/2016 04:00:00 AM,0,0,0
08/21/2016 05:00:00 AM,1,0,1
08/21/2016 06:00:00 AM,3,1,2
08/21/2016 07:00:00 AM,5,2,3
08/21/2016 08:00:00 AM,10,7,3
08/21/2016 09:00:00 AM,11,10,1
08/21/2016 10:00:00 AM,13,4,9
08/21/2016 11:00:00 AM,23,15,8
08/21/2016 12:00:00 PM,44,30,14
08/21/2016 01:00:00 PM,28,16,12
08/21/2016 02:00:00 PM,26,15,11
08/21/2016 03:00:00 PM,26,18,8
08/21/2016 04:00:00 PM,34,17,17
08/21/2016 05:00:00 PM,54,39,15
08/21/2016 06:00:00 PM,45,31,14
08/21/2016 07:00:00 PM,27,16,11
08/21/2016 08:00:00 PM,25,7,18
08/21/2016 09:00:00 PM,38,8,30
08/21/2016 10:00:00 PM,8,3,5
08/21/2016 11:00:00 PM,4,1,3
08/22/2016 12:00:00 AM,1,1,0
08/22/2016 01:00:00 AM,0,0,0
08/22/2016 02:00:00 AM,1,0,1
08/22/2016 03:00:00 AM,1,0,1
08/22/2016 04:00:00 AM,2,1,1
08/22/2016 05:00:00 AM,9,4,5
08/22/2016 06:00:00 AM,36,15,21
08/22/2016 07:00:00 AM,96,53,43
08/22/2016 08:00:00 AM,140,86,54
08/22/2016 09:00:00 AM,70,32,38
08/22/2016 10:00:00 AM,30,15,15
08/22/2016 11:00:00 AM,26,14,12
08/22/2016 12:00:00 PM,25,12,13
08/22/2016 01:00:00 PM,34,17,17
08/22/2016 02:00:00 PM,29,14,15
08/22/2016 03:00:00 PM,57,38,19
08/22/2016 04:00:00 PM,144,98,46
08/22/2016 05:00:00 PM,211,145,66
08/22/2016 06:00:00 PM,109,70,39
08/22/2016 07:00:00 PM,32,22,10
08/22/2016 08:00:00 PM,9,5,4
08/22/2016 09:00:00 PM,8,5,3
08/22/2016 10:00:00 PM,14,8,6
08/22/2016 11:00:00 PM,4,3,1
08/23/2016 12:00:00 AM,5,4,1
08/23/2016 01:00:00 AM,0,0,0
08/23/2016 02:00:00 AM,2,2,0
08/23/2016 03:00:00 AM,1,0,1
08/23/2016 04:00:00 AM,1,0,1
08/23/2016 05:00:00 AM,6,2,4
08/23/2016 06:00:00 AM,41,18,23
08/23/2016 07:00:00 AM,107,55,52
08/23/2016 08:00:00 AM,150,87,63
08/23/2016 09:00:00 AM,78,46,32
08/23/2016 10:00:00 AM,36,21,15
08/23/2016 11:00:00 AM,28,17,11
08/23/2016 12:00:00 PM,34,19,15
08/23/2016 01:00:00 PM,38,22,16
08/23/2016 02:00:00 PM,41,29,12
08/23/2016 03:00:00 PM,72,39,33
08/23/2016 04:00:00 PM,132,91,41
08/23/2016 05:00:00 PM,219,157,62
08/23/2016 06:00:00 PM,120,73,47
08/23/2016 07:00:00 PM,39,26,13
08/23/2016 08:00:00 PM,31,15,16
08/23/2016 09:00:00 PM,16,5,11
08/23/2016 10:00:00 PM,18,6,12
08/23/2016 11:00:00 PM,5,3,2
08/24/2016 12:00:00 AM,4,2,2
08/24/2016 01:00:00 AM,0,0,0
08/24/2016 02:00:00 AM,2,1,1
08/24/2016 03:00:00 AM,1,0,1
08/24/2016 04:00:00 AM,0,0,0
08/24/2016 05:00:00 AM,10,2,8
08/24/2016 06:00:00 AM,37,17,20
08/24/2016 07:00:00 AM,99,58,41
08/24/2016 08:00:00 AM,137,81,56
08/24/2016 09:00:00 AM,98,52,46
08/24/2016 10:00:00 AM,38,18,20
08/24/2016 11:00:00 AM,48,28,20
08/24/2016 12:00:00 PM,68,44,24
08/24/2016 01:00:00 PM,35,22,13
08/24/2016 02:00:00 PM,30,18,12
08/24/2016 03:00:00 PM,66,41,25
08/24/2016 04:00:00 PM,157,107,50
08/24/2016 05:00:00 PM,219,148,71
08/24/2016 06:00:00 PM,107,72,35
08/24/2016 07:00:00 PM,34,27,7
08/24/2016 08:00:00 PM,22,13,9
08/24/2016 09:00:00 PM,15,10,5
08/24/2016 10:00:00 PM,6,3,3
08/24/2016 11:00:00 PM,3,1,2
08/25/2016 12:00:00 AM,2,2,0
08/25/2016 01:00:00 AM,0,0,0
08/25/2016 02:00:00 AM,0,0,0
08/25/2016 03:00:00 AM,3,2,1
08/25/2016 04:00:00 AM,0,0,0
08/25/2016 05:00:00 AM,7,0,7
08/25/2016 06:00:00 AM,41,22,19
08/25/2016 07:00:00 AM,97,56,41
08/25/2016 08:00:00 AM,143,95,48
08/25/2016 09:00:00 AM,70,44,26
08/25/2016 10:00:00 AM,42,26,16
08/25/2016 11:00:00 AM,43,26,17
08/25/2016 12:00:00 PM,35,20,15
08/25/2016 01:00:00 PM,46,26,20
08/25/2016 02:00:00 PM,54,31,23
08/25/2016 03:00:00 PM,61,44,17
08/25/2016 04:00:00 PM,128,87,41
08/25/2016 05:00:00 PM,190,144,46
08/25/2016 06:00:00 PM,121,89,32
08/25/2016 07:00:00 PM,46,26,20
08/25/2016 08:00:00 PM,16,8,8
08/25/2016 09:00:00 PM,28,14,14
08/25/2016 10:00:00 PM,19,5,14
08/25/2016 11:00:00 PM,5,4,1
08/26/2016 12:00:00 AM,5,3,2
08/26/2016 01:00:00 AM,1,0,1
08/26/2016 02:00:00 AM,1,1,0
08/26/2016 03:00:00 AM,2,0,2
08/26/2016 04:00:00 AM,1,1,0
08/26/2016 05:00:00 AM,4,2,2
08/26/2016 06:00:00 AM,39,18,21
08/26/2016 07:00:00 AM,74,43,31
08/26/2016 08:00:00 AM,113,72,41
08/26/2016 09:00:00 AM,68,40,28
08/26/2016 10:00:00 AM,28,15,13
08/26/2016 11:00:00 AM,28,13,15
08/26/2016 12:00:00 PM,44,19,25
08/26/2016 01:00:00 PM,38,19,19
08/26/2016 02:00:00 PM,45,26,19
08/26/2016 03:00:00 PM,66,46,20
08/26/2016 04:00:00 PM,113,71,42
08/26/2016 05:00:00 PM,135,89,46
08/26/2016 06:00:00 PM,70,41,29
08/26/2016 07:00:00 PM,29,18,11
08/26/2016 08:00:00 PM,11,4,7
08/26/2016 09:00:00 PM,15,9,6
08/26/2016 10:00:00 PM,3,2,1
08/26/2016 11:00:00 PM,9,3,6
08/27/2016 12:00:00 AM,3,2,1
08/27/2016 01:00:00 AM,4,3,1
08/27/2016 02:00:00 AM,0,0,0
08/27/2016 03:00:00 AM,0,0,0
08/27/2016 04:00:00 AM,1,1,0
08/27/2016 05:00:00 AM,2,0,2
08/27/2016 06:00:00 AM,5,3,2
08/27/2016 07:00:00 AM,11,5,6
08/27/2016 08:00:00 AM,13,10,3
08/27/2016 09:00:00 AM,8,5,3
08/27/2016 10:00:00 AM,25,13,12
08/27/2016 11:00:00 AM,28,12,16
08/27/2016 12:00:00 PM,36,22,14
08/27/2016 01:00:00 PM,24,11,13
08/27/2016 02:00:00 PM,26,14,12
08/27/2016 03:00:00 PM,27,13,14
08/27/2016 04:00:00 PM,27,14,13
08/27/2016 05:00:00 PM,25,14,11
08/27/2016 06:00:00 PM,19,11,8
08/27/2016 07:00:00 PM,15,4,11
08/27/2016 08:00:00 PM,9,5,4
08/27/2016 09:00:00 PM,12,4,8
08/27/2016 10:00:00 PM,6,3,3
08/27/2016 11:00:00 PM,7,4,3
08/28/2016 12:00:00 AM,3,2,1
08/28/2016 01:00:00 AM,2,0,2
08/28/2016 02:00:00 AM,3,2,1
08/28/2016 03:00:00 AM,1,0,1
08/28/2016 04:00:00 AM,0,0,0
08/28/2016 05:00:00 AM,1,0,1
08/28/2016 06:00:00 AM,6,3,3
08/28/2016 07:00:00 AM,10,5,5
08/28/2016 08:00:00 AM,5,3,2
08/28/2016 09:00:00 AM,13,9,4
08/28/2016 10:00:00 AM,18,8,10
08/28/2016 11:00:00 AM,23,12,11
08/28/2016 12:00:00 PM,28,17,11
08/28/2016 01:00:00 PM,13,6,7
08/28/2016 02:00:00 PM,20,6,14
08/28/2016 03:00:00 PM,27,15,12
08/28/2016 04:00:00 PM,29,19,10
08/28/2016 05:00:00 PM,23,10,13
08/28/2016 06:00:00 PM,14,6,8
08/28/2016 07:00:00 PM,17,8,9
08/28/2016 08:00:00 PM,3,2,1
08/28/2016 09:00:00 PM,5,3,2
08/28/2016 10:00:00 PM,7,4,3
08/28/2016 11:00:00 PM,1,0,1
08/29/2016 12:00:00 AM,3,1,2
08/29/2016 01:00:00 AM,0,0,0
08/29/2016 02:00:00 AM,1,1,0
08/29/2016 03:00:00 AM,0,0,0
08/29/2016 04:00:00 AM,0,0,0
08/29/2016 05:00:00 AM,9,3,6
08/29/2016 06:00:00 AM,37,14,23
08/29/2016 07:00:00 AM,93,55,38
08/29/2016 08:00:00 AM,142,88,54
08/29/2016 09:00:00 AM,72,44,28
08/29/2016 10:00:00 AM,28,15,13
08/29/2016 11:00:00 AM,26,16,10
08/29/2016 12:00:00 PM,32,18,14
08/29/2016 01:00:00 PM,33,16,17
08/29/2016 02:00:00 PM,31,18,13
08/29/2016 03:00:00 PM,55,37,18
08/29/2016 04:00:00 PM,106,72,34
08/29/2016 05:00:00 PM,192,132,60
08/29/2016 06:00:00 PM,113,84,29
08/29/2016 07:00:00 PM,40,24,16
08/29/2016 08:00:00 PM,19,14,5
08/29/2016 09:00:00 PM,13,6,7
08/29/2016 10:00:00 PM,4,3,1
08/29/2016 11:00:00 PM,4,1,3
08/30/2016 12:00:00 AM,2,2,0
08/30/2016 01:00:00 AM,0,0,0
08/30/2016 02:00:00 AM,2,1,1
08/30/2016 03:00:00 AM,0,0,0
08/30/2016 04:00:00 AM,0,0,0
08/30/2016 05:00:00 AM,12,4,8
08/30/2016 06:00:00 AM,37,19,18
08/30/2016 07:00:00 AM,89,45,44
08/30/2016 08:00:00 AM,145,88,57
08/30/2016 09:00:00 AM,69,38,31
08/30/2016 10:00:00 AM,34,23,11
08/30/2016 11:00:00 AM,45,28,17
08/30/2016 12:00:00 PM,45,17,28
08/30/2016 01:00:00 PM,32,17,15
08/30/2016 02:00:00 PM,44,29,15
08/30/2016 03:00:00 PM,58,37,21
08/30/2016 04:00:00 PM,137,95,42
08/30/2016 05:00:00 PM,185,124,61
08/30/2016 06:00:00 PM,116,77,39
08/30/2016 07:00:00 PM,44,33,11
08/30/2016 08:00:00 PM,18,11,7
08/30/2016 09:00:00 PM,9,6,3
08/30/2016 10:00:00 PM,7,6,1
08/30/2016 11:00:00 PM,9,4,5
08/31/2016 12:00:00 AM,3,2,1
08/31/2016 01:00:00 AM,1,0,1
08/31/2016 02:00:00 AM,2,1,1
08/31/2016 03:00:00 AM,1,0,1
08/31/2016 04:00:00 AM,0,0,0
08/31/2016 05:00:00 AM,12,3,9
08/31/2016 06:00:00 AM,28,13,15
08/31/2016 07:00:00 AM,75,34,41
08/31/2016 08:00:00 AM,109,67,42
08/31/2016 09:00:00 AM,57,36,21
08/31/2016 10:00:00 AM,36,15,21
08/31/2016 11:00:00 AM,26,12,14
08/31/2016 12:00:00 PM,33,15,18
08/31/2016 01:00:00 PM,28,12,16
08/31/2016 02:00:00 PM,36,27,9
08/31/2016 03:00:00 PM,44,27,17
08/31/2016 04:00:00 PM,102,80,22
08/31/2016 05:00:00 PM,161,115,46
08/31/2016 06:00:00 PM,96,62,34
08/31/2016 07:00:00 PM,27,18,9
08/31/2016 08:00:00 PM,18,12,6
08/31/2016 09:00:00 PM,12,9,3
08/31/2016 10:00:00 PM,5,2,3
08/31/2016 11:00:00 PM,5,3,2
09/01/2016 12:00:00 AM,4,1,3
09/01/2016 01:00:00 AM,1,1,0
09/01/2016 02:00:00 AM,0,0,0
09/01/2016 03:00:00 AM,1,1,0
09/01/2016 04:00:00 AM,0,0,0
09/01/2016 05:00:00 AM,7,1,6
09/01/2016 06:00:00 AM,30,13,17
09/01/2016 07:00:00 AM,70,36,34
09/01/2016 08:00:00 AM,91,55,36
09/01/2016 09:00:00 AM,88,50,38
09/01/2016 10:00:00 AM,34,14,20
09/01/2016 11:00:00 AM,37,17,20
09/01/2016 12:00:00 PM,45,21,24
09/01/2016 01:00:00 PM,27,13,14
09/01/2016 02:00:00 PM,30,23,7
09/01/2016 03:00:00 PM,45,25,20
09/01/2016 04:00:00 PM,91,67,24
09/01/2016 05:00:00 PM,168,123,45
09/01/2016 06:00:00 PM,102,69,33
09/01/2016 07:00:00 PM,31,18,13
09/01/2016 08:00:00 PM,11,4,7
09/01/2016 09:00:00 PM,11,5,6
09/01/2016 10:00:00 PM,11,5,6
09/01/2016 11:00:00 PM,2,1,1
09/02/2016 12:00:00 AM,8,6,2
09/02/2016 01:00:00 AM,0,0,0
09/02/2016 02:00:00 AM,0,0,0
09/02/2016 03:00:00 AM,0,0,0
09/02/2016 04:00:00 AM,0,0,0
09/02/2016 05:00:00 AM,2,0,2
09/02/2016 06:00:00 AM,16,9,7
09/02/2016 07:00:00 AM,38,20,18
09/02/2016 08:00:00 AM,77,41,36
09/02/2016 09:00:00 AM,36,19,17
09/02/2016 10:00:00 AM,18,5,13
09/02/2016 11:00:00 AM,7,4,3
09/02/2016 12:00:00 PM,26,14,12
09/02/2016 01:00:00 PM,30,15,15
09/02/2016 02:00:00 PM,34,21,13
09/02/2016 03:00:00 PM,49,32,17
09/02/2016 04:00:00 PM,91,65,26
09/02/2016 05:00:00 PM,91,65,26
09/02/2016 06:00:00 PM,50,34,16
09/02/2016 07:00:00 PM,16,6,10
09/02/2016 08:00:00 PM,14,7,7
09/02/2016 09:00:00 PM,9,3,6
09/02/2016 10:00:00 PM,11,7,4
09/02/2016 11:00:00 PM,2,1,1
09/03/2016 12:00:00 AM,5,3,2
09/03/2016 01:00:00 AM,2,2,0
09/03/2016 02:00:00 AM,1,1,0
09/03/2016 03:00:00 AM,1,1,0
09/03/2016 04:00:00 AM,1,1,0
09/03/2016 05:00:00 AM,5,2,3
09/03/2016 06:00:00 AM,3,2,1
09/03/2016 07:00:00 AM,7,4,3
09/03/2016 08:00:00 AM,9,4,5
09/03/2016 09:00:00 AM,8,5,3
09/03/2016 10:00:00 AM,9,3,6
09/03/2016 11:00:00 AM,12,8,4
09/03/2016 12:00:00 PM,16,9,7
09/03/2016 01:00:00 PM,25,12,13
09/03/2016 02:00:00 PM,24,15,9
09/03/2016 03:00:00 PM,32,17,15
09/03/2016 04:00:00 PM,18,10,8
09/03/2016 05:00:00 PM,40,26,14
09/03/2016 06:00:00 PM,26,17,9
09/03/2016 07:00:00 PM,19,9,10
09/03/2016 08:00:00 PM,9,2,7
09/03/2016 09:00:00 PM,7,3,4
09/03/2016 10:00:00 PM,5,2,3
09/03/2016 11:00:00 PM,7,3,4
09/04/2016 12:00:00 AM,1,1,0
09/04/2016 01:00:00 AM,1,1,0
09/04/2016 02:00:00 AM,2,1,1
09/04/2016 03:00:00 AM,0,0,0
09/04/2016 04:00:00 AM,0,0,0
09/04/2016 05:00:00 AM,1,0,1
09/04/2016 06:00:00 AM,2,2,0
09/04/2016 07:00:00 AM,2,1,1
09/04/2016 08:00:00 AM,2,0,2
09/04/2016 09:00:00 AM,9,7,2
09/04/2016 10:00:00 AM,8,6,2
09/04/2016 11:00:00 AM,22,15,7
09/04/2016 12:00:00 PM,27,19,8
09/04/2016 01:00:00 PM,21,9,12
09/04/2016 02:00:00 PM,35,21,14
09/04/2016 03:00:00 PM,30,15,15
09/04/2016 04:00:00 PM,27,12,15
09/04/2016 05:00:00 PM,27,17,10
09/04/2016 06:00:00 PM,18,16,2
09/04/2016 07:00:00 PM,13,7,6
09/04/2016 08:00:00 PM,6,2,4
09/04/2016 09:00:00 PM,9,3,6
09/04/2016 10:00:00 PM,4,2,2
09/04/2016 11:00:00 PM,5,4,1
09/05/2016 12:00:00 AM,3,2,1
09/05/2016 01:00:00 AM,0,0,0
09/05/2016 02:00:00 AM,1,0,1
09/05/2016 03:00:00 AM,1,1,0
09/05/2016 04:00:00 AM,1,1,0
09/05/2016 05:00:00 AM,1,0,1
09/05/2016 06:00:00 AM,2,2,0
09/05/2016 07:00:00 AM,8,4,4
09/05/2016 08:00:00 AM,7,3,4
09/05/2016 09:00:00 AM,8,5,3
09/05/2016 10:00:00 AM,9,6,3
09/05/2016 11:00:00 AM,24,16,8
09/05/2016 12:00:00 PM,31,18,13
09/05/2016 01:00:00 PM,23,13,10
09/05/2016 02:00:00 PM,16,12,4
09/05/2016 03:00:00 PM,23,12,11
09/05/2016 04:00:00 PM,32,17,15
09/05/2016 05:00:00 PM,32,19,13
09/05/2016 06:00:00 PM,28,15,13
09/05/2016 07:00:00 PM,9,5,4
09/05/2016 08:00:00 PM,10,6,4
09/05/2016 09:00:00 PM,5,2,3
09/05/2016 10:00:00 PM,11,4,7
09/05/2016 11:00:00 PM,3,2,1
09/06/2016 12:00:00 AM,2,0,2
09/06/2016 01:00:00 AM,0,0,0
09/06/2016 02:00:00 AM,0,0,0
09/06/2016 03:00:00 AM,0,0,0
09/06/2016 04:00:00 AM,0,0,0
09/06/2016 05:00:00 AM,4,1,3
09/06/2016 06:00:00 AM,15,6,9
09/06/2016 07:00:00 AM,55,28,27
09/06/2016 08:00:00 AM,85,53,32
09/06/2016 09:00:00 AM,55,29,26
09/06/2016 10:00:00 AM,22,8,14
09/06/2016 11:00:00 AM,34,20,14
09/06/2016 12:00:00 PM,30,16,14
09/06/2016 01:00:00 PM,31,22,9
09/06/2016 02:00:00 PM,35,20,15
09/06/2016 03:00:00 PM,46,30,16
09/06/2016 04:00:00 PM,111,79,32
09/06/2016 05:00:00 PM,138,93,45
09/06/2016 06:00:00 PM,66,34,32
09/06/2016 07:00:00 PM,33,14,19
09/06/2016 08:00:00 PM,18,12,6
09/06/2016 09:00:00 PM,16,9,7
09/06/2016 10:00:00 PM,3,2,1
09/06/2016 11:00:00 PM,3,2,1
09/07/2016 12:00:00 AM,3,2,1
09/07/2016 01:00:00 AM,2,1,1
09/07/2016 02:00:00 AM,0,0,0
09/07/2016 03:00:00 AM,0,0,0
09/07/2016 04:00:00 AM,2,1,1
09/07/2016 05:00:00 AM,8,2,6
09/07/2016 06:00:00 AM,36,16,20
09/07/2016 07:00:00 AM,72,32,40
09/07/2016 08:00:00 AM,121,69,52
09/07/2016 09:00:00 AM,67,45,22
09/07/2016 10:00:00 AM,31,17,14
09/07/2016 11:00:00 AM,30,21,9
09/07/2016 12:00:00 PM,45,25,20
09/07/2016 01:00:00 PM,34,19,15
09/07/2016 02:00:00 PM,29,19,10
09/07/2016 03:00:00 PM,46,32,14
09/07/2016 04:00:00 PM,117,86,31
09/07/2016 05:00:00 PM,137,95,42
09/07/2016 06:00:00 PM,99,63,36
09/07/2016 07:00:00 PM,31,22,9
09/07/2016 08:00:00 PM,16,6,10
09/07/2016 09:00:00 PM,7,1,6
09/07/2016 10:00:00 PM,5,2,3
09/07/2016 11:00:00 PM,3,0,3
09/08/2016 12:00:00 AM,2,2,0
09/08/2016 01:00:00 AM,0,0,0
09/08/2016 02:00:00 AM,0,0,0
09/08/2016 03:00:00 AM,0,0,0
09/08/2016 04:00:00 AM,0,0,0
09/08/2016 05:00:00 AM,6,3,3
09/08/2016 06:00:00 AM,32,16,16
09/08/2016 07:00:00 AM,85,49,36
09/08/2016 08:00:00 AM,117,78,39
09/08/2016 09:00:00 AM,60,40,20
09/08/2016 10:00:00 AM,30,20,10
09/08/2016 11:00:00 AM,21,11,10
09/08/2016 12:00:00 PM,37,20,17
09/08/2016 01:00:00 PM,26,15,11
09/08/2016 02:00:00 PM,45,22,23
09/08/2016 03:00:00 PM,61,33,28
09/08/2016 04:00:00 PM,122,90,32
09/08/2016 05:00:00 PM,189,133,56
09/08/2016 06:00:00 PM,85,56,29
09/08/2016 07:00:00 PM,43,24,19
09/08/2016 08:00:00 PM,9,5,4
09/08/2016 09:00:00 PM,16,8,8
09/08/2016 10:00:00 PM,7,4,3
09/08/2016 11:00:00 PM,2,1,1
09/09/2016 12:00:00 AM,3,2,1
09/09/2016 01:00:00 AM,1,0,1
09/09/2016 02:00:00 AM,0,0,0
09/09/2016 03:00:00 AM,0,0,0
09/09/2016 04:00:00 AM,0,0,0
09/09/2016 05:00:00 AM,7,1,6
09/09/2016 06:00:00 AM,30,19,11
09/09/2016 07:00:00 AM,96,51,45
09/09/2016 08:00:00 AM,112,67,45
09/09/2016 09:00:00 AM,57,33,24
09/09/2016 10:00:00 AM,43,24,19
09/09/2016 11:00:00 AM,45,23,22
09/09/2016 12:00:00 PM,53,21,32
09/09/2016 01:00:00 PM,48,19,29
09/09/2016 02:00:00 PM,48,31,17
09/09/2016 03:00:00 PM,77,47,30
09/09/2016 04:00:00 PM,122,83,39
09/09/2016 05:00:00 PM,177,122,55
09/09/2016 06:00:00 PM,67,45,22
09/09/2016 07:00:00 PM,33,16,17
09/09/2016 08:00:00 PM,15,6,9
09/09/2016 09:00:00 PM,15,8,7
09/09/2016 10:00:00 PM,8,3,5
09/09/2016 11:00:00 PM,10,8,2
09/10/2016 12:00:00 AM,5,3,2
09/10/2016 01:00:00 AM,5,5,0
09/10/2016 02:00:00 AM,0,0,0
09/10/2016 03:00:00 AM,1,1,0
09/10/2016 04:00:00 AM,0,0,0
09/10/2016 05:00:00 AM,3,1,2
09/10/2016 06:00:00 AM,2,2,0
09/10/2016 07:00:00 AM,5,3,2
09/10/2016 08:00:00 AM,10,4,6
09/10/2016 09:00:00 AM,11,3,8
09/10/2016 10:00:00 AM,20,15,5
09/10/2016 11:00:00 AM,30,16,14
09/10/2016 12:00:00 PM,47,23,24
09/10/2016 01:00:00 PM,42,20,22
09/10/2016 02:00:00 PM,48,31,17
09/10/2016 03:00:00 PM,39,29,10
09/10/2016 04:00:00 PM,38,16,22
09/10/2016 05:00:00 PM,43,22,21
09/10/2016 06:00:00 PM,26,14,12
09/10/2016 07:00:00 PM,15,6,9
09/10/2016 08:00:00 PM,9,5,4
09/10/2016 09:00:00 PM,6,1,5
09/10/2016 10:00:00 PM,5,2,3
09/10/2016 11:00:00 PM,6,2,4
09/11/2016 12:00:00 AM,4,3,1
09/11/2016 01:00:00 AM,2,2,0
09/11/2016 02:00:00 AM,2,1,1
09/11/2016 03:00:00 AM,1,1,0
09/11/2016 04:00:00 AM,0,0,0
09/11/2016 05:00:00 AM,1,0,1
09/11/2016 06:00:00 AM,1,1,0
09/11/2016 07:00:00 AM,5,2,3
09/11/2016 08:00:00 AM,6,6,0
09/11/2016 09:00:00 AM,12,7,5
09/11/2016 10:00:00 AM,21,11,10
09/11/2016 11:00:00 AM,21,16,5
09/11/2016 12:00:00 PM,19,13,6
09/11/2016 01:00:00 PM,26,12,14
09/11/2016 02:00:00 PM,18,11,7
09/11/2016 03:00:00 PM,22,7,15
09/11/2016 04:00:00 PM,28,11,17
09/11/2016 05:00:00 PM,34,21,13
09/11/2016 06:00:00 PM,20,6,14
09/11/2016 07:00:00 PM,10,5,5
09/11/2016 08:00:00 PM,10,4,6
09/11/2016 09:00:00 PM,2,1,1
09/11/2016 10:00:00 PM,6,2,4
09/11/2016 11:00:00 PM,6,4,2
09/12/2016 12:00:00 AM,4,2,2
09/12/2016 01:00:00 AM,0,0,0
09/12/2016 02:00:00 AM,2,1,1
09/12/2016 03:00:00 AM,0,0,0
09/12/2016 04:00:00 AM,0,0,0
09/12/2016 05:00:00 AM,8,1,7
09/12/2016 06:00:00 AM,27,12,15
09/12/2016 07:00:00 AM,100,60,40
09/12/2016 08:00:00 AM,150,80,70
09/12/2016 09:00:00 AM,63,35,28
09/12/2016 10:00:00 AM,27,11,16
09/12/2016 11:00:00 AM,23,11,12
09/12/2016 12:00:00 PM,33,19,14
09/12/2016 01:00:00 PM,43,17,26
09/12/2016 02:00:00 PM,30,21,9
09/12/2016 03:00:00 PM,48,35,13
09/12/2016 04:00:00 PM,120,94,26
09/12/2016 05:00:00 PM,223,159,64
09/12/2016 06:00:00 PM,96,53,43
09/12/2016 07:00:00 PM,20,10,10
09/12/2016 08:00:00 PM,18,11,7
09/12/2016 09:00:00 PM,10,8,2
09/12/2016 10:00:00 PM,2,1,1
09/12/2016 11:00:00 PM,2,0,2
09/13/2016 12:00:00 AM,4,1,3
09/13/2016 01:00:00 AM,0,0,0
09/13/2016 02:00:00 AM,0,0,0
09/13/2016 03:00:00 AM,0,0,0
09/13/2016 04:00:00 AM,1,0,1
09/13/2016 05:00:00 AM,8,4,4
09/13/2016 06:00:00 AM,35,18,17
09/13/2016 07:00:00 AM,103,61,42
09/13/2016 08:00:00 AM,135,78,57
09/13/2016 09:00:00 AM,86,48,38
09/13/2016 10:00:00 AM,32,15,17
09/13/2016 11:00:00 AM,40,24,16
09/13/2016 12:00:00 PM,47,25,22
09/13/2016 01:00:00 PM,37,15,22
09/13/2016 02:00:00 PM,30,18,12
09/13/2016 03:00:00 PM,65,35,30
09/13/2016 04:00:00 PM,140,95,45
09/13/2016 05:00:00 PM,207,138,69
09/13/2016 06:00:00 PM,105,65,40
09/13/2016 07:00:00 PM,45,29,16
09/13/2016 08:00:00 PM,14,5,9
09/13/2016 09:00:00 PM,13,7,6
09/13/2016 10:00:00 PM,13,8,5
09/13/2016 11:00:00 PM,5,2,3
09/14/2016 12:00:00 AM,1,0,1
09/14/2016 01:00:00 AM,1,0,1
09/14/2016 02:00:00 AM,0,0,0
09/14/2016 03:00:00 AM,0,0,0
09/14/2016 04:00:00 AM,1,1,0
09/14/2016 05:00:00 AM,8,2,6
09/14/2016 06:00:00 AM,27,12,15
09/14/2016 07:00:00 AM,83,49,34
09/14/2016 08:00:00 AM,148,90,58
09/14/2016 09:00:00 AM,70,41,29
09/14/2016 10:00:00 AM,31,14,17
09/14/2016 11:00:00 AM,30,12,18
09/14/2016 12:00:00 PM,43,23,20
09/14/2016 01:00:00 PM,37,23,14
09/14/2016 02:00:00 PM,39,26,13
09/14/2016 03:00:00 PM,62,40,22
09/14/2016 04:00:00 PM,113,85,28
09/14/2016 05:00:00 PM,202,139,63
09/14/2016 06:00:00 PM,104,78,26
09/14/2016 07:00:00 PM,25,16,9
09/14/2016 08:00:00 PM,18,13,5
09/14/2016 09:00:00 PM,8,5,3
09/14/2016 10:00:00 PM,10,3,7
09/14/2016 11:00:00 PM,6,4,2
09/15/2016 12:00:00 AM,2,2,0
09/15/2016 01:00:00 AM,2,2,0
09/15/2016 02:00:00 AM,2,0,2
09/15/2016 03:00:00 AM,1,1,0
09/15/2016 04:00:00 AM,2,0,2
09/15/2016 05:00:00 AM,9,3,6
09/15/2016 06:00:00 AM,32,18,14
09/15/2016 07:00:00 AM,97,53,44
09/15/2016 08:00:00 AM,139,85,54
09/15/2016 09:00:00 AM,72,34,38
09/15/2016 10:00:00 AM,34,24,10
09/15/2016 11:00:00 AM,36,22,14
09/15/2016 12:00:00 PM,44,27,17
09/15/2016 01:00:00 PM,36,17,19
09/15/2016 02:00:00 PM,39,25,14
09/15/2016 03:00:00 PM,57,44,13
09/15/2016 04:00:00 PM,134,87,47
09/15/2016 05:00:00 PM,195,134,61
09/15/2016 06:00:00 PM,105,69,36
09/15/2016 07:00:00 PM,40,26,14
09/15/2016 08:00:00 PM,18,9,9
09/15/2016 09:00:00 PM,9,3,6
09/15/2016 10:00:00 PM,7,5,2
09/15/2016 11:00:00 PM,5,1,4
09/16/2016 12:00:00 AM,5,4,1
09/16/2016 01:00:00 AM,2,2,0
09/16/2016 02:00:00 AM,0,0,0
09/16/2016 03:00:00 AM,0,0,0
09/16/2016 04:00:00 AM,0,0,0
09/16/2016 05:00:00 AM,4,1,3
09/16/2016 06:00:00 AM,33,20,13
09/16/2016 07:00:00 AM,67,40,27
09/16/2016 08:00:00 AM,125,68,57
09/16/2016 09:00:00 AM,63,35,28
09/16/2016 10:00:00 AM,29,16,13
09/16/2016 11:00:00 AM,24,14,10
09/16/2016 12:00:00 PM,34,21,13
09/16/2016 01:00:00 PM,52,23,29
09/16/2016 02:00:00 PM,58,26,32
09/16/2016 03:00:00 PM,46,24,22
09/16/2016 04:00:00 PM,115,88,27
09/16/2016 05:00:00 PM,191,121,70
09/16/2016 06:00:00 PM,85,66,19
09/16/2016 07:00:00 PM,41,25,16
09/16/2016 08:00:00 PM,16,10,6
09/16/2016 09:00:00 PM,10,5,5
09/16/2016 10:00:00 PM,15,6,9
09/16/2016 11:00:00 PM,5,2,3
09/17/2016 12:00:00 AM,3,0,3
09/17/2016 01:00:00 AM,0,0,0
09/17/2016 02:00:00 AM,2,2,0
09/17/2016 03:00:00 AM,0,0,0
09/17/2016 04:00:00 AM,0,0,0
09/17/2016 05:00:00 AM,2,0,2
09/17/2016 06:00:00 AM,3,2,1
09/17/2016 07:00:00 AM,83,66,17
09/17/2016 08:00:00 AM,28,19,9
09/17/2016 09:00:00 AM,4,2,2
09/17/2016 10:00:00 AM,8,7,1
09/17/2016 11:00:00 AM,20,15,5
09/17/2016 12:00:00 PM,24,12,12
09/17/2016 01:00:00 PM,25,15,10
09/17/2016 02:00:00 PM,14,8,6
09/17/2016 03:00:00 PM,23,8,15
09/17/2016 04:00:00 PM,19,10,9
09/17/2016 05:00:00 PM,23,15,8
09/17/2016 06:00:00 PM,20,7,13
09/17/2016 07:00:00 PM,16,6,10
09/17/2016 08:00:00 PM,14,1,13
09/17/2016 09:00:00 PM,7,5,2
09/17/2016 10:00:00 PM,13,5,8
09/17/2016 11:00:00 PM,2,2,0
09/18/2016 12:00:00 AM,0,0,0
09/18/2016 01:00:00 AM,1,1,0
09/18/2016 02:00:00 AM,0,0,0
09/18/2016 03:00:00 AM,0,0,0
09/18/2016 04:00:00 AM,0,0,0
09/18/2016 05:00:00 AM,2,0,2
09/18/2016 06:00:00 AM,0,0,0
09/18/2016 07:00:00 AM,4,3,1
09/18/2016 08:00:00 AM,8,5,3
09/18/2016 09:00:00 AM,13,4,9
09/18/2016 10:00:00 AM,14,10,4
09/18/2016 11:00:00 AM,12,8,4
09/18/2016 12:00:00 PM,24,17,7
09/18/2016 01:00:00 PM,30,12,18
09/18/2016 02:00:00 PM,24,19,5
09/18/2016 03:00:00 PM,18,13,5
09/18/2016 04:00:00 PM,18,9,9
09/18/2016 05:00:00 PM,19,8,11
09/18/2016 06:00:00 PM,12,6,6
09/18/2016 07:00:00 PM,8,5,3
09/18/2016 08:00:00 PM,2,1,1
09/18/2016 09:00:00 PM,5,4,1
09/18/2016 10:00:00 PM,1,0,1
09/18/2016 11:00:00 PM,6,2,4
09/19/2016 12:00:00 AM,1,0,1
09/19/2016 01:00:00 AM,0,0,0
09/19/2016 02:00:00 AM,2,1,1
09/19/2016 03:00:00 AM,0,0,0
09/19/2016 04:00:00 AM,2,2,0
09/19/2016 05:00:00 AM,6,2,4
09/19/2016 06:00:00 AM,29,14,15
09/19/2016 07:00:00 AM,40,24,16
09/19/2016 08:00:00 AM,98,57,41
09/19/2016 09:00:00 AM,62,33,29
09/19/2016 10:00:00 AM,19,11,8
09/19/2016 11:00:00 AM,18,5,13
09/19/2016 12:00:00 PM,35,18,17
09/19/2016 01:00:00 PM,27,9,18
09/19/2016 02:00:00 PM,22,17,5
09/19/2016 03:00:00 PM,46,27,19
09/19/2016 04:00:00 PM,104,80,24
09/19/2016 05:00:00 PM,139,103,36
09/19/2016 06:00:00 PM,92,59,33
09/19/2016 07:00:00 PM,28,15,13
09/19/2016 08:00:00 PM,15,6,9
09/19/2016 09:00:00 PM,5,3,2
09/19/2016 10:00:00 PM,18,2,16
09/19/2016 11:00:00 PM,4,4,0
09/20/2016 12:00:00 AM,6,3,3
09/20/2016 01:00:00 AM,1,1,0
09/20/2016 02:00:00 AM,1,1,0
09/20/2016 03:00:00 AM,0,0,0
09/20/2016 04:00:00 AM,0,0,0
09/20/2016 05:00:00 AM,8,2,6
09/20/2016 06:00:00 AM,29,13,16
09/20/2016 07:00:00 AM,93,51,42
09/20/2016 08:00:00 AM,133,84,49
09/20/2016 09:00:00 AM,61,31,30
09/20/2016 10:00:00 AM,23,11,12
09/20/2016 11:00:00 AM,28,12,16
09/20/2016 12:00:00 PM,48,23,25
09/20/2016 01:00:00 PM,41,21,20
09/20/2016 02:00:00 PM,33,24,9
09/20/2016 03:00:00 PM,54,38,16
09/20/2016 04:00:00 PM,125,96,29
09/20/2016 05:00:00 PM,212,151,61
09/20/2016 06:00:00 PM,127,80,47
09/20/2016 07:00:00 PM,32,14,18
09/20/2016 08:00:00 PM,16,7,9
09/20/2016 09:00:00 PM,10,5,5
09/20/2016 10:00:00 PM,9,5,4
09/20/2016 11:00:00 PM,12,2,10
09/21/2016 12:00:00 AM,3,2,1
09/21/2016 01:00:00 AM,3,1,2
09/21/2016 02:00:00 AM,1,0,1
09/21/2016 03:00:00 AM,0,0,0
09/21/2016 04:00:00 AM,0,0,0
09/21/2016 05:00:00 AM,14,4,10
09/21/2016 06:00:00 AM,32,16,16
09/21/2016 07:00:00 AM,85,46,39
09/21/2016 08:00:00 AM,133,88,45
09/21/2016 09:00:00 AM,80,49,31
09/21/2016 10:00:00 AM,30,13,17
09/21/2016 11:00:00 AM,41,29,12
09/21/2016 12:00:00 PM,48,27,21
09/21/2016 01:00:00 PM,46,27,19
09/21/2016 02:00:00 PM,42,27,15
09/21/2016 03:00:00 PM,67,50,17
09/21/2016 04:00:00 PM,130,85,45
09/21/2016 05:00:00 PM,201,132,69
09/21/2016 06:00:00 PM,137,83,54
09/21/2016 07:00:00 PM,33,18,15
09/21/2016 08:00:00 PM,13,8,5
09/21/2016 09:00:00 PM,15,11,4
09/21/2016 10:00:00 PM,7,4,3
09/21/2016 11:00:00 PM,5,2,3
09/22/2016 12:00:00 AM,3,2,1
09/22/2016 01:00:00 AM,1,0,1
09/22/2016 02:00:00 AM,0,0,0
09/22/2016 03:00:00 AM,4,3,1
09/22/2016 04:00:00 AM,1,0,1
09/22/2016 05:00:00 AM,9,4,5
09/22/2016 06:00:00 AM,31,16,15
09/22/2016 07:00:00 AM,81,44,37
09/22/2016 08:00:00 AM,135,91,44
09/22/2016 09:00:00 AM,64,36,28
09/22/2016 10:00:00 AM,42,22,20
09/22/2016 11:00:00 AM,42,27,15
09/22/2016 12:00:00 PM,48,25,23
09/22/2016 01:00:00 PM,46,20,26
09/22/2016 02:00:00 PM,43,21,22
09/22/2016 03:00:00 PM,58,45,13
09/22/2016 04:00:00 PM,115,80,35
09/22/2016 05:00:00 PM,192,126,66
09/22/2016 06:00:00 PM,105,57,48
09/22/2016 07:00:00 PM,46,23,23
09/22/2016 08:00:00 PM,10,8,2
09/22/2016 09:00:00 PM,8,4,4
09/22/2016 10:00:00 PM,13,4,9
09/22/2016 11:00:00 PM,3,3,0
09/23/2016 12:00:00 AM,3,2,1
09/23/2016 01:00:00 AM,1,0,1
09/23/2016 02:00:00 AM,0,0,0
09/23/2016 03:00:00 AM,1,0,1
09/23/2016 04:00:00 AM,2,2,0
09/23/2016 05:00:00 AM,7,2,5
09/23/2016 06:00:00 AM,27,16,11
09/23/2016 07:00:00 AM,40,20,20
09/23/2016 08:00:00 AM,91,53,38
09/23/2016 09:00:00 AM,48,28,20
09/23/2016 10:00:00 AM,31,16,15
09/23/2016 11:00:00 AM,28,16,12
09/23/2016 12:00:00 PM,24,15,9
09/23/2016 01:00:00 PM,43,26,17
09/23/2016 02:00:00 PM,35,14,21
09/23/2016 03:00:00 PM,40,28,12
09/23/2016 04:00:00 PM,100,65,35
09/23/2016 05:00:00 PM,138,96,42
09/23/2016 06:00:00 PM,58,41,17
09/23/2016 07:00:00 PM,27,14,13
09/23/2016 08:00:00 PM,8,5,3
09/23/2016 09:00:00 PM,6,4,2
09/23/2016 10:00:00 PM,8,5,3
09/23/2016 11:00:00 PM,3,0,3
09/24/2016 12:00:00 AM,3,2,1
09/24/2016 01:00:00 AM,5,4,1
09/24/2016 02:00:00 AM,3,3,0
09/24/2016 03:00:00 AM,0,0,0
09/24/2016 04:00:00 AM,2,2,0
09/24/2016 05:00:00 AM,1,0,1
09/24/2016 06:00:00 AM,2,2,0
09/24/2016 07:00:00 AM,7,3,4
09/24/2016 08:00:00 AM,17,6,11
09/24/2016 09:00:00 AM,11,4,7
09/24/2016 10:00:00 AM,12,8,4
09/24/2016 11:00:00 AM,29,11,18
09/24/2016 12:00:00 PM,27,20,7
09/24/2016 01:00:00 PM,33,14,19
09/24/2016 02:00:00 PM,19,9,10
09/24/2016 03:00:00 PM,35,22,13
09/24/2016 04:00:00 PM,26,18,8
09/24/2016 05:00:00 PM,25,17,8
09/24/2016 06:00:00 PM,26,16,10
09/24/2016 07:00:00 PM,7,2,5
09/24/2016 08:00:00 PM,7,5,2
09/24/2016 09:00:00 PM,5,4,1
09/24/2016 10:00:00 PM,9,5,4
09/24/2016 11:00:00 PM,2,2,0
09/25/2016 12:00:00 AM,2,1,1
09/25/2016 01:00:00 AM,4,2,2
09/25/2016 02:00:00 AM,2,2,0
09/25/2016 03:00:00 AM,1,1,0
09/25/2016 04:00:00 AM,1,1,0
09/25/2016 05:00:00 AM,1,0,1
09/25/2016 06:00:00 AM,1,1,0
09/25/2016 07:00:00 AM,5,5,0
09/25/2016 08:00:00 AM,10,7,3
09/25/2016 09:00:00 AM,28,17,11
09/25/2016 10:00:00 AM,29,19,10
09/25/2016 11:00:00 AM,39,17,22
09/25/2016 12:00:00 PM,37,31,6
09/25/2016 01:00:00 PM,21,14,7
09/25/2016 02:00:00 PM,27,18,9
09/25/2016 03:00:00 PM,28,16,12
09/25/2016 04:00:00 PM,24,10,14
09/25/2016 05:00:00 PM,28,9,19
09/25/2016 06:00:00 PM,23,14,9
09/25/2016 07:00:00 PM,22,11,11
09/25/2016 08:00:00 PM,13,5,8
09/25/2016 09:00:00 PM,12,2,10
09/25/2016 10:00:00 PM,6,1,5
09/25/2016 11:00:00 PM,2,1,1
09/26/2016 12:00:00 AM,2,2,0
09/26/2016 01:00:00 AM,0,0,0
09/26/2016 02:00:00 AM,0,0,0
09/26/2016 03:00:00 AM,0,0,0
09/26/2016 04:00:00 AM,5,1,4
09/26/2016 05:00:00 AM,5,1,4
09/26/2016 06:00:00 AM,35,14,21
09/26/2016 07:00:00 AM,89,55,34
09/26/2016 08:00:00 AM,166,100,66
09/26/2016 09:00:00 AM,59,28,31
09/26/2016 10:00:00 AM,28,15,13
09/26/2016 11:00:00 AM,34,15,19
09/26/2016 12:00:00 PM,21,13,8
09/26/2016 01:00:00 PM,34,15,19
09/26/2016 02:00:00 PM,29,13,16
09/26/2016 03:00:00 PM,48,30,18
09/26/2016 04:00:00 PM,145,104,41
09/26/2016 05:00:00 PM,224,164,60
09/26/2016 06:00:00 PM,73,51,22
09/26/2016 07:00:00 PM,27,14,13
09/26/2016 08:00:00 PM,16,7,9
09/26/2016 09:00:00 PM,9,4,5
09/26/2016 10:00:00 PM,7,2,5
09/26/2016 11:00:00 PM,1,0,1
09/27/2016 12:00:00 AM,0,0,0
09/27/2016 01:00:00 AM,0,0,0
09/27/2016 02:00:00 AM,0,0,0
09/27/2016 03:00:00 AM,0,0,0
09/27/2016 04:00:00 AM,1,0,1
09/27/2016 05:00:00 AM,8,3,5
09/27/2016 06:00:00 AM,37,19,18
09/27/2016 07:00:00 AM,76,40,36
09/27/2016 08:00:00 AM,137,84,53
09/27/2016 09:00:00 AM,77,42,35
09/27/2016 10:00:00 AM,38,20,18
09/27/2016 11:00:00 AM,39,23,16
09/27/2016 12:00:00 PM,33,11,22
09/27/2016 01:00:00 PM,35,18,17
09/27/2016 02:00:00 PM,65,25,40
09/27/2016 03:00:00 PM,66,38,28
09/27/2016 04:00:00 PM,114,77,37
09/27/2016 05:00:00 PM,203,143,60
09/27/2016 06:00:00 PM,122,71,51
09/27/2016 07:00:00 PM,31,19,12
09/27/2016 08:00:00 PM,22,13,9
09/27/2016 09:00:00 PM,6,4,2
09/27/2016 10:00:00 PM,6,2,4
09/27/2016 11:00:00 PM,2,1,1
09/28/2016 12:00:00 AM,0,0,0
09/28/2016 01:00:00 AM,0,0,0
09/28/2016 02:00:00 AM,2,0,2
09/28/2016 03:00:00 AM,0,0,0
09/28/2016 04:00:00 AM,2,1,1
09/28/2016 05:00:00 AM,6,1,5
09/28/2016 06:00:00 AM,32,16,16
09/28/2016 07:00:00 AM,76,39,37
09/28/2016 08:00:00 AM,138,89,49
09/28/2016 09:00:00 AM,72,40,32
09/28/2016 10:00:00 AM,37,19,18
09/28/2016 11:00:00 AM,35,19,16
09/28/2016 12:00:00 PM,25,12,13
09/28/2016 01:00:00 PM,36,23,13
09/28/2016 02:00:00 PM,66,32,34
09/28/2016 03:00:00 PM,75,52,23
09/28/2016 04:00:00 PM,125,88,37
09/28/2016 05:00:00 PM,187,133,54
09/28/2016 06:00:00 PM,132,90,42
09/28/2016 07:00:00 PM,36,26,10
09/28/2016 08:00:00 PM,19,11,8
09/28/2016 09:00:00 PM,32,4,28
09/28/2016 10:00:00 PM,14,3,11
09/28/2016 11:00:00 PM,5,1,4
09/29/2016 12:00:00 AM,2,2,0
09/29/2016 01:00:00 AM,2,1,1
09/29/2016 02:00:00 AM,1,1,0
09/29/2016 03:00:00 AM,0,0,0
09/29/2016 04:00:00 AM,1,0,1
09/29/2016 05:00:00 AM,16,4,12
09/29/2016 06:00:00 AM,45,23,22
09/29/2016 07:00:00 AM,82,54,28
09/29/2016 08:00:00 AM,138,94,44
09/29/2016 09:00:00 AM,69,39,30
09/29/2016 10:00:00 AM,28,12,16
09/29/2016 11:00:00 AM,48,19,29
09/29/2016 12:00:00 PM,23,10,13
09/29/2016 01:00:00 PM,34,17,17
09/29/2016 02:00:00 PM,41,24,17
09/29/2016 03:00:00 PM,50,28,22
09/29/2016 04:00:00 PM,128,93,35
09/29/2016 05:00:00 PM,178,113,65
09/29/2016 06:00:00 PM,84,54,30
09/29/2016 07:00:00 PM,38,22,16
09/29/2016 08:00:00 PM,13,7,6
09/29/2016 09:00:00 PM,10,5,5
09/29/2016 10:00:00 PM,14,7,7
09/29/2016 11:00:00 PM,6,2,4
09/30/2016 12:00:00 AM,5,5,0
09/30/2016 01:00:00 AM,1,1,0
09/30/2016 02:00:00 AM,4,3,1
09/30/2016 03:00:00 AM,0,0,0
09/30/2016 04:00:00 AM,0,0,0
09/30/2016 05:00:00 AM,3,0,3
09/30/2016 06:00:00 AM,34,20,14
09/30/2016 07:00:00 AM,67,38,29
09/30/2016 08:00:00 AM,122,75,47
09/30/2016 09:00:00 AM,69,35,34
09/30/2016 10:00:00 AM,30,20,10
09/30/2016 11:00:00 AM,31,19,12
09/30/2016 12:00:00 PM,45,21,24
09/30/2016 01:00:00 PM,29,19,10
09/30/2016 02:00:00 PM,36,23,13
09/30/2016 03:00:00 PM,74,44,30
09/30/2016 04:00:00 PM,118,84,34
09/30/2016 05:00:00 PM,139,105,34
09/30/2016 06:00:00 PM,88,58,30
09/30/2016 07:00:00 PM,26,18,8
09/30/2016 08:00:00 PM,10,6,4
09/30/2016 09:00:00 PM,7,3,4
09/30/2016 10:00:00 PM,7,3,4
09/30/2016 11:00:00 PM,3,0,3
10/01/2016 12:00:00 AM,6,1,5
10/01/2016 01:00:00 AM,2,2,0
10/01/2016 02:00:00 AM,1,1,0
10/01/2016 03:00:00 AM,0,0,0
10/01/2016 04:00:00 AM,0,0,0
10/01/2016 05:00:00 AM,1,0,1
10/01/2016 06:00:00 AM,4,3,1
10/01/2016 07:00:00 AM,6,4,2
10/01/2016 08:00:00 AM,16,9,7
10/01/2016 09:00:00 AM,7,5,2
10/01/2016 10:00:00 AM,11,9,2
10/01/2016 11:00:00 AM,24,13,11
10/01/2016 12:00:00 PM,19,9,10
10/01/2016 01:00:00 PM,14,5,9
10/01/2016 02:00:00 PM,16,9,7
10/01/2016 03:00:00 PM,27,12,15
10/01/2016 04:00:00 PM,18,8,10
10/01/2016 05:00:00 PM,17,14,3
10/01/2016 06:00:00 PM,16,8,8
10/01/2016 07:00:00 PM,21,0,21
10/01/2016 08:00:00 PM,3,1,2
10/01/2016 09:00:00 PM,3,2,1
10/01/2016 10:00:00 PM,5,4,1
10/01/2016 11:00:00 PM,6,3,3
10/02/2016 12:00:00 AM,2,1,1
10/02/2016 01:00:00 AM,0,0,0
10/02/2016 02:00:00 AM,3,2,1
10/02/2016 03:00:00 AM,1,0,1
10/02/2016 04:00:00 AM,0,0,0
10/02/2016 05:00:00 AM,1,1,0
10/02/2016 06:00:00 AM,0,0,0
10/02/2016 07:00:00 AM,5,3,2
10/02/2016 08:00:00 AM,6,3,3
10/02/2016 09:00:00 AM,10,6,4
10/02/2016 10:00:00 AM,18,10,8
10/02/2016 11:00:00 AM,33,23,10
10/02/2016 12:00:00 PM,17,12,5
10/02/2016 01:00:00 PM,23,12,11
10/02/2016 02:00:00 PM,20,11,9
10/02/2016 03:00:00 PM,31,11,20
10/02/2016 04:00:00 PM,19,12,7
10/02/2016 05:00:00 PM,15,5,10
10/02/2016 06:00:00 PM,12,2,10
10/02/2016 07:00:00 PM,14,8,6
10/02/2016 08:00:00 PM,6,1,5
10/02/2016 09:00:00 PM,2,2,0
10/02/2016 10:00:00 PM,2,1,1
10/02/2016 11:00:00 PM,0,0,0
10/03/2016 12:00:00 AM,2,0,2
10/03/2016 01:00:00 AM,0,0,0
10/03/2016 02:00:00 AM,0,0,0
10/03/2016 03:00:00 AM,0,0,0
10/03/2016 04:00:00 AM,0,0,0
10/03/2016 05:00:00 AM,9,6,3
10/03/2016 06:00:00 AM,31,15,16
10/03/2016 07:00:00 AM,76,40,36
10/03/2016 08:00:00 AM,142,82,60
10/03/2016 09:00:00 AM,65,32,33
10/03/2016 10:00:00 AM,33,16,17
10/03/2016 11:00:00 AM,27,14,13
10/03/2016 12:00:00 PM,30,18,12
10/03/2016 01:00:00 PM,27,13,14
10/03/2016 02:00:00 PM,25,15,10
10/03/2016 03:00:00 PM,48,31,17
10/03/2016 04:00:00 PM,105,73,32
10/03/2016 05:00:00 PM,169,128,41
10/03/2016 06:00:00 PM,82,51,31
10/03/2016 07:00:00 PM,26,17,9
10/03/2016 08:00:00 PM,7,4,3
10/03/2016 09:00:00 PM,9,6,3
10/03/2016 10:00:00 PM,4,4,0
10/03/2016 11:00:00 PM,5,2,3
10/04/2016 12:00:00 AM,0,0,0
10/04/2016 01:00:00 AM,0,0,0
10/04/2016 02:00:00 AM,0,0,0
10/04/2016 03:00:00 AM,2,2,0
10/04/2016 04:00:00 AM,1,0,1
10/04/2016 05:00:00 AM,5,1,4
10/04/2016 06:00:00 AM,20,8,12
10/04/2016 07:00:00 AM,53,31,22
10/04/2016 08:00:00 AM,107,60,47
10/04/2016 09:00:00 AM,54,31,23
10/04/2016 10:00:00 AM,29,15,14
10/04/2016 11:00:00 AM,24,13,11
10/04/2016 12:00:00 PM,24,13,11
10/04/2016 01:00:00 PM,18,11,7
10/04/2016 02:00:00 PM,23,16,7
10/04/2016 03:00:00 PM,43,35,8
10/04/2016 04:00:00 PM,91,58,33
10/04/2016 05:00:00 PM,143,99,44
10/04/2016 06:00:00 PM,57,41,16
10/04/2016 07:00:00 PM,24,13,11
10/04/2016 08:00:00 PM,13,7,6
10/04/2016 09:00:00 PM,4,3,1
10/04/2016 10:00:00 PM,4,1,3
10/04/2016 11:00:00 PM,1,0,1
10/05/2016 12:00:00 AM,0,0,0
10/05/2016 01:00:00 AM,1,0,1
10/05/2016 02:00:00 AM,0,0,0
10/05/2016 03:00:00 AM,0,0,0
10/05/2016 04:00:00 AM,2,2,0
10/05/2016 05:00:00 AM,7,2,5
10/05/2016 06:00:00 AM,27,13,14
10/05/2016 07:00:00 AM,49,25,24
10/05/2016 08:00:00 AM,105,58,47
10/05/2016 09:00:00 AM,61,30,31
10/05/2016 10:00:00 AM,31,12,19
10/05/2016 11:00:00 AM,18,7,11
10/05/2016 12:00:00 PM,16,10,6
10/05/2016 01:00:00 PM,23,9,14
10/05/2016 02:00:00 PM,45,23,22
10/05/2016 03:00:00 PM,51,38,13
10/05/2016 04:00:00 PM,105,79,26
10/05/2016 05:00:00 PM,148,97,51
10/05/2016 06:00:00 PM,80,53,27
10/05/2016 07:00:00 PM,15,7,8
10/05/2016 08:00:00 PM,13,6,7
10/05/2016 09:00:00 PM,6,4,2
10/05/2016 10:00:00 PM,5,3,2
10/05/2016 11:00:00 PM,0,0,0
10/06/2016 12:00:00 AM,2,1,1
10/06/2016 01:00:00 AM,0,0,0
10/06/2016 02:00:00 AM,2,1,1
10/06/2016 03:00:00 AM,0,0,0
10/06/2016 04:00:00 AM,1,1,0
10/06/2016 05:00:00 AM,3,1,2
10/06/2016 06:00:00 AM,23,12,11
10/06/2016 07:00:00 AM,61,29,32
10/06/2016 08:00:00 AM,113,73,40
10/06/2016 09:00:00 AM,62,33,29
10/06/2016 10:00:00 AM,33,16,17
10/06/2016 11:00:00 AM,37,13,24
10/06/2016 12:00:00 PM,33,18,15
10/06/2016 01:00:00 PM,30,12,18
10/06/2016 02:00:00 PM,35,23,12
10/06/2016 03:00:00 PM,52,33,19
10/06/2016 04:00:00 PM,105,80,25
10/06/2016 05:00:00 PM,159,113,46
10/06/2016 06:00:00 PM,71,48,23
10/06/2016 07:00:00 PM,26,13,13
10/06/2016 08:00:00 PM,16,10,6
10/06/2016 09:00:00 PM,6,2,4
10/06/2016 10:00:00 PM,7,5,2
10/06/2016 11:00:00 PM,1,0,1
10/07/2016 12:00:00 AM,1,0,1
10/07/2016 01:00:00 AM,0,0,0
10/07/2016 02:00:00 AM,0,0,0
10/07/2016 03:00:00 AM,0,0,0
10/07/2016 04:00:00 AM,0,0,0
10/07/2016 05:00:00 AM,2,0,2
10/07/2016 06:00:00 AM,19,10,9
10/07/2016 07:00:00 AM,53,30,23
10/07/2016 08:00:00 AM,79,47,32
10/07/2016 09:00:00 AM,50,25,25
10/07/2016 10:00:00 AM,25,11,14
10/07/2016 11:00:00 AM,37,19,18
10/07/2016 12:00:00 PM,26,13,13
10/07/2016 01:00:00 PM,23,13,10
10/07/2016 02:00:00 PM,27,20,7
10/07/2016 03:00:00 PM,39,19,20
10/07/2016 04:00:00 PM,89,61,28
10/07/2016 05:00:00 PM,106,68,38
10/07/2016 06:00:00 PM,53,33,20
10/07/2016 07:00:00 PM,25,10,15
10/07/2016 08:00:00 PM,7,4,3
10/07/2016 09:00:00 PM,7,6,1
10/07/2016 10:00:00 PM,6,5,1
10/07/2016 11:00:00 PM,6,4,2
10/08/2016 12:00:00 AM,1,1,0
10/08/2016 01:00:00 AM,0,0,0
10/08/2016 02:00:00 AM,1,1,0
10/08/2016 03:00:00 AM,1,1,0
10/08/2016 04:00:00 AM,1,1,0
10/08/2016 05:00:00 AM,0,0,0
10/08/2016 06:00:00 AM,2,1,1
10/08/2016 07:00:00 AM,2,2,0
10/08/2016 08:00:00 AM,4,1,3
10/08/2016 09:00:00 AM,12,7,5
10/08/2016 10:00:00 AM,6,5,1
10/08/2016 11:00:00 AM,15,11,4
10/08/2016 12:00:00 PM,18,15,3
10/08/2016 01:00:00 PM,5,2,3
10/08/2016 02:00:00 PM,10,4,6
10/08/2016 03:00:00 PM,3,3,0
10/08/2016 04:00:00 PM,8,6,2
10/08/2016 05:00:00 PM,5,4,1
10/08/2016 06:00:00 PM,10,7,3
10/08/2016 07:00:00 PM,8,1,7
10/08/2016 08:00:00 PM,3,3,0
10/08/2016 09:00:00 PM,1,0,1
10/08/2016 10:00:00 PM,2,1,1
10/08/2016 11:00:00 PM,3,1,2
10/09/2016 12:00:00 AM,1,1,0
10/09/2016 01:00:00 AM,1,1,0
10/09/2016 02:00:00 AM,0,0,0
10/09/2016 03:00:00 AM,1,0,1
10/09/2016 04:00:00 AM,1,0,1
10/09/2016 05:00:00 AM,1,0,1
10/09/2016 06:00:00 AM,2,0,2
10/09/2016 07:00:00 AM,1,0,1
10/09/2016 08:00:00 AM,5,4,1
10/09/2016 09:00:00 AM,10,7,3
10/09/2016 10:00:00 AM,11,7,4
10/09/2016 11:00:00 AM,12,8,4
10/09/2016 12:00:00 PM,4,3,1
10/09/2016 01:00:00 PM,15,6,9
10/09/2016 02:00:00 PM,17,11,6
10/09/2016 03:00:00 PM,10,5,5
10/09/2016 04:00:00 PM,13,7,6
10/09/2016 05:00:00 PM,22,11,11
10/09/2016 06:00:00 PM,8,3,5
10/09/2016 07:00:00 PM,0,0,0
10/09/2016 08:00:00 PM,4,3,1
10/09/2016 09:00:00 PM,3,1,2
10/09/2016 10:00:00 PM,2,2,0
10/09/2016 11:00:00 PM,2,1,1
10/10/2016 12:00:00 AM,1,1,0
10/10/2016 01:00:00 AM,0,0,0
10/10/2016 02:00:00 AM,2,1,1
10/10/2016 03:00:00 AM,0,0,0
10/10/2016 04:00:00 AM,1,1,0
10/10/2016 05:00:00 AM,4,0,4
10/10/2016 06:00:00 AM,13,3,10
10/10/2016 07:00:00 AM,66,37,29
10/10/2016 08:00:00 AM,117,70,47
10/10/2016 09:00:00 AM,67,37,30
10/10/2016 10:00:00 AM,23,14,9
10/10/2016 11:00:00 AM,26,13,13
10/10/2016 12:00:00 PM,28,11,17
10/10/2016 01:00:00 PM,21,12,9
10/10/2016 02:00:00 PM,26,16,10
10/10/2016 03:00:00 PM,44,32,12
10/10/2016 04:00:00 PM,116,82,34
10/10/2016 05:00:00 PM,166,124,42
10/10/2016 06:00:00 PM,58,38,20
10/10/2016 07:00:00 PM,27,13,14
10/10/2016 08:00:00 PM,9,3,6
10/10/2016 09:00:00 PM,12,7,5
10/10/2016 10:00:00 PM,3,1,2
10/10/2016 11:00:00 PM,4,2,2
10/11/2016 12:00:00 AM,2,0,2
10/11/2016 01:00:00 AM,0,0,0
10/11/2016 02:00:00 AM,0,0,0
10/11/2016 03:00:00 AM,0,0,0
10/11/2016 04:00:00 AM,3,3,0
10/11/2016 05:00:00 AM,9,4,5
10/11/2016 06:00:00 AM,29,12,17
10/11/2016 07:00:00 AM,67,34,33
10/11/2016 08:00:00 AM,123,67,56
10/11/2016 09:00:00 AM,73,37,36
10/11/2016 10:00:00 AM,29,14,15
10/11/2016 11:00:00 AM,31,15,16
10/11/2016 12:00:00 PM,28,12,16
10/11/2016 01:00:00 PM,30,16,14
10/11/2016 02:00:00 PM,40,27,13
10/11/2016 03:00:00 PM,61,36,25
10/11/2016 04:00:00 PM,129,93,36
10/11/2016 05:00:00 PM,172,116,56
10/11/2016 06:00:00 PM,76,49,27
10/11/2016 07:00:00 PM,21,11,10
10/11/2016 08:00:00 PM,15,9,6
10/11/2016 09:00:00 PM,9,6,3
10/11/2016 10:00:00 PM,4,4,0
10/11/2016 11:00:00 PM,4,2,2
10/12/2016 12:00:00 AM,4,1,3
10/12/2016 01:00:00 AM,1,0,1
10/12/2016 02:00:00 AM,3,2,1
10/12/2016 03:00:00 AM,5,0,5
10/12/2016 04:00:00 AM,0,0,0
10/12/2016 05:00:00 AM,9,3,6
10/12/2016 06:00:00 AM,24,11,13
10/12/2016 07:00:00 AM,73,37,36
10/12/2016 08:00:00 AM,129,78,51
10/12/2016 09:00:00 AM,69,38,31
10/12/2016 10:00:00 AM,28,14,14
10/12/2016 11:00:00 AM,57,25,32
10/12/2016 12:00:00 PM,39,14,25
10/12/2016 01:00:00 PM,27,18,9
10/12/2016 02:00:00 PM,39,24,15
10/12/2016 03:00:00 PM,59,46,13
10/12/2016 04:00:00 PM,99,74,25
10/12/2016 05:00:00 PM,181,130,51
10/12/2016 06:00:00 PM,85,57,28
10/12/2016 07:00:00 PM,43,29,14
10/12/2016 08:00:00 PM,10,7,3
10/12/2016 09:00:00 PM,20,4,16
10/12/2016 10:00:00 PM,8,4,4
10/12/2016 11:00:00 PM,3,1,2
10/13/2016 12:00:00 AM,2,1,1
10/13/2016 01:00:00 AM,0,0,0
10/13/2016 02:00:00 AM,1,1,0
10/13/2016 03:00:00 AM,2,2,0
10/13/2016 04:00:00 AM,2,2,0
10/13/2016 05:00:00 AM,2,0,2
10/13/2016 06:00:00 AM,13,3,10
10/13/2016 07:00:00 AM,24,11,13
10/13/2016 08:00:00 AM,45,27,18
10/13/2016 09:00:00 AM,22,9,13
10/13/2016 10:00:00 AM,12,5,7
10/13/2016 11:00:00 AM,22,8,14
10/13/2016 12:00:00 PM,16,7,9
10/13/2016 01:00:00 PM,11,2,9
10/13/2016 02:00:00 PM,16,9,7
10/13/2016 03:00:00 PM,33,26,7
10/13/2016 04:00:00 PM,57,36,21
10/13/2016 05:00:00 PM,64,47,17
10/13/2016 06:00:00 PM,30,23,7
10/13/2016 07:00:00 PM,14,10,4
10/13/2016 08:00:00 PM,4,2,2
10/13/2016 09:00:00 PM,2,1,1
10/13/2016 10:00:00 PM,3,0,3
10/13/2016 11:00:00 PM,0,0,0
10/14/2016 12:00:00 AM,0,0,0
10/14/2016 01:00:00 AM,0,0,0
10/14/2016 02:00:00 AM,0,0,0
10/14/2016 03:00:00 AM,0,0,0
10/14/2016 04:00:00 AM,1,1,0
10/14/2016 05:00:00 AM,3,1,2
10/14/2016 06:00:00 AM,8,6,2
10/14/2016 07:00:00 AM,11,7,4
10/14/2016 08:00:00 AM,31,14,17
10/14/2016 09:00:00 AM,24,18,6
10/14/2016 10:00:00 AM,11,3,8
10/14/2016 11:00:00 AM,12,4,8
10/14/2016 12:00:00 PM,14,8,6
10/14/2016 01:00:00 PM,9,2,7
10/14/2016 02:00:00 PM,15,9,6
10/14/2016 03:00:00 PM,16,10,6
10/14/2016 04:00:00 PM,45,32,13
10/14/2016 05:00:00 PM,46,29,17
10/14/2016 06:00:00 PM,19,11,8
10/14/2016 07:00:00 PM,6,3,3
10/14/2016 08:00:00 PM,0,0,0
10/14/2016 09:00:00 PM,1,0,1
10/14/2016 10:00:00 PM,1,0,1
10/14/2016 11:00:00 PM,0,0,0
10/15/2016 12:00:00 AM,2,2,0
10/15/2016 01:00:00 AM,0,0,0
10/15/2016 02:00:00 AM,0,0,0
10/15/2016 03:00:00 AM,2,1,1
10/15/2016 04:00:00 AM,1,1,0
10/15/2016 05:00:00 AM,0,0,0
10/15/2016 06:00:00 AM,1,1,0
10/15/2016 07:00:00 AM,2,1,1
10/15/2016 08:00:00 AM,0,0,0
10/15/2016 09:00:00 AM,1,1,0
10/15/2016 10:00:00 AM,2,1,1
10/15/2016 11:00:00 AM,1,1,0
10/15/2016 12:00:00 PM,2,0,2
10/15/2016 01:00:00 PM,4,3,1
10/15/2016 02:00:00 PM,7,4,3
10/15/2016 03:00:00 PM,6,4,2
10/15/2016 04:00:00 PM,5,3,2
10/15/2016 05:00:00 PM,5,0,5
10/15/2016 06:00:00 PM,2,0,2
10/15/2016 07:00:00 PM,2,2,0
10/15/2016 08:00:00 PM,8,4,4
10/15/2016 09:00:00 PM,1,1,0
10/15/2016 10:00:00 PM,0,0,0
10/15/2016 11:00:00 PM,3,2,1
10/16/2016 12:00:00 AM,1,1,0
10/16/2016 01:00:00 AM,1,1,0
10/16/2016 02:00:00 AM,0,0,0
10/16/2016 03:00:00 AM,0,0,0
10/16/2016 04:00:00 AM,0,0,0
10/16/2016 05:00:00 AM,1,1,0
10/16/2016 06:00:00 AM,0,0,0
10/16/2016 07:00:00 AM,1,1,0
10/16/2016 08:00:00 AM,6,1,5
10/16/2016 09:00:00 AM,4,3,1
10/16/2016 10:00:00 AM,5,4,1
10/16/2016 11:00:00 AM,10,7,3
10/16/2016 12:00:00 PM,9,2,7
10/16/2016 01:00:00 PM,6,2,4
10/16/2016 02:00:00 PM,5,2,3
10/16/2016 03:00:00 PM,6,3,3
10/16/2016 04:00:00 PM,14,8,6
10/16/2016 05:00:00 PM,12,6,6
10/16/2016 06:00:00 PM,8,6,2
10/16/2016 07:00:00 PM,2,1,1
10/16/2016 08:00:00 PM,5,3,2
10/16/2016 09:00:00 PM,0,0,0
10/16/2016 10:00:00 PM,1,0,1
10/16/2016 11:00:00 PM,0,0,0
10/17/2016 12:00:00 AM,0,0,0
10/17/2016 01:00:00 AM,0,0,0
10/17/2016 02:00:00 AM,0,0,0
10/17/2016 03:00:00 AM,0,0,0
10/17/2016 04:00:00 AM,2,1,1
10/17/2016 05:00:00 AM,6,2,4
10/17/2016 06:00:00 AM,17,5,12
10/17/2016 07:00:00 AM,47,23,24
10/17/2016 08:00:00 AM,94,55,39
10/17/2016 09:00:00 AM,49,25,24
10/17/2016 10:00:00 AM,12,5,7
10/17/2016 11:00:00 AM,13,6,7
10/17/2016 12:00:00 PM,16,9,7
10/17/2016 01:00:00 PM,20,11,9
10/17/2016 02:00:00 PM,24,15,9
10/17/2016 03:00:00 PM,31,20,11
10/17/2016 04:00:00 PM,91,60,31
10/17/2016 05:00:00 PM,135,102,33
10/17/2016 06:00:00 PM,43,30,13
10/17/2016 07:00:00 PM,18,11,7
10/17/2016 08:00:00 PM,11,7,4
10/17/2016 09:00:00 PM,3,1,2
10/17/2016 10:00:00 PM,2,1,1
10/17/2016 11:00:00 PM,3,3,0
10/18/2016 12:00:00 AM,0,0,0
10/18/2016 01:00:00 AM,1,0,1
10/18/2016 02:00:00 AM,0,0,0
10/18/2016 03:00:00 AM,0,0,0
10/18/2016 04:00:00 AM,3,1,2
10/18/2016 05:00:00 AM,4,2,2
10/18/2016 06:00:00 AM,26,10,16
10/18/2016 07:00:00 AM,49,24,25
10/18/2016 08:00:00 AM,98,52,46
10/18/2016 09:00:00 AM,53,29,24
10/18/2016 10:00:00 AM,27,14,13
10/18/2016 11:00:00 AM,23,9,14
10/18/2016 12:00:00 PM,26,15,11
10/18/2016 01:00:00 PM,28,15,13
10/18/2016 02:00:00 PM,35,25,10
10/18/2016 03:00:00 PM,31,19,12
10/18/2016 04:00:00 PM,77,53,24
10/18/2016 05:00:00 PM,146,100,46
10/18/2016 06:00:00 PM,54,35,19
10/18/2016 07:00:00 PM,21,9,12
10/18/2016 08:00:00 PM,14,9,5
10/18/2016 09:00:00 PM,6,3,3
10/18/2016 10:00:00 PM,5,2,3
10/18/2016 11:00:00 PM,9,4,5
10/19/2016 12:00:00 AM,0,0,0
10/19/2016 01:00:00 AM,2,0,2
10/19/2016 02:00:00 AM,2,0,2
10/19/2016 03:00:00 AM,0,0,0
10/19/2016 04:00:00 AM,1,1,0
10/19/2016 05:00:00 AM,5,1,4
10/19/2016 06:00:00 AM,31,17,14
10/19/2016 07:00:00 AM,59,27,32
10/19/2016 08:00:00 AM,122,67,55
10/19/2016 09:00:00 AM,65,32,33
10/19/2016 10:00:00 AM,23,11,12
10/19/2016 11:00:00 AM,36,17,19
10/19/2016 12:00:00 PM,19,10,9
10/19/2016 01:00:00 PM,30,17,13
10/19/2016 02:00:00 PM,32,19,13
10/19/2016 03:00:00 PM,51,29,22
10/19/2016 04:00:00 PM,114,83,31
10/19/2016 05:00:00 PM,159,103,56
10/19/2016 06:00:00 PM,61,41,20
10/19/2016 07:00:00 PM,27,15,12
10/19/2016 08:00:00 PM,12,5,7
10/19/2016 09:00:00 PM,4,3,1
10/19/2016 10:00:00 PM,6,2,4
10/19/2016 11:00:00 PM,3,3,0
10/20/2016 12:00:00 AM,0,0,0
10/20/2016 01:00:00 AM,0,0,0
10/20/2016 02:00:00 AM,0,0,0
10/20/2016 03:00:00 AM,23,0,23
10/20/2016 04:00:00 AM,1,1,0
10/20/2016 05:00:00 AM,2,0,2
10/20/2016 06:00:00 AM,14,6,8
10/20/2016 07:00:00 AM,42,22,20
10/20/2016 08:00:00 AM,66,44,22
10/20/2016 09:00:00 AM,34,18,16
10/20/2016 10:00:00 AM,18,8,10
10/20/2016 11:00:00 AM,19,9,10
10/20/2016 12:00:00 PM,19,10,9
10/20/2016 01:00:00 PM,12,6,6
10/20/2016 02:00:00 PM,17,8,9
10/20/2016 03:00:00 PM,31,21,10
10/20/2016 04:00:00 PM,76,46,30
10/20/2016 05:00:00 PM,109,77,32
10/20/2016 06:00:00 PM,45,31,14
10/20/2016 07:00:00 PM,18,9,9
10/20/2016 08:00:00 PM,12,4,8
10/20/2016 09:00:00 PM,7,3,4
10/20/2016 10:00:00 PM,4,3,1
10/20/2016 11:00:00 PM,2,0,2
10/21/2016 12:00:00 AM,0,0,0
10/21/2016 01:00:00 AM,2,1,1
10/21/2016 02:00:00 AM,0,0,0
10/21/2016 03:00:00 AM,0,0,0
10/21/2016 04:00:00 AM,1,1,0
10/21/2016 05:00:00 AM,3,1,2
10/21/2016 06:00:00 AM,22,10,12
10/21/2016 07:00:00 AM,38,17,21
10/21/2016 08:00:00 AM,80,44,36
10/21/2016 09:00:00 AM,57,34,23
10/21/2016 10:00:00 AM,28,16,12
10/21/2016 11:00:00 AM,19,10,9
10/21/2016 12:00:00 PM,36,23,13
10/21/2016 01:00:00 PM,40,19,21
10/21/2016 02:00:00 PM,31,13,18
10/21/2016 03:00:00 PM,48,30,18
10/21/2016 04:00:00 PM,92,56,36
10/21/2016 05:00:00 PM,122,82,40
10/21/2016 06:00:00 PM,51,31,20
10/21/2016 07:00:00 PM,19,10,9
10/21/2016 08:00:00 PM,16,5,11
10/21/2016 09:00:00 PM,5,1,4
10/21/2016 10:00:00 PM,6,3,3
10/21/2016 11:00:00 PM,4,2,2
10/22/2016 12:00:00 AM,2,0,2
10/22/2016 01:00:00 AM,2,0,2
10/22/2016 02:00:00 AM,0,0,0
10/22/2016 03:00:00 AM,1,0,1
10/22/2016 04:00:00 AM,0,0,0
10/22/2016 05:00:00 AM,2,1,1
10/22/2016 06:00:00 AM,0,0,0
10/22/2016 07:00:00 AM,5,4,1
10/22/2016 08:00:00 AM,13,10,3
10/22/2016 09:00:00 AM,9,7,2
10/22/2016 10:00:00 AM,9,8,1
10/22/2016 11:00:00 AM,20,12,8
10/22/2016 12:00:00 PM,19,12,7
10/22/2016 01:00:00 PM,33,13,20
10/22/2016 02:00:00 PM,23,12,11
10/22/2016 03:00:00 PM,27,16,11
10/22/2016 04:00:00 PM,21,10,11
10/22/2016 05:00:00 PM,15,7,8
10/22/2016 06:00:00 PM,17,8,9
10/22/2016 07:00:00 PM,6,1,5
10/22/2016 08:00:00 PM,12,9,3
10/22/2016 09:00:00 PM,8,5,3
10/22/2016 10:00:00 PM,8,5,3
10/22/2016 11:00:00 PM,8,4,4
10/23/2016 12:00:00 AM,2,1,1
10/23/2016 01:00:00 AM,0,0,0
10/23/2016 02:00:00 AM,3,2,1
10/23/2016 03:00:00 AM,0,0,0
10/23/2016 04:00:00 AM,0,0,0
10/23/2016 05:00:00 AM,0,0,0
10/23/2016 06:00:00 AM,1,1,0
10/23/2016 07:00:00 AM,1,0,1
10/23/2016 08:00:00 AM,4,2,2
10/23/2016 09:00:00 AM,8,7,1
10/23/2016 10:00:00 AM,11,6,5
10/23/2016 11:00:00 AM,20,10,10
10/23/2016 12:00:00 PM,41,30,11
10/23/2016 01:00:00 PM,22,18,4
10/23/2016 02:00:00 PM,19,12,7
10/23/2016 03:00:00 PM,42,15,27
10/23/2016 04:00:00 PM,24,10,14
10/23/2016 05:00:00 PM,17,14,3
10/23/2016 06:00:00 PM,9,3,6
10/23/2016 07:00:00 PM,12,5,7
10/23/2016 08:00:00 PM,5,1,4
10/23/2016 09:00:00 PM,1,1,0
10/23/2016 10:00:00 PM,6,3,3
10/23/2016 11:00:00 PM,2,1,1
10/24/2016 12:00:00 AM,1,0,1
10/24/2016 01:00:00 AM,1,1,0
10/24/2016 02:00:00 AM,1,1,0
10/24/2016 03:00:00 AM,0,0,0
10/24/2016 04:00:00 AM,1,1,0
10/24/2016 05:00:00 AM,4,1,3
10/24/2016 06:00:00 AM,30,12,18
10/24/2016 07:00:00 AM,57,30,27
10/24/2016 08:00:00 AM,110,65,45
10/24/2016 09:00:00 AM,64,35,29
10/24/2016 10:00:00 AM,35,12,23
10/24/2016 11:00:00 AM,25,10,15
10/24/2016 12:00:00 PM,24,14,10
10/24/2016 01:00:00 PM,24,14,10
10/24/2016 02:00:00 PM,31,20,11
10/24/2016 03:00:00 PM,48,29,19
10/24/2016 04:00:00 PM,98,61,37
10/24/2016 05:00:00 PM,129,96,33
10/24/2016 06:00:00 PM,50,31,19
10/24/2016 07:00:00 PM,23,9,14
10/24/2016 08:00:00 PM,9,5,4
10/24/2016 09:00:00 PM,2,2,0
10/24/2016 10:00:00 PM,2,1,1
10/24/2016 11:00:00 PM,3,1,2
10/25/2016 12:00:00 AM,2,1,1
10/25/2016 01:00:00 AM,2,1,1
10/25/2016 02:00:00 AM,1,1,0
10/25/2016 03:00:00 AM,0,0,0
10/25/2016 04:00:00 AM,3,3,0
10/25/2016 05:00:00 AM,8,3,5
10/25/2016 06:00:00 AM,27,14,13
10/25/2016 07:00:00 AM,65,30,35
10/25/2016 08:00:00 AM,97,58,39
10/25/2016 09:00:00 AM,62,45,17
10/25/2016 10:00:00 AM,35,19,16
10/25/2016 11:00:00 AM,23,11,12
10/25/2016 12:00:00 PM,25,13,12
10/25/2016 01:00:00 PM,29,19,10
10/25/2016 02:00:00 PM,33,16,17
10/25/2016 03:00:00 PM,38,27,11
10/25/2016 04:00:00 PM,94,64,30
10/25/2016 05:00:00 PM,130,89,41
10/25/2016 06:00:00 PM,71,46,25
10/25/2016 07:00:00 PM,23,13,10
10/25/2016 08:00:00 PM,9,7,2
10/25/2016 09:00:00 PM,12,7,5
10/25/2016 10:00:00 PM,3,1,2
10/25/2016 11:00:00 PM,2,0,2
10/26/2016 12:00:00 AM,3,1,2
10/26/2016 01:00:00 AM,0,0,0
10/26/2016 02:00:00 AM,4,2,2
10/26/2016 03:00:00 AM,0,0,0
10/26/2016 04:00:00 AM,3,2,1
10/26/2016 05:00:00 AM,3,0,3
10/26/2016 06:00:00 AM,24,11,13
10/26/2016 07:00:00 AM,46,21,25
10/26/2016 08:00:00 AM,63,38,25
10/26/2016 09:00:00 AM,41,23,18
10/26/2016 10:00:00 AM,22,10,12
10/26/2016 11:00:00 AM,12,6,6
10/26/2016 12:00:00 PM,19,12,7
10/26/2016 01:00:00 PM,16,4,12
10/26/2016 02:00:00 PM,16,10,6
10/26/2016 03:00:00 PM,32,19,13
10/26/2016 04:00:00 PM,67,44,23
10/26/2016 05:00:00 PM,102,66,36
10/26/2016 06:00:00 PM,40,20,20
10/26/2016 07:00:00 PM,12,9,3
10/26/2016 08:00:00 PM,15,12,3
10/26/2016 09:00:00 PM,1,0,1
10/26/2016 10:00:00 PM,1,0,1
10/26/2016 11:00:00 PM,1,1,0
10/27/2016 12:00:00 AM,1,0,1
10/27/2016 01:00:00 AM,0,0,0
10/27/2016 02:00:00 AM,1,1,0
10/27/2016 03:00:00 AM,1,1,0
10/27/2016 04:00:00 AM,2,2,0
10/27/2016 05:00:00 AM,6,1,5
10/27/2016 06:00:00 AM,19,11,8
10/27/2016 07:00:00 AM,47,24,23
10/27/2016 08:00:00 AM,90,57,33
10/27/2016 09:00:00 AM,51,29,22
10/27/2016 10:00:00 AM,30,14,16
10/27/2016 11:00:00 AM,24,10,14
10/27/2016 12:00:00 PM,29,11,18
10/27/2016 01:00:00 PM,35,17,18
10/27/2016 02:00:00 PM,40,26,14
10/27/2016 03:00:00 PM,44,29,15
10/27/2016 04:00:00 PM,92,61,31
10/27/2016 05:00:00 PM,134,94,40
10/27/2016 06:00:00 PM,80,53,27
10/27/2016 07:00:00 PM,15,12,3
10/27/2016 08:00:00 PM,13,7,6
10/27/2016 09:00:00 PM,18,2,16
10/27/2016 10:00:00 PM,8,5,3
10/27/2016 11:00:00 PM,5,1,4
10/28/2016 12:00:00 AM,2,0,2
10/28/2016 01:00:00 AM,1,1,0
10/28/2016 02:00:00 AM,0,0,0
10/28/2016 03:00:00 AM,1,1,0
10/28/2016 04:00:00 AM,0,0,0
10/28/2016 05:00:00 AM,3,0,3
10/28/2016 06:00:00 AM,29,18,11
10/28/2016 07:00:00 AM,47,25,22
10/28/2016 08:00:00 AM,81,52,29
10/28/2016 09:00:00 AM,47,26,21
10/28/2016 10:00:00 AM,21,9,12
10/28/2016 11:00:00 AM,30,9,21
10/28/2016 12:00:00 PM,37,18,19
10/28/2016 01:00:00 PM,31,14,17
10/28/2016 02:00:00 PM,37,23,14
10/28/2016 03:00:00 PM,55,28,27
10/28/2016 04:00:00 PM,87,65,22
10/28/2016 05:00:00 PM,133,93,40
10/28/2016 06:00:00 PM,61,45,16
10/28/2016 07:00:00 PM,20,8,12
10/28/2016 08:00:00 PM,11,5,6
10/28/2016 09:00:00 PM,7,5,2
10/28/2016 10:00:00 PM,4,3,1
10/28/2016 11:00:00 PM,4,4,0
10/29/2016 12:00:00 AM,2,1,1
10/29/2016 01:00:00 AM,3,2,1
10/29/2016 02:00:00 AM,1,1,0
10/29/2016 03:00:00 AM,1,1,0
10/29/2016 04:00:00 AM,1,0,1
10/29/2016 05:00:00 AM,1,1,0
10/29/2016 06:00:00 AM,2,1,1
10/29/2016 07:00:00 AM,4,3,1
10/29/2016 08:00:00 AM,7,4,3
10/29/2016 09:00:00 AM,3,1,2
10/29/2016 10:00:00 AM,5,4,1
10/29/2016 11:00:00 AM,1,0,1
10/29/2016 12:00:00 PM,3,1,2
10/29/2016 01:00:00 PM,12,4,8
10/29/2016 02:00:00 PM,9,6,3
10/29/2016 03:00:00 PM,11,10,1
10/29/2016 04:00:00 PM,15,9,6
10/29/2016 05:00:00 PM,20,11,9
10/29/2016 06:00:00 PM,18,7,11
10/29/2016 07:00:00 PM,10,4,6
10/29/2016 08:00:00 PM,7,2,5
10/29/2016 09:00:00 PM,3,1,2
10/29/2016 10:00:00 PM,13,6,7
10/29/2016 11:00:00 PM,4,3,1
10/30/2016 12:00:00 AM,2,0,2
10/30/2016 01:00:00 AM,3,3,0
10/30/2016 02:00:00 AM,3,2,1
10/30/2016 03:00:00 AM,0,0,0
10/30/2016 04:00:00 AM,0,0,0
10/30/2016 05:00:00 AM,1,0,1
10/30/2016 06:00:00 AM,0,0,0
10/30/2016 07:00:00 AM,1,0,1
10/30/2016 08:00:00 AM,4,2,2
10/30/2016 09:00:00 AM,6,3,3
10/30/2016 10:00:00 AM,10,4,6
10/30/2016 11:00:00 AM,8,4,4
10/30/2016 12:00:00 PM,17,4,13
10/30/2016 01:00:00 PM,13,5,8
10/30/2016 02:00:00 PM,4,3,1
10/30/2016 03:00:00 PM,11,8,3
10/30/2016 04:00:00 PM,8,4,4
10/30/2016 05:00:00 PM,15,11,4
10/30/2016 06:00:00 PM,11,8,3
10/30/2016 07:00:00 PM,2,2,0
10/30/2016 08:00:00 PM,8,1,7
10/30/2016 09:00:00 PM,5,4,1
10/30/2016 10:00:00 PM,5,2,3
10/30/2016 11:00:00 PM,0,0,0
10/31/2016 12:00:00 AM,0,0,0
10/31/2016 01:00:00 AM,0,0,0
10/31/2016 02:00:00 AM,2,2,0
10/31/2016 03:00:00 AM,0,0,0
10/31/2016 04:00:00 AM,1,1,0
10/31/2016 05:00:00 AM,4,1,3
10/31/2016 06:00:00 AM,20,8,12
10/31/2016 07:00:00 AM,39,17,22
10/31/2016 08:00:00 AM,68,40,28
10/31/2016 09:00:00 AM,38,17,21
10/31/2016 10:00:00 AM,19,7,12
10/31/2016 11:00:00 AM,19,6,13
10/31/2016 12:00:00 PM,16,9,7
10/31/2016 01:00:00 PM,14,6,8
10/31/2016 02:00:00 PM,23,19,4
10/31/2016 03:00:00 PM,46,35,11
10/31/2016 04:00:00 PM,103,73,30
10/31/2016 05:00:00 PM,104,68,36
10/31/2016 06:00:00 PM,33,19,14
10/31/2016 07:00:00 PM,6,2,4
10/31/2016 08:00:00 PM,2,1,1
10/31/2016 09:00:00 PM,2,0,2
10/31/2016 10:00:00 PM,1,0,1
10/31/2016 11:00:00 PM,1,0,1
11/01/2016 12:00:00 AM,1,1,0
11/01/2016 01:00:00 AM,1,1,0
11/01/2016 02:00:00 AM,1,1,0
11/01/2016 03:00:00 AM,2,2,0
11/01/2016 04:00:00 AM,4,4,0
11/01/2016 05:00:00 AM,7,7,0
11/01/2016 06:00:00 AM,53,53,0
11/01/2016 07:00:00 AM,59,59,0
11/01/2016 08:00:00 AM,19,18,1
11/01/2016 09:00:00 AM,0,0,0
11/01/2016 10:00:00 AM,0,0,0
11/01/2016 11:00:00 AM,0,0,0
11/01/2016 12:00:00 PM,0,0,0
11/01/2016 01:00:00 PM,0,0,0
11/01/2016 02:00:00 PM,0,0,0
11/01/2016 03:00:00 PM,0,0,0
11/01/2016 04:00:00 PM,0,0,0
11/01/2016 05:00:00 PM,0,0,0
11/01/2016 06:00:00 PM,1,1,0
11/01/2016 07:00:00 PM,0,0,0
11/01/2016 08:00:00 PM,0,0,0
11/01/2016 09:00:00 PM,0,0,0
11/01/2016 10:00:00 PM,0,0,0
11/01/2016 11:00:00 PM,0,0,0
11/02/2016 12:00:00 AM,0,0,0
11/02/2016 01:00:00 AM,0,0,0
11/02/2016 02:00:00 AM,0,0,0
11/02/2016 03:00:00 AM,0,0,0
11/02/2016 04:00:00 AM,0,0,0
11/02/2016 05:00:00 AM,0,0,0
11/02/2016 06:00:00 AM,0,0,0
11/02/2016 07:00:00 AM,0,0,0
11/02/2016 08:00:00 AM,0,0,0
11/02/2016 09:00:00 AM,0,0,0
11/02/2016 10:00:00 AM,0,0,0
11/02/2016 11:00:00 AM,0,0,0
11/02/2016 12:00:00 PM,0,0,0
11/02/2016 01:00:00 PM,0,0,0
11/02/2016 02:00:00 PM,0,0,0
11/02/2016 03:00:00 PM,0,0,0
11/02/2016 04:00:00 PM,0,0,0
11/02/2016 05:00:00 PM,0,0,0
11/02/2016 06:00:00 PM,0,0,0
11/02/2016 07:00:00 PM,0,0,0
11/02/2016 08:00:00 PM,0,0,0
11/02/2016 09:00:00 PM,0,0,0
11/02/2016 10:00:00 PM,0,0,0
11/02/2016 11:00:00 PM,0,0,0
11/03/2016 12:00:00 AM,0,0,0
11/03/2016 01:00:00 AM,0,0,0
11/03/2016 02:00:00 AM,0,0,0
11/03/2016 03:00:00 AM,0,0,0
11/03/2016 04:00:00 AM,0,0,0
11/03/2016 05:00:00 AM,0,0,0
11/03/2016 06:00:00 AM,0,0,0
11/03/2016 07:00:00 AM,0,0,0
11/03/2016 08:00:00 AM,0,0,0
11/03/2016 09:00:00 AM,0,0,0
11/03/2016 10:00:00 AM,0,0,0
11/03/2016 11:00:00 AM,0,0,0
11/03/2016 12:00:00 PM,0,0,0
11/03/2016 01:00:00 PM,0,0,0
11/03/2016 02:00:00 PM,0,0,0
11/03/2016 03:00:00 PM,0,0,0
11/03/2016 04:00:00 PM,0,0,0
11/03/2016 05:00:00 PM,0,0,0
11/03/2016 06:00:00 PM,0,0,0
11/03/2016 07:00:00 PM,0,0,0
11/03/2016 08:00:00 PM,0,0,0
11/03/2016 09:00:00 PM,0,0,0
11/03/2016 10:00:00 PM,0,0,0
11/03/2016 11:00:00 PM,0,0,0
11/04/2016 12:00:00 AM,0,0,0
11/04/2016 01:00:00 AM,0,0,0
11/04/2016 02:00:00 AM,0,0,0
11/04/2016 03:00:00 AM,0,0,0
11/04/2016 04:00:00 AM,0,0,0
11/04/2016 05:00:00 AM,0,0,0
11/04/2016 06:00:00 AM,0,0,0
11/04/2016 07:00:00 AM,0,0,0
11/04/2016 08:00:00 AM,0,0,0
11/04/2016 09:00:00 AM,0,0,0
11/04/2016 10:00:00 AM,0,0,0
11/04/2016 11:00:00 AM,0,0,0
11/04/2016 12:00:00 PM,0,0,0
11/04/2016 01:00:00 PM,0,0,0
11/04/2016 02:00:00 PM,0,0,0
11/04/2016 03:00:00 PM,0,0,0
11/04/2016 04:00:00 PM,0,0,0
11/04/2016 05:00:00 PM,0,0,0
11/04/2016 06:00:00 PM,0,0,0
11/04/2016 07:00:00 PM,0,0,0
11/04/2016 08:00:00 PM,0,0,0
11/04/2016 09:00:00 PM,0,0,0
11/04/2016 10:00:00 PM,0,0,0
11/04/2016 11:00:00 PM,0,0,0
11/05/2016 12:00:00 AM,0,0,0
11/05/2016 01:00:00 AM,0,0,0
11/05/2016 02:00:00 AM,0,0,0
11/05/2016 03:00:00 AM,0,0,0
11/05/2016 04:00:00 AM,0,0,0
11/05/2016 05:00:00 AM,0,0,0
11/05/2016 06:00:00 AM,0,0,0
11/05/2016 07:00:00 AM,0,0,0
11/05/2016 08:00:00 AM,0,0,0
11/05/2016 09:00:00 AM,0,0,0
11/05/2016 10:00:00 AM,0,0,0
11/05/2016 11:00:00 AM,0,0,0
11/05/2016 12:00:00 PM,0,0,0
11/05/2016 01:00:00 PM,1,1,0
11/05/2016 02:00:00 PM,0,0,0
11/05/2016 03:00:00 PM,0,0,0
11/05/2016 04:00:00 PM,0,0,0
11/05/2016 05:00:00 PM,0,0,0
11/05/2016 06:00:00 PM,0,0,0
11/05/2016 07:00:00 PM,0,0,0
11/05/2016 08:00:00 PM,0,0,0
11/05/2016 09:00:00 PM,0,0,0
11/05/2016 10:00:00 PM,0,0,0
11/05/2016 11:00:00 PM,0,0,0
11/06/2016 12:00:00 AM,0,0,0
11/06/2016 01:00:00 AM,0,0,0
11/06/2016 02:00:00 AM,0,0,0
11/06/2016 03:00:00 AM,0,0,0
11/06/2016 04:00:00 AM,0,0,0
11/06/2016 05:00:00 AM,0,0,0
11/06/2016 06:00:00 AM,0,0,0
11/06/2016 07:00:00 AM,0,0,0
11/06/2016 08:00:00 AM,0,0,0
11/06/2016 09:00:00 AM,0,0,0
11/06/2016 10:00:00 AM,0,0,0
11/06/2016 11:00:00 AM,0,0,0
11/06/2016 12:00:00 PM,0,0,0
11/06/2016 01:00:00 PM,0,0,0
11/06/2016 02:00:00 PM,0,0,0
11/06/2016 03:00:00 PM,0,0,0
11/06/2016 04:00:00 PM,0,0,0
11/06/2016 05:00:00 PM,0,0,0
11/06/2016 06:00:00 PM,0,0,0
11/06/2016 07:00:00 PM,0,0,0
11/06/2016 08:00:00 PM,0,0,0
11/06/2016 09:00:00 PM,0,0,0
11/06/2016 10:00:00 PM,0,0,0
11/06/2016 11:00:00 PM,0,0,0
11/07/2016 12:00:00 AM,0,0,0
11/07/2016 01:00:00 AM,0,0,0
11/07/2016 02:00:00 AM,0,0,0
11/07/2016 03:00:00 AM,0,0,0
11/07/2016 04:00:00 AM,0,0,0
11/07/2016 05:00:00 AM,0,0,0
11/07/2016 06:00:00 AM,0,0,0
11/07/2016 07:00:00 AM,0,0,0
11/07/2016 08:00:00 AM,0,0,0
11/07/2016 09:00:00 AM,0,0,0
11/07/2016 10:00:00 AM,0,0,0
11/07/2016 11:00:00 AM,0,0,0
11/07/2016 12:00:00 PM,0,0,0
11/07/2016 01:00:00 PM,0,0,0
11/07/2016 02:00:00 PM,0,0,0
11/07/2016 03:00:00 PM,0,0,0
11/07/2016 04:00:00 PM,0,0,0
11/07/2016 05:00:00 PM,0,0,0
11/07/2016 06:00:00 PM,0,0,0
11/07/2016 07:00:00 PM,0,0,0
11/07/2016 08:00:00 PM,0,0,0
11/07/2016 09:00:00 PM,0,0,0
11/07/2016 10:00:00 PM,0,0,0
11/07/2016 11:00:00 PM,0,0,0
11/08/2016 12:00:00 AM,0,0,0
11/08/2016 01:00:00 AM,0,0,0
11/08/2016 02:00:00 AM,0,0,0
11/08/2016 03:00:00 AM,0,0,0
11/08/2016 04:00:00 AM,0,0,0
11/08/2016 05:00:00 AM,0,0,0
11/08/2016 06:00:00 AM,0,0,0
11/08/2016 07:00:00 AM,0,0,0
11/08/2016 08:00:00 AM,0,0,0
11/08/2016 09:00:00 AM,0,0,0
11/08/2016 10:00:00 AM,0,0,0
11/08/2016 11:00:00 AM,0,0,0
11/08/2016 12:00:00 PM,0,0,0
11/08/2016 01:00:00 PM,0,0,0
11/08/2016 02:00:00 PM,0,0,0
11/08/2016 03:00:00 PM,0,0,0
11/08/2016 04:00:00 PM,0,0,0
11/08/2016 05:00:00 PM,0,0,0
11/08/2016 06:00:00 PM,0,0,0
11/08/2016 07:00:00 PM,0,0,0
11/08/2016 08:00:00 PM,0,0,0
11/08/2016 09:00:00 PM,0,0,0
11/08/2016 10:00:00 PM,0,0,0
11/08/2016 11:00:00 PM,0,0,0
11/09/2016 12:00:00 AM,0,0,0
11/09/2016 01:00:00 AM,0,0,0
11/09/2016 02:00:00 AM,0,0,0
11/09/2016 03:00:00 AM,0,0,0
11/09/2016 04:00:00 AM,0,0,0
11/09/2016 05:00:00 AM,0,0,0
11/09/2016 06:00:00 AM,0,0,0
11/09/2016 07:00:00 AM,0,0,0
11/09/2016 08:00:00 AM,0,0,0
11/09/2016 09:00:00 AM,0,0,0
11/09/2016 10:00:00 AM,0,0,0
11/09/2016 11:00:00 AM,0,0,0
11/09/2016 12:00:00 PM,0,0,0
11/09/2016 01:00:00 PM,0,0,0
11/09/2016 02:00:00 PM,0,0,0
11/09/2016 03:00:00 PM,0,0,0
11/09/2016 04:00:00 PM,0,0,0
11/09/2016 05:00:00 PM,0,0,0
11/09/2016 06:00:00 PM,0,0,0
11/09/2016 07:00:00 PM,0,0,0
11/09/2016 08:00:00 PM,0,0,0
11/09/2016 09:00:00 PM,0,0,0
11/09/2016 10:00:00 PM,0,0,0
11/09/2016 11:00:00 PM,0,0,0
11/10/2016 12:00:00 AM,0,0,0
11/10/2016 01:00:00 AM,0,0,0
11/10/2016 02:00:00 AM,0,0,0
11/10/2016 03:00:00 AM,0,0,0
11/10/2016 04:00:00 AM,0,0,0
11/10/2016 05:00:00 AM,0,0,0
11/10/2016 06:00:00 AM,0,0,0
11/10/2016 07:00:00 AM,0,0,0
11/10/2016 08:00:00 AM,0,0,0
11/10/2016 09:00:00 AM,0,0,0
11/10/2016 10:00:00 AM,0,0,0
11/10/2016 11:00:00 AM,0,0,0
11/10/2016 12:00:00 PM,0,0,0
11/10/2016 01:00:00 PM,0,0,0
11/10/2016 02:00:00 PM,0,0,0
11/10/2016 03:00:00 PM,0,0,0
11/10/2016 04:00:00 PM,0,0,0
11/10/2016 05:00:00 PM,0,0,0
11/10/2016 06:00:00 PM,0,0,0
11/10/2016 07:00:00 PM,0,0,0
11/10/2016 08:00:00 PM,0,0,0
11/10/2016 09:00:00 PM,0,0,0
11/10/2016 10:00:00 PM,0,0,0
11/10/2016 11:00:00 PM,0,0,0
11/11/2016 12:00:00 AM,0,0,0
11/11/2016 01:00:00 AM,0,0,0
11/11/2016 02:00:00 AM,0,0,0
11/11/2016 03:00:00 AM,0,0,0
11/11/2016 04:00:00 AM,0,0,0
11/11/2016 05:00:00 AM,0,0,0
11/11/2016 06:00:00 AM,0,0,0
11/11/2016 07:00:00 AM,0,0,0
11/11/2016 08:00:00 AM,0,0,0
11/11/2016 09:00:00 AM,0,0,0
11/11/2016 10:00:00 AM,0,0,0
11/11/2016 11:00:00 AM,0,0,0
11/11/2016 12:00:00 PM,0,0,0
11/11/2016 01:00:00 PM,0,0,0
11/11/2016 02:00:00 PM,0,0,0
11/11/2016 03:00:00 PM,0,0,0
11/11/2016 04:00:00 PM,0,0,0
11/11/2016 05:00:00 PM,0,0,0
11/11/2016 06:00:00 PM,0,0,0
11/11/2016 07:00:00 PM,0,0,0
11/11/2016 08:00:00 PM,0,0,0
11/11/2016 09:00:00 PM,0,0,0
11/11/2016 10:00:00 PM,0,0,0
11/11/2016 11:00:00 PM,0,0,0
11/12/2016 12:00:00 AM,0,0,0
11/12/2016 01:00:00 AM,0,0,0
11/12/2016 02:00:00 AM,0,0,0
11/12/2016 03:00:00 AM,0,0,0
11/12/2016 04:00:00 AM,0,0,0
11/12/2016 05:00:00 AM,0,0,0
11/12/2016 06:00:00 AM,0,0,0
11/12/2016 07:00:00 AM,0,0,0
11/12/2016 08:00:00 AM,0,0,0
11/12/2016 09:00:00 AM,0,0,0
11/12/2016 10:00:00 AM,0,0,0
11/12/2016 11:00:00 AM,0,0,0
11/12/2016 12:00:00 PM,0,0,0
11/12/2016 01:00:00 PM,0,0,0
11/12/2016 02:00:00 PM,0,0,0
11/12/2016 03:00:00 PM,0,0,0
11/12/2016 04:00:00 PM,0,0,0
11/12/2016 05:00:00 PM,0,0,0
11/12/2016 06:00:00 PM,0,0,0
11/12/2016 07:00:00 PM,0,0,0
11/12/2016 08:00:00 PM,0,0,0
11/12/2016 09:00:00 PM,0,0,0
11/12/2016 10:00:00 PM,0,0,0
11/12/2016 11:00:00 PM,0,0,0
11/13/2016 12:00:00 AM,0,0,0
11/13/2016 01:00:00 AM,0,0,0
11/13/2016 02:00:00 AM,0,0,0
11/13/2016 03:00:00 AM,0,0,0
11/13/2016 04:00:00 AM,0,0,0
11/13/2016 05:00:00 AM,0,0,0
11/13/2016 06:00:00 AM,0,0,0
11/13/2016 07:00:00 AM,0,0,0
11/13/2016 08:00:00 AM,0,0,0
11/13/2016 09:00:00 AM,0,0,0
11/13/2016 10:00:00 AM,0,0,0
11/13/2016 11:00:00 AM,0,0,0
11/13/2016 12:00:00 PM,0,0,0
11/13/2016 01:00:00 PM,0,0,0
11/13/2016 02:00:00 PM,0,0,0
11/13/2016 03:00:00 PM,0,0,0
11/13/2016 04:00:00 PM,0,0,0
11/13/2016 05:00:00 PM,0,0,0
11/13/2016 06:00:00 PM,0,0,0
11/13/2016 07:00:00 PM,0,0,0
11/13/2016 08:00:00 PM,0,0,0
11/13/2016 09:00:00 PM,0,0,0
11/13/2016 10:00:00 PM,0,0,0
11/13/2016 11:00:00 PM,0,0,0
11/14/2016 12:00:00 AM,0,0,0
11/14/2016 01:00:00 AM,0,0,0
11/14/2016 02:00:00 AM,0,0,0
11/14/2016 03:00:00 AM,0,0,0
11/14/2016 04:00:00 AM,0,0,0
11/14/2016 05:00:00 AM,0,0,0
11/14/2016 06:00:00 AM,0,0,0
11/14/2016 07:00:00 AM,0,0,0
11/14/2016 08:00:00 AM,0,0,0
11/14/2016 09:00:00 AM,0,0,0
11/14/2016 10:00:00 AM,0,0,0
11/14/2016 11:00:00 AM,0,0,0
11/14/2016 12:00:00 PM,0,0,0
11/14/2016 01:00:00 PM,0,0,0
11/14/2016 02:00:00 PM,1,1,0
11/14/2016 03:00:00 PM,0,0,0
11/14/2016 04:00:00 PM,0,0,0
11/14/2016 05:00:00 PM,0,0,0
11/14/2016 06:00:00 PM,0,0,0
11/14/2016 07:00:00 PM,0,0,0
11/14/2016 08:00:00 PM,0,0,0
11/14/2016 09:00:00 PM,0,0,0
11/14/2016 10:00:00 PM,0,0,0
11/14/2016 11:00:00 PM,0,0,0
11/15/2016 12:00:00 AM,0,0,0
11/15/2016 01:00:00 AM,0,0,0
11/15/2016 02:00:00 AM,0,0,0
11/15/2016 03:00:00 AM,0,0,0
11/15/2016 04:00:00 AM,0,0,0
11/15/2016 05:00:00 AM,0,0,0
11/15/2016 06:00:00 AM,0,0,0
11/15/2016 07:00:00 AM,0,0,0
11/15/2016 08:00:00 AM,1,1,0
11/15/2016 09:00:00 AM,0,0,0
11/15/2016 10:00:00 AM,0,0,0
11/15/2016 11:00:00 AM,0,0,0
11/15/2016 12:00:00 PM,0,0,0
11/15/2016 01:00:00 PM,0,0,0
11/15/2016 02:00:00 PM,0,0,0
11/15/2016 03:00:00 PM,0,0,0
11/15/2016 04:00:00 PM,0,0,0
11/15/2016 05:00:00 PM,0,0,0
11/15/2016 06:00:00 PM,0,0,0
11/15/2016 07:00:00 PM,0,0,0
11/15/2016 08:00:00 PM,0,0,0
11/15/2016 09:00:00 PM,0,0,0
11/15/2016 10:00:00 PM,0,0,0
11/15/2016 11:00:00 PM,0,0,0
11/16/2016 12:00:00 AM,0,0,0
11/16/2016 01:00:00 AM,0,0,0
11/16/2016 02:00:00 AM,0,0,0
11/16/2016 03:00:00 AM,0,0,0
11/16/2016 04:00:00 AM,0,0,0
11/16/2016 05:00:00 AM,0,0,0
11/16/2016 06:00:00 AM,0,0,0
11/16/2016 07:00:00 AM,0,0,0
11/16/2016 08:00:00 AM,0,0,0
11/16/2016 09:00:00 AM,0,0,0
11/16/2016 10:00:00 AM,0,0,0
11/16/2016 11:00:00 AM,0,0,0
11/16/2016 12:00:00 PM,0,0,0
11/16/2016 01:00:00 PM,0,0,0
11/16/2016 02:00:00 PM,0,0,0
11/16/2016 03:00:00 PM,0,0,0
11/16/2016 04:00:00 PM,0,0,0
11/16/2016 05:00:00 PM,0,0,0
11/16/2016 06:00:00 PM,0,0,0
11/16/2016 07:00:00 PM,0,0,0
11/16/2016 08:00:00 PM,0,0,0
11/16/2016 09:00:00 PM,1,1,0
11/16/2016 10:00:00 PM,0,0,0
11/16/2016 11:00:00 PM,0,0,0
11/17/2016 12:00:00 AM,0,0,0
11/17/2016 01:00:00 AM,0,0,0
11/17/2016 02:00:00 AM,0,0,0
11/17/2016 03:00:00 AM,0,0,0
11/17/2016 04:00:00 AM,0,0,0
11/17/2016 05:00:00 AM,0,0,0
11/17/2016 06:00:00 AM,0,0,0
11/17/2016 07:00:00 AM,0,0,0
11/17/2016 08:00:00 AM,0,0,0
11/17/2016 09:00:00 AM,0,0,0
11/17/2016 10:00:00 AM,0,0,0
11/17/2016 11:00:00 AM,0,0,0
11/17/2016 12:00:00 PM,0,0,0
11/17/2016 01:00:00 PM,0,0,0
11/17/2016 02:00:00 PM,0,0,0
11/17/2016 03:00:00 PM,0,0,0
11/17/2016 04:00:00 PM,0,0,0
11/17/2016 05:00:00 PM,1,1,0
11/17/2016 06:00:00 PM,0,0,0
11/17/2016 07:00:00 PM,0,0,0
11/17/2016 08:00:00 PM,0,0,0
11/17/2016 09:00:00 PM,0,0,0
11/17/2016 10:00:00 PM,0,0,0
11/17/2016 11:00:00 PM,0,0,0
11/18/2016 12:00:00 AM,0,0,0
11/18/2016 01:00:00 AM,0,0,0
11/18/2016 02:00:00 AM,0,0,0
11/18/2016 03:00:00 AM,0,0,0
11/18/2016 04:00:00 AM,0,0,0
11/18/2016 05:00:00 AM,0,0,0
11/18/2016 06:00:00 AM,0,0,0
11/18/2016 07:00:00 AM,0,0,0
11/18/2016 08:00:00 AM,0,0,0
11/18/2016 09:00:00 AM,0,0,0
11/18/2016 10:00:00 AM,0,0,0
11/18/2016 11:00:00 AM,0,0,0
11/18/2016 12:00:00 PM,0,0,0
11/18/2016 01:00:00 PM,0,0,0
11/18/2016 02:00:00 PM,0,0,0
11/18/2016 03:00:00 PM,0,0,0
11/18/2016 04:00:00 PM,0,0,0
11/18/2016 05:00:00 PM,0,0,0
11/18/2016 06:00:00 PM,0,0,0
11/18/2016 07:00:00 PM,0,0,0
11/18/2016 08:00:00 PM,0,0,0
11/18/2016 09:00:00 PM,0,0,0
11/18/2016 10:00:00 PM,0,0,0
11/18/2016 11:00:00 PM,0,0,0
11/19/2016 12:00:00 AM,0,0,0
11/19/2016 01:00:00 AM,0,0,0
11/19/2016 02:00:00 AM,0,0,0
11/19/2016 03:00:00 AM,0,0,0
11/19/2016 04:00:00 AM,0,0,0
11/19/2016 05:00:00 AM,0,0,0
11/19/2016 06:00:00 AM,0,0,0
11/19/2016 07:00:00 AM,0,0,0
11/19/2016 08:00:00 AM,0,0,0
11/19/2016 09:00:00 AM,0,0,0
11/19/2016 10:00:00 AM,0,0,0
11/19/2016 11:00:00 AM,0,0,0
11/19/2016 12:00:00 PM,0,0,0
11/19/2016 01:00:00 PM,0,0,0
11/19/2016 02:00:00 PM,0,0,0
11/19/2016 03:00:00 PM,0,0,0
11/19/2016 04:00:00 PM,0,0,0
11/19/2016 05:00:00 PM,0,0,0
11/19/2016 06:00:00 PM,0,0,0
11/19/2016 07:00:00 PM,0,0,0
11/19/2016 08:00:00 PM,0,0,0
11/19/2016 09:00:00 PM,0,0,0
11/19/2016 10:00:00 PM,0,0,0
11/19/2016 11:00:00 PM,0,0,0
11/20/2016 12:00:00 AM,0,0,0
11/20/2016 01:00:00 AM,0,0,0
11/20/2016 02:00:00 AM,0,0,0
11/20/2016 03:00:00 AM,0,0,0
11/20/2016 04:00:00 AM,0,0,0
11/20/2016 05:00:00 AM,0,0,0
11/20/2016 06:00:00 AM,0,0,0
11/20/2016 07:00:00 AM,0,0,0
11/20/2016 08:00:00 AM,0,0,0
11/20/2016 09:00:00 AM,0,0,0
11/20/2016 10:00:00 AM,0,0,0
11/20/2016 11:00:00 AM,0,0,0
11/20/2016 12:00:00 PM,0,0,0
11/20/2016 01:00:00 PM,0,0,0
11/20/2016 02:00:00 PM,0,0,0
11/20/2016 03:00:00 PM,0,0,0
11/20/2016 04:00:00 PM,0,0,0
11/20/2016 05:00:00 PM,0,0,0
11/20/2016 06:00:00 PM,0,0,0
11/20/2016 07:00:00 PM,0,0,0
11/20/2016 08:00:00 PM,0,0,0
11/20/2016 09:00:00 PM,0,0,0
11/20/2016 10:00:00 PM,0,0,0
11/20/2016 11:00:00 PM,0,0,0
11/21/2016 12:00:00 AM,0,0,0
11/21/2016 01:00:00 AM,0,0,0
11/21/2016 02:00:00 AM,0,0,0
11/21/2016 03:00:00 AM,0,0,0
11/21/2016 04:00:00 AM,0,0,0
11/21/2016 05:00:00 AM,0,0,0
11/21/2016 06:00:00 AM,0,0,0
11/21/2016 07:00:00 AM,0,0,0
11/21/2016 08:00:00 AM,0,0,0
11/21/2016 09:00:00 AM,0,0,0
11/21/2016 10:00:00 AM,0,0,0
11/21/2016 11:00:00 AM,0,0,0
11/21/2016 12:00:00 PM,0,0,0
11/21/2016 01:00:00 PM,0,0,0
11/21/2016 02:00:00 PM,0,0,0
11/21/2016 03:00:00 PM,0,0,0
11/21/2016 04:00:00 PM,0,0,0
11/21/2016 05:00:00 PM,0,0,0
11/21/2016 06:00:00 PM,0,0,0
11/21/2016 07:00:00 PM,0,0,0
11/21/2016 08:00:00 PM,0,0,0
11/21/2016 09:00:00 PM,0,0,0
11/21/2016 10:00:00 PM,0,0,0
11/21/2016 11:00:00 PM,0,0,0
11/22/2016 12:00:00 AM,0,0,0
11/22/2016 01:00:00 AM,0,0,0
11/22/2016 02:00:00 AM,0,0,0
11/22/2016 03:00:00 AM,0,0,0
11/22/2016 04:00:00 AM,0,0,0
11/22/2016 05:00:00 AM,0,0,0
11/22/2016 06:00:00 AM,0,0,0
11/22/2016 07:00:00 AM,0,0,0
11/22/2016 08:00:00 AM,0,0,0
11/22/2016 09:00:00 AM,0,0,0
11/22/2016 10:00:00 AM,0,0,0
11/22/2016 11:00:00 AM,0,0,0
11/22/2016 12:00:00 PM,0,0,0
11/22/2016 01:00:00 PM,0,0,0
11/22/2016 02:00:00 PM,0,0,0
11/22/2016 03:00:00 PM,0,0,0
11/22/2016 04:00:00 PM,0,0,0
11/22/2016 05:00:00 PM,0,0,0
11/22/2016 06:00:00 PM,0,0,0
11/22/2016 07:00:00 PM,0,0,0
11/22/2016 08:00:00 PM,0,0,0
11/22/2016 09:00:00 PM,0,0,0
11/22/2016 10:00:00 PM,0,0,0
11/22/2016 11:00:00 PM,0,0,0
11/23/2016 12:00:00 AM,0,0,0
11/23/2016 01:00:00 AM,0,0,0
11/23/2016 02:00:00 AM,0,0,0
11/23/2016 03:00:00 AM,0,0,0
11/23/2016 04:00:00 AM,0,0,0
11/23/2016 05:00:00 AM,0,0,0
11/23/2016 06:00:00 AM,0,0,0
11/23/2016 07:00:00 AM,0,0,0
11/23/2016 08:00:00 AM,0,0,0
11/23/2016 09:00:00 AM,0,0,0
11/23/2016 10:00:00 AM,0,0,0
11/23/2016 11:00:00 AM,0,0,0
11/23/2016 12:00:00 PM,0,0,0
11/23/2016 01:00:00 PM,0,0,0
11/23/2016 02:00:00 PM,0,0,0
11/23/2016 03:00:00 PM,0,0,0
11/23/2016 04:00:00 PM,0,0,0
11/23/2016 05:00:00 PM,0,0,0
11/23/2016 06:00:00 PM,0,0,0
11/23/2016 07:00:00 PM,0,0,0
11/23/2016 08:00:00 PM,0,0,0
11/23/2016 09:00:00 PM,0,0,0
11/23/2016 10:00:00 PM,0,0,0
11/23/2016 11:00:00 PM,0,0,0
11/24/2016 12:00:00 AM,0,0,0
11/24/2016 01:00:00 AM,0,0,0
11/24/2016 02:00:00 AM,0,0,0
11/24/2016 03:00:00 AM,0,0,0
11/24/2016 04:00:00 AM,0,0,0
11/24/2016 05:00:00 AM,0,0,0
11/24/2016 06:00:00 AM,0,0,0
11/24/2016 07:00:00 AM,0,0,0
11/24/2016 08:00:00 AM,0,0,0
11/24/2016 09:00:00 AM,0,0,0
11/24/2016 10:00:00 AM,0,0,0
11/24/2016 11:00:00 AM,0,0,0
11/24/2016 12:00:00 PM,0,0,0
11/24/2016 01:00:00 PM,0,0,0
11/24/2016 02:00:00 PM,0,0,0
11/24/2016 03:00:00 PM,0,0,0
11/24/2016 04:00:00 PM,0,0,0
11/24/2016 05:00:00 PM,0,0,0
11/24/2016 06:00:00 PM,0,0,0
11/24/2016 07:00:00 PM,0,0,0
11/24/2016 08:00:00 PM,0,0,0
11/24/2016 09:00:00 PM,0,0,0
11/24/2016 10:00:00 PM,0,0,0
11/24/2016 11:00:00 PM,0,0,0
11/25/2016 12:00:00 AM,0,0,0
11/25/2016 01:00:00 AM,0,0,0
11/25/2016 02:00:00 AM,0,0,0
11/25/2016 03:00:00 AM,0,0,0
11/25/2016 04:00:00 AM,0,0,0
11/25/2016 05:00:00 AM,0,0,0
11/25/2016 06:00:00 AM,0,0,0
11/25/2016 07:00:00 AM,0,0,0
11/25/2016 08:00:00 AM,0,0,0
11/25/2016 09:00:00 AM,0,0,0
11/25/2016 10:00:00 AM,0,0,0
11/25/2016 11:00:00 AM,0,0,0
11/25/2016 12:00:00 PM,0,0,0
11/25/2016 01:00:00 PM,0,0,0
11/25/2016 02:00:00 PM,0,0,0
11/25/2016 03:00:00 PM,0,0,0
11/25/2016 04:00:00 PM,0,0,0
11/25/2016 05:00:00 PM,1,1,0
11/25/2016 06:00:00 PM,0,0,0
11/25/2016 07:00:00 PM,0,0,0
11/25/2016 08:00:00 PM,0,0,0
11/25/2016 09:00:00 PM,0,0,0
11/25/2016 10:00:00 PM,0,0,0
11/25/2016 11:00:00 PM,0,0,0
11/26/2016 12:00:00 AM,0,0,0
11/26/2016 01:00:00 AM,0,0,0
11/26/2016 02:00:00 AM,0,0,0
11/26/2016 03:00:00 AM,0,0,0
11/26/2016 04:00:00 AM,0,0,0
11/26/2016 05:00:00 AM,0,0,0
11/26/2016 06:00:00 AM,0,0,0
11/26/2016 07:00:00 AM,0,0,0
11/26/2016 08:00:00 AM,0,0,0
11/26/2016 09:00:00 AM,0,0,0
11/26/2016 10:00:00 AM,0,0,0
11/26/2016 11:00:00 AM,0,0,0
11/26/2016 12:00:00 PM,0,0,0
11/26/2016 01:00:00 PM,0,0,0
11/26/2016 02:00:00 PM,0,0,0
11/26/2016 03:00:00 PM,0,0,0
11/26/2016 04:00:00 PM,0,0,0
11/26/2016 05:00:00 PM,0,0,0
11/26/2016 06:00:00 PM,0,0,0
11/26/2016 07:00:00 PM,0,0,0
11/26/2016 08:00:00 PM,0,0,0
11/26/2016 09:00:00 PM,0,0,0
11/26/2016 10:00:00 PM,0,0,0
11/26/2016 11:00:00 PM,0,0,0
11/27/2016 12:00:00 AM,0,0,0
11/27/2016 01:00:00 AM,0,0,0
11/27/2016 02:00:00 AM,0,0,0
11/27/2016 03:00:00 AM,0,0,0
11/27/2016 04:00:00 AM,0,0,0
11/27/2016 05:00:00 AM,0,0,0
11/27/2016 06:00:00 AM,0,0,0
11/27/2016 07:00:00 AM,0,0,0
11/27/2016 08:00:00 AM,0,0,0
11/27/2016 09:00:00 AM,1,1,0
11/27/2016 10:00:00 AM,0,0,0
11/27/2016 11:00:00 AM,0,0,0
11/27/2016 12:00:00 PM,0,0,0
11/27/2016 01:00:00 PM,0,0,0
11/27/2016 02:00:00 PM,0,0,0
11/27/2016 03:00:00 PM,0,0,0
11/27/2016 04:00:00 PM,0,0,0
11/27/2016 05:00:00 PM,0,0,0
11/27/2016 06:00:00 PM,0,0,0
11/27/2016 07:00:00 PM,0,0,0
11/27/2016 08:00:00 PM,0,0,0
11/27/2016 09:00:00 PM,0,0,0
11/27/2016 10:00:00 PM,0,0,0
11/27/2016 11:00:00 PM,0,0,0
11/28/2016 12:00:00 AM,0,0,0
11/28/2016 01:00:00 AM,0,0,0
11/28/2016 02:00:00 AM,0,0,0
11/28/2016 03:00:00 AM,0,0,0
11/28/2016 04:00:00 AM,0,0,0
11/28/2016 05:00:00 AM,0,0,0
11/28/2016 06:00:00 AM,0,0,0
11/28/2016 07:00:00 AM,0,0,0
11/28/2016 08:00:00 AM,0,0,0
11/28/2016 09:00:00 AM,0,0,0
11/28/2016 10:00:00 AM,0,0,0
11/28/2016 11:00:00 AM,0,0,0
11/28/2016 12:00:00 PM,0,0,0
11/28/2016 01:00:00 PM,0,0,0
11/28/2016 02:00:00 PM,2,2,0
11/28/2016 03:00:00 PM,2,2,0
11/28/2016 04:00:00 PM,5,5,0
11/28/2016 05:00:00 PM,12,12,0
11/28/2016 06:00:00 PM,2,2,0
11/28/2016 07:00:00 PM,2,2,0
11/28/2016 08:00:00 PM,2,2,0
11/28/2016 09:00:00 PM,0,0,0
11/28/2016 10:00:00 PM,2,2,0
11/28/2016 11:00:00 PM,0,0,0
11/29/2016 12:00:00 AM,1,1,0
11/29/2016 01:00:00 AM,0,0,0
11/29/2016 02:00:00 AM,0,0,0
11/29/2016 03:00:00 AM,1,1,0
11/29/2016 04:00:00 AM,0,0,0
11/29/2016 05:00:00 AM,0,0,0
11/29/2016 06:00:00 AM,0,0,0
11/29/2016 07:00:00 AM,0,0,0
11/29/2016 08:00:00 AM,3,3,0
11/29/2016 09:00:00 AM,4,4,0
11/29/2016 10:00:00 AM,3,3,0
11/29/2016 11:00:00 AM,3,3,0
11/29/2016 12:00:00 PM,3,3,0
11/29/2016 01:00:00 PM,3,3,0
11/29/2016 02:00:00 PM,5,5,0
11/29/2016 03:00:00 PM,3,3,0
11/29/2016 04:00:00 PM,0,0,0
11/29/2016 05:00:00 PM,2,2,0
11/29/2016 06:00:00 PM,0,0,0
11/29/2016 07:00:00 PM,1,1,0
11/29/2016 08:00:00 PM,3,3,0
11/29/2016 09:00:00 PM,4,4,0
11/29/2016 10:00:00 PM,3,3,0
11/29/2016 11:00:00 PM,0,0,0
11/30/2016 12:00:00 AM,0,0,0
11/30/2016 01:00:00 AM,0,0,0
11/30/2016 02:00:00 AM,0,0,0
11/30/2016 03:00:00 AM,0,0,0
11/30/2016 04:00:00 AM,0,0,0
11/30/2016 05:00:00 AM,0,0,0
11/30/2016 06:00:00 AM,1,1,0
11/30/2016 07:00:00 AM,0,0,0
11/30/2016 08:00:00 AM,1,1,0
11/30/2016 09:00:00 AM,1,1,0
11/30/2016 10:00:00 AM,0,0,0
11/30/2016 11:00:00 AM,3,3,0
11/30/2016 12:00:00 PM,2,2,0
11/30/2016 01:00:00 PM,2,2,0
11/30/2016 02:00:00 PM,5,5,0
11/30/2016 03:00:00 PM,4,4,0
11/30/2016 04:00:00 PM,2,2,0
11/30/2016 05:00:00 PM,8,8,0
11/30/2016 06:00:00 PM,12,12,0
11/30/2016 07:00:00 PM,0,0,0
11/30/2016 08:00:00 PM,0,0,0
11/30/2016 09:00:00 PM,1,1,0
11/30/2016 10:00:00 PM,0,0,0
11/30/2016 11:00:00 PM,1,1,0
12/01/2016 12:00:00 AM,0,0,0
12/01/2016 01:00:00 AM,0,0,0
12/01/2016 02:00:00 AM,0,0,0
12/01/2016 03:00:00 AM,1,1,0
12/01/2016 04:00:00 AM,2,2,0
12/01/2016 05:00:00 AM,7,3,4
12/01/2016 06:00:00 AM,19,11,8
12/01/2016 07:00:00 AM,64,34,30
12/01/2016 08:00:00 AM,92,56,36
12/01/2016 09:00:00 AM,56,26,30
12/01/2016 10:00:00 AM,27,15,12
12/01/2016 11:00:00 AM,20,8,12
12/01/2016 12:00:00 PM,36,18,18
12/01/2016 01:00:00 PM,21,10,11
12/01/2016 02:00:00 PM,22,13,9
12/01/2016 03:00:00 PM,45,24,21
12/01/2016 04:00:00 PM,90,57,33
12/01/2016 05:00:00 PM,124,89,35
12/01/2016 06:00:00 PM,71,46,25
12/01/2016 07:00:00 PM,33,15,18
12/01/2016 08:00:00 PM,12,5,7
12/01/2016 09:00:00 PM,4,0,4
12/01/2016 10:00:00 PM,7,3,4
12/01/2016 11:00:00 PM,4,2,2
12/02/2016 12:00:00 AM,3,1,2
12/02/2016 01:00:00 AM,0,0,0
12/02/2016 02:00:00 AM,0,0,0
12/02/2016 03:00:00 AM,1,0,1
12/02/2016 04:00:00 AM,2,2,0
12/02/2016 05:00:00 AM,6,3,3
12/02/2016 06:00:00 AM,12,3,9
12/02/2016 07:00:00 AM,40,19,21
12/02/2016 08:00:00 AM,56,34,22
12/02/2016 09:00:00 AM,39,13,26
12/02/2016 10:00:00 AM,17,9,8
12/02/2016 11:00:00 AM,13,7,6
12/02/2016 12:00:00 PM,17,10,7
12/02/2016 01:00:00 PM,23,12,11
12/02/2016 02:00:00 PM,27,18,9
12/02/2016 03:00:00 PM,26,17,9
12/02/2016 04:00:00 PM,55,37,18
12/02/2016 05:00:00 PM,81,52,29
12/02/2016 06:00:00 PM,42,31,11
12/02/2016 07:00:00 PM,21,10,11
12/02/2016 08:00:00 PM,6,2,4
12/02/2016 09:00:00 PM,3,0,3
12/02/2016 10:00:00 PM,5,5,0
12/02/2016 11:00:00 PM,3,2,1
12/03/2016 12:00:00 AM,3,2,1
12/03/2016 01:00:00 AM,1,1,0
12/03/2016 02:00:00 AM,0,0,0
12/03/2016 03:00:00 AM,2,2,0
12/03/2016 04:00:00 AM,1,1,0
12/03/2016 05:00:00 AM,1,1,0
12/03/2016 06:00:00 AM,2,2,0
12/03/2016 07:00:00 AM,2,1,1
12/03/2016 08:00:00 AM,5,1,4
12/03/2016 09:00:00 AM,5,3,2
12/03/2016 10:00:00 AM,10,4,6
12/03/2016 11:00:00 AM,10,3,7
12/03/2016 12:00:00 PM,12,5,7
12/03/2016 01:00:00 PM,14,10,4
12/03/2016 02:00:00 PM,16,9,7
12/03/2016 03:00:00 PM,14,11,3
12/03/2016 04:00:00 PM,16,9,7
12/03/2016 05:00:00 PM,6,3,3
12/03/2016 06:00:00 PM,11,10,1
12/03/2016 07:00:00 PM,4,3,1
12/03/2016 08:00:00 PM,5,4,1
12/03/2016 09:00:00 PM,2,2,0
12/03/2016 10:00:00 PM,2,2,0
12/03/2016 11:00:00 PM,0,0,0
12/04/2016 12:00:00 AM,4,2,2
12/04/2016 01:00:00 AM,0,0,0
12/04/2016 02:00:00 AM,3,2,1
12/04/2016 03:00:00 AM,1,1,0
12/04/2016 04:00:00 AM,1,0,1
12/04/2016 05:00:00 AM,1,0,1
12/04/2016 06:00:00 AM,0,0,0
12/04/2016 07:00:00 AM,1,0,1
12/04/2016 08:00:00 AM,7,2,5
12/04/2016 09:00:00 AM,3,1,2
12/04/2016 10:00:00 AM,8,3,5
12/04/2016 11:00:00 AM,12,7,5
12/04/2016 12:00:00 PM,16,13,3
12/04/2016 01:00:00 PM,25,16,9
12/04/2016 02:00:00 PM,21,8,13
12/04/2016 03:00:00 PM,23,13,10
12/04/2016 04:00:00 PM,20,13,7
12/04/2016 05:00:00 PM,13,9,4
12/04/2016 06:00:00 PM,10,5,5
12/04/2016 07:00:00 PM,7,5,2
12/04/2016 08:00:00 PM,5,2,3
12/04/2016 09:00:00 PM,10,5,5
12/04/2016 10:00:00 PM,8,4,4
12/04/2016 11:00:00 PM,2,0,2
12/05/2016 12:00:00 AM,2,2,0
12/05/2016 01:00:00 AM,1,0,1
12/05/2016 02:00:00 AM,0,0,0
12/05/2016 03:00:00 AM,1,0,1
12/05/2016 04:00:00 AM,1,1,0
12/05/2016 05:00:00 AM,8,4,4
12/05/2016 06:00:00 AM,17,9,8
12/05/2016 07:00:00 AM,29,13,16
12/05/2016 08:00:00 AM,41,21,20
12/05/2016 09:00:00 AM,29,14,15
12/05/2016 10:00:00 AM,20,8,12
12/05/2016 11:00:00 AM,8,3,5
12/05/2016 12:00:00 PM,14,5,9
12/05/2016 01:00:00 PM,20,8,12
12/05/2016 02:00:00 PM,10,6,4
12/05/2016 03:00:00 PM,19,15,4
12/05/2016 04:00:00 PM,52,34,18
12/05/2016 05:00:00 PM,77,51,26
12/05/2016 06:00:00 PM,36,20,16
12/05/2016 07:00:00 PM,9,7,2
12/05/2016 08:00:00 PM,3,2,1
12/05/2016 09:00:00 PM,1,1,0
12/05/2016 10:00:00 PM,0,0,0
12/05/2016 11:00:00 PM,0,0,0
12/06/2016 12:00:00 AM,0,0,0
12/06/2016 01:00:00 AM,1,1,0
12/06/2016 02:00:00 AM,0,0,0
12/06/2016 03:00:00 AM,0,0,0
12/06/2016 04:00:00 AM,2,1,1
12/06/2016 05:00:00 AM,5,2,3
12/06/2016 06:00:00 AM,13,7,6
12/06/2016 07:00:00 AM,39,23,16
12/06/2016 08:00:00 AM,57,25,32
12/06/2016 09:00:00 AM,39,18,21
12/06/2016 10:00:00 AM,22,9,13
12/06/2016 11:00:00 AM,25,9,16
12/06/2016 12:00:00 PM,19,7,12
12/06/2016 01:00:00 PM,21,13,8
12/06/2016 02:00:00 PM,35,16,19
12/06/2016 03:00:00 PM,25,17,8
12/06/2016 04:00:00 PM,63,37,26
12/06/2016 05:00:00 PM,103,65,38
12/06/2016 06:00:00 PM,38,22,16
12/06/2016 07:00:00 PM,11,6,5
12/06/2016 08:00:00 PM,11,7,4
12/06/2016 09:00:00 PM,3,1,2
12/06/2016 10:00:00 PM,4,2,2
12/06/2016 11:00:00 PM,1,1,0
12/07/2016 12:00:00 AM,0,0,0
12/07/2016 01:00:00 AM,0,0,0
12/07/2016 02:00:00 AM,0,0,0
12/07/2016 03:00:00 AM,2,1,1
12/07/2016 04:00:00 AM,1,1,0
12/07/2016 05:00:00 AM,7,2,5
12/07/2016 06:00:00 AM,12,5,7
12/07/2016 07:00:00 AM,39,18,21
12/07/2016 08:00:00 AM,62,36,26
12/07/2016 09:00:00 AM,42,22,20
12/07/2016 10:00:00 AM,25,15,10
12/07/2016 11:00:00 AM,28,10,18
12/07/2016 12:00:00 PM,16,5,11
12/07/2016 01:00:00 PM,19,9,10
12/07/2016 02:00:00 PM,25,13,12
12/07/2016 03:00:00 PM,44,28,16
12/07/2016 04:00:00 PM,64,40,24
12/07/2016 05:00:00 PM,86,52,34
12/07/2016 06:00:00 PM,58,40,18
12/07/2016 07:00:00 PM,16,9,7
12/07/2016 08:00:00 PM,11,6,5
12/07/2016 09:00:00 PM,7,3,4
12/07/2016 10:00:00 PM,4,2,2
12/07/2016 11:00:00 PM,1,1,0
12/08/2016 12:00:00 AM,2,1,1
12/08/2016 01:00:00 AM,1,0,1
12/08/2016 02:00:00 AM,0,0,0
12/08/2016 03:00:00 AM,0,0,0
12/08/2016 04:00:00 AM,0,0,0
12/08/2016 05:00:00 AM,9,4,5
12/08/2016 06:00:00 AM,13,5,8
12/08/2016 07:00:00 AM,30,12,18
12/08/2016 08:00:00 AM,49,28,21
12/08/2016 09:00:00 AM,43,20,23
12/08/2016 10:00:00 AM,22,9,13
12/08/2016 11:00:00 AM,22,13,9
12/08/2016 12:00:00 PM,18,11,7
12/08/2016 01:00:00 PM,21,14,7
12/08/2016 02:00:00 PM,26,15,11
12/08/2016 03:00:00 PM,31,18,13
12/08/2016 04:00:00 PM,58,36,22
12/08/2016 05:00:00 PM,90,63,27
12/08/2016 06:00:00 PM,42,26,16
12/08/2016 07:00:00 PM,17,12,5
12/08/2016 08:00:00 PM,4,2,2
12/08/2016 09:00:00 PM,8,5,3
12/08/2016 10:00:00 PM,3,2,1
12/08/2016 11:00:00 PM,1,0,1
12/09/2016 12:00:00 AM,1,1,0
12/09/2016 01:00:00 AM,1,1,0
12/09/2016 02:00:00 AM,0,0,0
12/09/2016 03:00:00 AM,2,1,1
12/09/2016 04:00:00 AM,0,0,0
12/09/2016 05:00:00 AM,3,2,1
12/09/2016 06:00:00 AM,4,2,2
12/09/2016 07:00:00 AM,7,4,3
12/09/2016 08:00:00 AM,6,6,0
12/09/2016 09:00:00 AM,19,10,9
12/09/2016 10:00:00 AM,11,4,7
12/09/2016 11:00:00 AM,17,5,12
12/09/2016 12:00:00 PM,7,1,6
12/09/2016 01:00:00 PM,14,4,10
12/09/2016 02:00:00 PM,13,7,6
12/09/2016 03:00:00 PM,10,6,4
12/09/2016 04:00:00 PM,24,13,11
12/09/2016 05:00:00 PM,20,11,9
12/09/2016 06:00:00 PM,14,8,6
12/09/2016 07:00:00 PM,11,8,3
12/09/2016 08:00:00 PM,5,3,2
12/09/2016 09:00:00 PM,0,0,0
12/09/2016 10:00:00 PM,3,1,2
12/09/2016 11:00:00 PM,2,0,2
12/10/2016 12:00:00 AM,2,1,1
12/10/2016 01:00:00 AM,0,0,0
12/10/2016 02:00:00 AM,1,0,1
12/10/2016 03:00:00 AM,0,0,0
12/10/2016 04:00:00 AM,1,1,0
12/10/2016 05:00:00 AM,1,1,0
12/10/2016 06:00:00 AM,0,0,0
12/10/2016 07:00:00 AM,4,4,0
12/10/2016 08:00:00 AM,4,2,2
12/10/2016 09:00:00 AM,10,6,4
12/10/2016 10:00:00 AM,2,0,2
12/10/2016 11:00:00 AM,8,5,3
12/10/2016 12:00:00 PM,4,1,3
12/10/2016 01:00:00 PM,12,5,7
12/10/2016 02:00:00 PM,3,1,2
12/10/2016 03:00:00 PM,8,3,5
12/10/2016 04:00:00 PM,7,4,3
12/10/2016 05:00:00 PM,7,5,2
12/10/2016 06:00:00 PM,5,4,1
12/10/2016 07:00:00 PM,4,1,3
12/10/2016 08:00:00 PM,3,2,1
12/10/2016 09:00:00 PM,2,1,1
12/10/2016 10:00:00 PM,6,2,4
12/10/2016 11:00:00 PM,1,0,1
12/11/2016 12:00:00 AM,5,2,3
12/11/2016 01:00:00 AM,2,0,2
12/11/2016 02:00:00 AM,1,1,0
12/11/2016 03:00:00 AM,0,0,0
12/11/2016 04:00:00 AM,0,0,0
12/11/2016 05:00:00 AM,0,0,0
12/11/2016 06:00:00 AM,0,0,0
12/11/2016 07:00:00 AM,1,0,1
12/11/2016 08:00:00 AM,4,1,3
12/11/2016 09:00:00 AM,4,2,2
12/11/2016 10:00:00 AM,1,0,1
12/11/2016 11:00:00 AM,5,2,3
12/11/2016 12:00:00 PM,6,6,0
12/11/2016 01:00:00 PM,9,3,6
12/11/2016 02:00:00 PM,3,2,1
12/11/2016 03:00:00 PM,4,3,1
12/11/2016 04:00:00 PM,5,3,2
12/11/2016 05:00:00 PM,3,3,0
12/11/2016 06:00:00 PM,9,5,4
12/11/2016 07:00:00 PM,2,2,0
12/11/2016 08:00:00 PM,2,1,1
12/11/2016 09:00:00 PM,0,0,0
12/11/2016 10:00:00 PM,1,0,1
12/11/2016 11:00:00 PM,1,1,0
12/12/2016 12:00:00 AM,1,0,1
12/12/2016 01:00:00 AM,0,0,0
12/12/2016 02:00:00 AM,0,0,0
12/12/2016 03:00:00 AM,0,0,0
12/12/2016 04:00:00 AM,1,1,0
12/12/2016 05:00:00 AM,6,3,3
12/12/2016 06:00:00 AM,17,8,9
12/12/2016 07:00:00 AM,43,17,26
12/12/2016 08:00:00 AM,74,47,27
12/12/2016 09:00:00 AM,50,19,31
12/12/2016 10:00:00 AM,19,10,9
12/12/2016 11:00:00 AM,11,6,5
12/12/2016 12:00:00 PM,12,6,6
12/12/2016 01:00:00 PM,25,9,16
12/12/2016 02:00:00 PM,19,9,10
12/12/2016 03:00:00 PM,34,20,14
12/12/2016 04:00:00 PM,75,55,20
12/12/2016 05:00:00 PM,101,71,30
12/12/2016 06:00:00 PM,43,27,16
12/12/2016 07:00:00 PM,19,11,8
12/12/2016 08:00:00 PM,2,1,1
12/12/2016 09:00:00 PM,8,4,4
12/12/2016 10:00:00 PM,5,2,3
12/12/2016 11:00:00 PM,3,1,2
12/13/2016 12:00:00 AM,0,0,0
12/13/2016 01:00:00 AM,0,0,0
12/13/2016 02:00:00 AM,0,0,0
12/13/2016 03:00:00 AM,3,0,3
12/13/2016 04:00:00 AM,2,1,1
12/13/2016 05:00:00 AM,5,3,2
12/13/2016 06:00:00 AM,21,10,11
12/13/2016 07:00:00 AM,50,26,24
12/13/2016 08:00:00 AM,84,46,38
12/13/2016 09:00:00 AM,65,33,32
12/13/2016 10:00:00 AM,17,8,9
12/13/2016 11:00:00 AM,20,10,10
12/13/2016 12:00:00 PM,23,11,12
12/13/2016 01:00:00 PM,25,13,12
12/13/2016 02:00:00 PM,25,11,14
12/13/2016 03:00:00 PM,32,19,13
12/13/2016 04:00:00 PM,86,61,25
12/13/2016 05:00:00 PM,110,75,35
12/13/2016 06:00:00 PM,47,28,19
12/13/2016 07:00:00 PM,28,17,11
12/13/2016 08:00:00 PM,12,8,4
12/13/2016 09:00:00 PM,2,2,0
12/13/2016 10:00:00 PM,2,1,1
12/13/2016 11:00:00 PM,1,0,1
12/14/2016 12:00:00 AM,3,1,2
12/14/2016 01:00:00 AM,0,0,0
12/14/2016 02:00:00 AM,1,0,1
12/14/2016 03:00:00 AM,1,0,1
12/14/2016 04:00:00 AM,1,1,0
12/14/2016 05:00:00 AM,12,3,9
12/14/2016 06:00:00 AM,11,4,7
12/14/2016 07:00:00 AM,29,14,15
12/14/2016 08:00:00 AM,66,35,31
12/14/2016 09:00:00 AM,48,28,20
12/14/2016 10:00:00 AM,22,12,10
12/14/2016 11:00:00 AM,22,11,11
12/14/2016 12:00:00 PM,33,17,16
12/14/2016 01:00:00 PM,35,15,20
12/14/2016 02:00:00 PM,28,18,10
12/14/2016 03:00:00 PM,32,19,13
12/14/2016 04:00:00 PM,69,54,15
12/14/2016 05:00:00 PM,98,68,30
12/14/2016 06:00:00 PM,61,42,19
12/14/2016 07:00:00 PM,11,8,3
12/14/2016 08:00:00 PM,12,10,2
12/14/2016 09:00:00 PM,5,3,2
12/14/2016 10:00:00 PM,3,1,2
12/14/2016 11:00:00 PM,4,0,4
12/15/2016 12:00:00 AM,0,0,0
12/15/2016 01:00:00 AM,0,0,0
12/15/2016 02:00:00 AM,1,0,1
12/15/2016 03:00:00 AM,0,0,0
12/15/2016 04:00:00 AM,1,1,0
12/15/2016 05:00:00 AM,7,4,3
12/15/2016 06:00:00 AM,16,6,10
12/15/2016 07:00:00 AM,37,22,15
12/15/2016 08:00:00 AM,72,36,36
12/15/2016 09:00:00 AM,37,15,22
12/15/2016 10:00:00 AM,15,5,10
12/15/2016 11:00:00 AM,25,10,15
12/15/2016 12:00:00 PM,23,14,9
12/15/2016 01:00:00 PM,22,12,10
12/15/2016 02:00:00 PM,21,10,11
12/15/2016 03:00:00 PM,41,20,21
12/15/2016 04:00:00 PM,81,62,19
12/15/2016 05:00:00 PM,86,53,33
12/15/2016 06:00:00 PM,52,33,19
12/15/2016 07:00:00 PM,19,11,8
12/15/2016 08:00:00 PM,13,6,7
12/15/2016 09:00:00 PM,8,4,4
12/15/2016 10:00:00 PM,7,4,3
12/15/2016 11:00:00 PM,5,4,1
12/16/2016 12:00:00 AM,3,1,2
12/16/2016 01:00:00 AM,0,0,0
12/16/2016 02:00:00 AM,0,0,0
12/16/2016 03:00:00 AM,1,0,1
12/16/2016 04:00:00 AM,1,1,0
12/16/2016 05:00:00 AM,3,1,2
12/16/2016 06:00:00 AM,14,8,6
12/16/2016 07:00:00 AM,27,9,18
12/16/2016 08:00:00 AM,47,28,19
12/16/2016 09:00:00 AM,33,12,21
12/16/2016 10:00:00 AM,11,5,6
12/16/2016 11:00:00 AM,18,9,9
12/16/2016 12:00:00 PM,19,8,11
12/16/2016 01:00:00 PM,24,10,14
12/16/2016 02:00:00 PM,19,10,9
12/16/2016 03:00:00 PM,37,23,14
12/16/2016 04:00:00 PM,53,35,18
12/16/2016 05:00:00 PM,76,51,25
12/16/2016 06:00:00 PM,47,32,15
12/16/2016 07:00:00 PM,12,7,5
12/16/2016 08:00:00 PM,5,3,2
12/16/2016 09:00:00 PM,4,2,2
12/16/2016 10:00:00 PM,2,1,1
12/16/2016 11:00:00 PM,4,3,1
12/17/2016 12:00:00 AM,2,1,1
12/17/2016 01:00:00 AM,1,0,1
12/17/2016 02:00:00 AM,0,0,0
12/17/2016 03:00:00 AM,0,0,0
12/17/2016 04:00:00 AM,0,0,0
12/17/2016 05:00:00 AM,1,1,0
12/17/2016 06:00:00 AM,3,2,1
12/17/2016 07:00:00 AM,2,2,0
12/17/2016 08:00:00 AM,3,0,3
12/17/2016 09:00:00 AM,4,2,2
12/17/2016 10:00:00 AM,7,3,4
12/17/2016 11:00:00 AM,5,3,2
12/17/2016 12:00:00 PM,13,6,7
12/17/2016 01:00:00 PM,14,9,5
12/17/2016 02:00:00 PM,9,7,2
12/17/2016 03:00:00 PM,10,6,4
12/17/2016 04:00:00 PM,9,6,3
12/17/2016 05:00:00 PM,11,4,7
12/17/2016 06:00:00 PM,7,7,0
12/17/2016 07:00:00 PM,5,3,2
12/17/2016 08:00:00 PM,5,4,1
12/17/2016 09:00:00 PM,0,0,0
12/17/2016 10:00:00 PM,3,3,0
12/17/2016 11:00:00 PM,0,0,0
12/18/2016 12:00:00 AM,3,2,1
12/18/2016 01:00:00 AM,1,1,0
12/18/2016 02:00:00 AM,1,0,1
12/18/2016 03:00:00 AM,1,0,1
12/18/2016 04:00:00 AM,1,0,1
12/18/2016 05:00:00 AM,0,0,0
12/18/2016 06:00:00 AM,1,0,1
12/18/2016 07:00:00 AM,1,1,0
12/18/2016 08:00:00 AM,4,1,3
12/18/2016 09:00:00 AM,1,0,1
12/18/2016 10:00:00 AM,2,0,2
12/18/2016 11:00:00 AM,4,1,3
12/18/2016 12:00:00 PM,8,4,4
12/18/2016 01:00:00 PM,9,4,5
12/18/2016 02:00:00 PM,9,5,4
12/18/2016 03:00:00 PM,6,4,2
12/18/2016 04:00:00 PM,6,2,4
12/18/2016 05:00:00 PM,7,5,2
12/18/2016 06:00:00 PM,8,5,3
12/18/2016 07:00:00 PM,1,0,1
12/18/2016 08:00:00 PM,1,1,0
12/18/2016 09:00:00 PM,1,1,0
12/18/2016 10:00:00 PM,5,3,2
12/18/2016 11:00:00 PM,0,0,0
12/19/2016 12:00:00 AM,1,1,0
12/19/2016 01:00:00 AM,0,0,0
12/19/2016 02:00:00 AM,2,0,2
12/19/2016 03:00:00 AM,0,0,0
12/19/2016 04:00:00 AM,1,1,0
12/19/2016 05:00:00 AM,4,2,2
12/19/2016 06:00:00 AM,11,5,6
12/19/2016 07:00:00 AM,34,14,20
12/19/2016 08:00:00 AM,49,27,22
12/19/2016 09:00:00 AM,41,22,19
12/19/2016 10:00:00 AM,14,7,7
12/19/2016 11:00:00 AM,7,4,3
12/19/2016 12:00:00 PM,16,6,10
12/19/2016 01:00:00 PM,18,9,9
12/19/2016 02:00:00 PM,13,8,5
12/19/2016 03:00:00 PM,25,12,13
12/19/2016 04:00:00 PM,44,29,15
12/19/2016 05:00:00 PM,97,67,30
12/19/2016 06:00:00 PM,51,31,20
12/19/2016 07:00:00 PM,14,7,7
12/19/2016 08:00:00 PM,1,1,0
12/19/2016 09:00:00 PM,2,2,0
12/19/2016 10:00:00 PM,1,0,1
12/19/2016 11:00:00 PM,0,0,0
12/20/2016 12:00:00 AM,1,1,0
12/20/2016 01:00:00 AM,1,1,0
12/20/2016 02:00:00 AM,0,0,0
12/20/2016 03:00:00 AM,3,1,2
12/20/2016 04:00:00 AM,3,2,1
12/20/2016 05:00:00 AM,7,4,3
12/20/2016 06:00:00 AM,19,7,12
12/20/2016 07:00:00 AM,36,18,18
12/20/2016 08:00:00 AM,54,36,18
12/20/2016 09:00:00 AM,43,19,24
12/20/2016 10:00:00 AM,27,15,12
12/20/2016 11:00:00 AM,15,11,4
12/20/2016 12:00:00 PM,20,10,10
12/20/2016 01:00:00 PM,20,9,11
12/20/2016 02:00:00 PM,20,13,7
12/20/2016 03:00:00 PM,35,22,13
12/20/2016 04:00:00 PM,80,56,24
12/20/2016 05:00:00 PM,91,60,31
12/20/2016 06:00:00 PM,54,30,24
12/20/2016 07:00:00 PM,14,9,5
12/20/2016 08:00:00 PM,8,6,2
12/20/2016 09:00:00 PM,3,2,1
12/20/2016 10:00:00 PM,2,1,1
12/20/2016 11:00:00 PM,0,0,0
12/21/2016 12:00:00 AM,1,0,1
12/21/2016 01:00:00 AM,0,0,0
12/21/2016 02:00:00 AM,0,0,0
12/21/2016 03:00:00 AM,0,0,0
12/21/2016 04:00:00 AM,1,1,0
12/21/2016 05:00:00 AM,6,2,4
12/21/2016 06:00:00 AM,13,8,5
12/21/2016 07:00:00 AM,27,16,11
12/21/2016 08:00:00 AM,57,32,25
12/21/2016 09:00:00 AM,37,18,19
12/21/2016 10:00:00 AM,14,8,6
12/21/2016 11:00:00 AM,30,18,12
12/21/2016 12:00:00 PM,25,10,15
12/21/2016 01:00:00 PM,17,7,10
12/21/2016 02:00:00 PM,29,18,11
12/21/2016 03:00:00 PM,43,29,14
12/21/2016 04:00:00 PM,71,45,26
12/21/2016 05:00:00 PM,87,56,31
12/21/2016 06:00:00 PM,48,30,18
12/21/2016 07:00:00 PM,16,12,4
12/21/2016 08:00:00 PM,5,3,2
12/21/2016 09:00:00 PM,6,2,4
12/21/2016 10:00:00 PM,2,2,0
12/21/2016 11:00:00 PM,2,2,0
12/22/2016 12:00:00 AM,1,0,1
12/22/2016 01:00:00 AM,0,0,0
12/22/2016 02:00:00 AM,1,1,0
12/22/2016 03:00:00 AM,1,1,0
12/22/2016 04:00:00 AM,1,1,0
12/22/2016 05:00:00 AM,4,2,2
12/22/2016 06:00:00 AM,9,4,5
12/22/2016 07:00:00 AM,29,11,18
12/22/2016 08:00:00 AM,36,23,13
12/22/2016 09:00:00 AM,37,14,23
12/22/2016 10:00:00 AM,19,10,9
12/22/2016 11:00:00 AM,20,14,6
12/22/2016 12:00:00 PM,23,12,11
12/22/2016 01:00:00 PM,14,7,7
12/22/2016 02:00:00 PM,24,16,8
12/22/2016 03:00:00 PM,29,21,8
12/22/2016 04:00:00 PM,51,34,17
12/22/2016 05:00:00 PM,51,38,13
12/22/2016 06:00:00 PM,32,21,11
12/22/2016 07:00:00 PM,13,6,7
12/22/2016 08:00:00 PM,6,4,2
12/22/2016 09:00:00 PM,2,1,1
12/22/2016 10:00:00 PM,1,0,1
12/22/2016 11:00:00 PM,5,2,3
12/23/2016 12:00:00 AM,0,0,0
12/23/2016 01:00:00 AM,0,0,0
12/23/2016 02:00:00 AM,0,0,0
12/23/2016 03:00:00 AM,0,0,0
12/23/2016 04:00:00 AM,0,0,0
12/23/2016 05:00:00 AM,3,1,2
12/23/2016 06:00:00 AM,5,4,1
12/23/2016 07:00:00 AM,8,4,4
12/23/2016 08:00:00 AM,15,8,7
12/23/2016 09:00:00 AM,7,3,4
12/23/2016 10:00:00 AM,11,6,5
12/23/2016 11:00:00 AM,3,0,3
12/23/2016 12:00:00 PM,9,5,4
12/23/2016 01:00:00 PM,16,7,9
12/23/2016 02:00:00 PM,15,7,8
12/23/2016 03:00:00 PM,13,7,6
12/23/2016 04:00:00 PM,23,17,6
12/23/2016 05:00:00 PM,14,12,2
12/23/2016 06:00:00 PM,10,7,3
12/23/2016 07:00:00 PM,2,1,1
12/23/2016 08:00:00 PM,2,1,1
12/23/2016 09:00:00 PM,4,2,2
12/23/2016 10:00:00 PM,0,0,0
12/23/2016 11:00:00 PM,4,2,2
12/24/2016 12:00:00 AM,1,0,1
12/24/2016 01:00:00 AM,0,0,0
12/24/2016 02:00:00 AM,0,0,0
12/24/2016 03:00:00 AM,0,0,0
12/24/2016 04:00:00 AM,0,0,0
12/24/2016 05:00:00 AM,0,0,0
12/24/2016 06:00:00 AM,4,2,2
12/24/2016 07:00:00 AM,4,4,0
12/24/2016 08:00:00 AM,3,1,2
12/24/2016 09:00:00 AM,0,0,0
12/24/2016 10:00:00 AM,2,1,1
12/24/2016 11:00:00 AM,7,5,2
12/24/2016 12:00:00 PM,8,4,4
12/24/2016 01:00:00 PM,11,6,5
12/24/2016 02:00:00 PM,13,7,6
12/24/2016 03:00:00 PM,11,8,3
12/24/2016 04:00:00 PM,9,6,3
12/24/2016 05:00:00 PM,9,2,7
12/24/2016 06:00:00 PM,4,3,1
12/24/2016 07:00:00 PM,2,0,2
12/24/2016 08:00:00 PM,3,0,3
12/24/2016 09:00:00 PM,0,0,0
12/24/2016 10:00:00 PM,0,0,0
12/24/2016 11:00:00 PM,2,1,1
12/25/2016 12:00:00 AM,1,0,1
12/25/2016 01:00:00 AM,2,0,2
12/25/2016 02:00:00 AM,0,0,0
12/25/2016 03:00:00 AM,0,0,0
12/25/2016 04:00:00 AM,0,0,0
12/25/2016 05:00:00 AM,0,0,0
12/25/2016 06:00:00 AM,0,0,0
12/25/2016 07:00:00 AM,1,1,0
12/25/2016 08:00:00 AM,0,0,0
12/25/2016 09:00:00 AM,2,1,1
12/25/2016 10:00:00 AM,4,3,1
12/25/2016 11:00:00 AM,4,1,3
12/25/2016 12:00:00 PM,3,0,3
12/25/2016 01:00:00 PM,5,3,2
12/25/2016 02:00:00 PM,4,2,2
12/25/2016 03:00:00 PM,3,3,0
12/25/2016 04:00:00 PM,3,1,2
12/25/2016 05:00:00 PM,1,0,1
12/25/2016 06:00:00 PM,0,0,0
12/25/2016 07:00:00 PM,1,0,1
12/25/2016 08:00:00 PM,1,0,1
12/25/2016 09:00:00 PM,1,1,0
12/25/2016 10:00:00 PM,0,0,0
12/25/2016 11:00:00 PM,0,0,0
12/26/2016 12:00:00 AM,0,0,0
12/26/2016 01:00:00 AM,0,0,0
12/26/2016 02:00:00 AM,0,0,0
12/26/2016 03:00:00 AM,0,0,0
12/26/2016 04:00:00 AM,0,0,0
12/26/2016 05:00:00 AM,1,0,1
12/26/2016 06:00:00 AM,0,0,0
12/26/2016 07:00:00 AM,6,3,3
12/26/2016 08:00:00 AM,6,4,2
12/26/2016 09:00:00 AM,5,3,2
12/26/2016 10:00:00 AM,5,3,2
12/26/2016 11:00:00 AM,7,3,4
12/26/2016 12:00:00 PM,4,2,2
12/26/2016 01:00:00 PM,7,3,4
12/26/2016 02:00:00 PM,3,2,1
12/26/2016 03:00:00 PM,5,3,2
12/26/2016 04:00:00 PM,4,2,2
12/26/2016 05:00:00 PM,4,3,1
12/26/2016 06:00:00 PM,5,4,1
12/26/2016 07:00:00 PM,1,0,1
12/26/2016 08:00:00 PM,1,1,0
12/26/2016 09:00:00 PM,1,1,0
12/26/2016 10:00:00 PM,0,0,0
12/26/2016 11:00:00 PM,1,0,1
12/27/2016 12:00:00 AM,0,0,0
12/27/2016 01:00:00 AM,1,1,0
12/27/2016 02:00:00 AM,0,0,0
12/27/2016 03:00:00 AM,0,0,0
12/27/2016 04:00:00 AM,2,1,1
12/27/2016 05:00:00 AM,4,3,1
12/27/2016 06:00:00 AM,5,1,4
12/27/2016 07:00:00 AM,23,11,12
12/27/2016 08:00:00 AM,29,17,12
12/27/2016 09:00:00 AM,21,4,17
12/27/2016 10:00:00 AM,17,7,10
12/27/2016 11:00:00 AM,14,9,5
12/27/2016 12:00:00 PM,11,7,4
12/27/2016 01:00:00 PM,13,5,8
12/27/2016 02:00:00 PM,14,11,3
12/27/2016 03:00:00 PM,21,10,11
12/27/2016 04:00:00 PM,42,28,14
12/27/2016 05:00:00 PM,45,28,17
12/27/2016 06:00:00 PM,18,11,7
12/27/2016 07:00:00 PM,8,2,6
12/27/2016 08:00:00 PM,1,1,0
12/27/2016 09:00:00 PM,3,3,0
12/27/2016 10:00:00 PM,1,1,0
12/27/2016 11:00:00 PM,3,2,1
12/28/2016 12:00:00 AM,2,0,2
12/28/2016 01:00:00 AM,0,0,0
12/28/2016 02:00:00 AM,0,0,0
12/28/2016 03:00:00 AM,1,1,0
12/28/2016 04:00:00 AM,1,1,0
12/28/2016 05:00:00 AM,4,4,0
12/28/2016 06:00:00 AM,5,1,4
12/28/2016 07:00:00 AM,25,11,14
12/28/2016 08:00:00 AM,32,18,14
12/28/2016 09:00:00 AM,31,14,17
12/28/2016 10:00:00 AM,9,6,3
12/28/2016 11:00:00 AM,19,7,12
12/28/2016 12:00:00 PM,16,7,9
12/28/2016 01:00:00 PM,26,11,15
12/28/2016 02:00:00 PM,18,11,7
12/28/2016 03:00:00 PM,27,18,9
12/28/2016 04:00:00 PM,43,28,15
12/28/2016 05:00:00 PM,61,41,20
12/28/2016 06:00:00 PM,32,25,7
12/28/2016 07:00:00 PM,11,5,6
12/28/2016 08:00:00 PM,3,3,0
12/28/2016 09:00:00 PM,5,1,4
12/28/2016 10:00:00 PM,1,0,1
12/28/2016 11:00:00 PM,3,2,1
12/29/2016 12:00:00 AM,0,0,0
12/29/2016 01:00:00 AM,0,0,0
12/29/2016 02:00:00 AM,0,0,0
12/29/2016 03:00:00 AM,0,0,0
12/29/2016 04:00:00 AM,0,0,0
12/29/2016 05:00:00 AM,1,1,0
12/29/2016 06:00:00 AM,12,4,8
12/29/2016 07:00:00 AM,19,10,9
12/29/2016 08:00:00 AM,40,29,11
12/29/2016 09:00:00 AM,22,9,13
12/29/2016 10:00:00 AM,17,9,8
12/29/2016 11:00:00 AM,7,4,3
12/29/2016 12:00:00 PM,20,8,12
12/29/2016 01:00:00 PM,18,11,7
12/29/2016 02:00:00 PM,12,6,6
12/29/2016 03:00:00 PM,16,13,3
12/29/2016 04:00:00 PM,40,30,10
12/29/2016 05:00:00 PM,48,25,23
12/29/2016 06:00:00 PM,11,4,7
12/29/2016 07:00:00 PM,8,4,4
12/29/2016 08:00:00 PM,3,1,2
12/29/2016 09:00:00 PM,2,1,1
12/29/2016 10:00:00 PM,1,1,0
12/29/2016 11:00:00 PM,2,1,1
12/30/2016 12:00:00 AM,1,1,0
12/30/2016 01:00:00 AM,2,0,2
12/30/2016 02:00:00 AM,0,0,0
12/30/2016 03:00:00 AM,0,0,0
12/30/2016 04:00:00 AM,1,1,0
12/30/2016 05:00:00 AM,1,1,0
12/30/2016 06:00:00 AM,10,5,5
12/30/2016 07:00:00 AM,13,7,6
12/30/2016 08:00:00 AM,22,14,8
12/30/2016 09:00:00 AM,15,7,8
12/30/2016 10:00:00 AM,6,3,3
12/30/2016 11:00:00 AM,10,9,1
12/30/2016 12:00:00 PM,16,5,11
12/30/2016 01:00:00 PM,14,7,7
12/30/2016 02:00:00 PM,21,10,11
12/30/2016 03:00:00 PM,31,15,16
12/30/2016 04:00:00 PM,30,22,8
12/30/2016 05:00:00 PM,18,10,8
12/30/2016 06:00:00 PM,23,13,10
12/30/2016 07:00:00 PM,7,5,2
12/30/2016 08:00:00 PM,4,0,4
12/30/2016 09:00:00 PM,2,2,0
12/30/2016 10:00:00 PM,2,1,1
12/30/2016 11:00:00 PM,2,1,1
12/31/2016 12:00:00 AM,3,3,0
12/31/2016 01:00:00 AM,1,0,1
12/31/2016 02:00:00 AM,0,0,0
12/31/2016 03:00:00 AM,0,0,0
12/31/2016 04:00:00 AM,0,0,0
12/31/2016 05:00:00 AM,1,0,1
12/31/2016 06:00:00 AM,5,4,1
12/31/2016 07:00:00 AM,0,0,0
12/31/2016 08:00:00 AM,4,2,2
12/31/2016 09:00:00 AM,4,2,2
12/31/2016 10:00:00 AM,6,4,2
12/31/2016 11:00:00 AM,6,4,2
12/31/2016 12:00:00 PM,15,8,7
12/31/2016 01:00:00 PM,12,6,6
12/31/2016 02:00:00 PM,8,4,4
12/31/2016 03:00:00 PM,6,3,3
12/31/2016 04:00:00 PM,2,2,0
12/31/2016 05:00:00 PM,6,4,2
12/31/2016 06:00:00 PM,2,1,1
12/31/2016 07:00:00 PM,2,1,1
12/31/2016 08:00:00 PM,2,0,2
12/31/2016 09:00:00 PM,1,1,0
12/31/2016 10:00:00 PM,2,1,1
12/31/2016 11:00:00 PM,3,1,2
01/01/2017 12:00:00 AM,1,1,0
01/01/2017 01:00:00 AM,3,2,1
01/01/2017 02:00:00 AM,1,0,1
01/01/2017 03:00:00 AM,2,1,1
01/01/2017 04:00:00 AM,1,0,1
01/01/2017 05:00:00 AM,0,0,0
01/01/2017 06:00:00 AM,0,0,0
01/01/2017 07:00:00 AM,1,0,1
01/01/2017 08:00:00 AM,1,0,1
01/01/2017 09:00:00 AM,0,0,0
01/01/2017 10:00:00 AM,4,2,2
01/01/2017 11:00:00 AM,5,2,3
01/01/2017 12:00:00 PM,3,1,2
01/01/2017 01:00:00 PM,0,0,0
01/01/2017 02:00:00 PM,6,2,4
01/01/2017 03:00:00 PM,6,3,3
01/01/2017 04:00:00 PM,3,2,1
01/01/2017 05:00:00 PM,4,3,1
01/01/2017 06:00:00 PM,6,4,2
01/01/2017 07:00:00 PM,0,0,0
01/01/2017 08:00:00 PM,1,1,0
01/01/2017 09:00:00 PM,2,2,0
01/01/2017 10:00:00 PM,0,0,0
01/01/2017 11:00:00 PM,0,0,0
01/02/2017 12:00:00 AM,1,0,1
01/02/2017 01:00:00 AM,0,0,0
01/02/2017 02:00:00 AM,0,0,0
01/02/2017 03:00:00 AM,0,0,0
01/02/2017 04:00:00 AM,1,0,1
01/02/2017 05:00:00 AM,0,0,0
01/02/2017 06:00:00 AM,2,2,0
01/02/2017 07:00:00 AM,2,1,1
01/02/2017 08:00:00 AM,2,0,2
01/02/2017 09:00:00 AM,7,2,5
01/02/2017 10:00:00 AM,8,4,4
01/02/2017 11:00:00 AM,6,4,2
01/02/2017 12:00:00 PM,13,7,6
01/02/2017 01:00:00 PM,12,7,5
01/02/2017 02:00:00 PM,13,5,8
01/02/2017 03:00:00 PM,14,7,7
01/02/2017 04:00:00 PM,11,9,2
01/02/2017 05:00:00 PM,10,7,3
01/02/2017 06:00:00 PM,7,3,4
01/02/2017 07:00:00 PM,4,2,2
01/02/2017 08:00:00 PM,1,0,1
01/02/2017 09:00:00 PM,1,0,1
01/02/2017 10:00:00 PM,2,1,1
01/02/2017 11:00:00 PM,0,0,0
01/03/2017 12:00:00 AM,0,0,0
01/03/2017 01:00:00 AM,0,0,0
01/03/2017 02:00:00 AM,0,0,0
01/03/2017 03:00:00 AM,0,0,0
01/03/2017 04:00:00 AM,4,2,2
01/03/2017 05:00:00 AM,10,6,4
01/03/2017 06:00:00 AM,15,9,6
01/03/2017 07:00:00 AM,41,24,17
01/03/2017 08:00:00 AM,53,27,26
01/03/2017 09:00:00 AM,35,18,17
01/03/2017 10:00:00 AM,12,2,10
01/03/2017 11:00:00 AM,9,6,3
01/03/2017 12:00:00 PM,14,7,7
01/03/2017 01:00:00 PM,13,5,8
01/03/2017 02:00:00 PM,17,8,9
01/03/2017 03:00:00 PM,29,19,10
01/03/2017 04:00:00 PM,59,38,21
01/03/2017 05:00:00 PM,88,63,25
01/03/2017 06:00:00 PM,53,29,24
01/03/2017 07:00:00 PM,13,8,5
01/03/2017 08:00:00 PM,5,2,3
01/03/2017 09:00:00 PM,0,0,0
01/03/2017 10:00:00 PM,4,1,3
01/03/2017 11:00:00 PM,3,2,1
01/04/2017 12:00:00 AM,0,0,0
01/04/2017 01:00:00 AM,1,1,0
01/04/2017 02:00:00 AM,0,0,0
01/04/2017 03:00:00 AM,0,0,0
01/04/2017 04:00:00 AM,0,0,0
01/04/2017 05:00:00 AM,8,3,5
01/04/2017 06:00:00 AM,12,6,6
01/04/2017 07:00:00 AM,34,17,17
01/04/2017 08:00:00 AM,55,35,20
01/04/2017 09:00:00 AM,28,10,18
01/04/2017 10:00:00 AM,15,4,11
01/04/2017 11:00:00 AM,15,9,6
01/04/2017 12:00:00 PM,15,7,8
01/04/2017 01:00:00 PM,22,6,16
01/04/2017 02:00:00 PM,26,18,8
01/04/2017 03:00:00 PM,22,14,8
01/04/2017 04:00:00 PM,64,46,18
01/04/2017 05:00:00 PM,86,56,30
01/04/2017 06:00:00 PM,38,24,14
01/04/2017 07:00:00 PM,11,10,1
01/04/2017 08:00:00 PM,5,1,4
01/04/2017 09:00:00 PM,1,1,0
01/04/2017 10:00:00 PM,2,0,2
01/04/2017 11:00:00 PM,3,2,1
01/05/2017 12:00:00 AM,1,0,1
01/05/2017 01:00:00 AM,0,0,0
01/05/2017 02:00:00 AM,0,0,0
01/05/2017 03:00:00 AM,5,3,2
01/05/2017 04:00:00 AM,0,0,0
01/05/2017 05:00:00 AM,8,3,5
01/05/2017 06:00:00 AM,16,7,9
01/05/2017 07:00:00 AM,31,17,14
01/05/2017 08:00:00 AM,45,27,18
01/05/2017 09:00:00 AM,41,20,21
01/05/2017 10:00:00 AM,17,10,7
01/05/2017 11:00:00 AM,25,9,16
01/05/2017 12:00:00 PM,16,5,11
01/05/2017 01:00:00 PM,18,5,13
01/05/2017 02:00:00 PM,19,11,8
01/05/2017 03:00:00 PM,29,17,12
01/05/2017 04:00:00 PM,64,35,29
01/05/2017 05:00:00 PM,99,69,30
01/05/2017 06:00:00 PM,44,30,14
01/05/2017 07:00:00 PM,16,7,9
01/05/2017 08:00:00 PM,2,1,1
01/05/2017 09:00:00 PM,5,4,1
01/05/2017 10:00:00 PM,1,1,0
01/05/2017 11:00:00 PM,1,1,0
01/06/2017 12:00:00 AM,3,0,3
01/06/2017 01:00:00 AM,1,0,1
01/06/2017 02:00:00 AM,0,0,0
01/06/2017 03:00:00 AM,2,2,0
01/06/2017 04:00:00 AM,0,0,0
01/06/2017 05:00:00 AM,5,3,2
01/06/2017 06:00:00 AM,13,6,7
01/06/2017 07:00:00 AM,30,20,10
01/06/2017 08:00:00 AM,54,34,20
01/06/2017 09:00:00 AM,38,14,24
01/06/2017 10:00:00 AM,19,8,11
01/06/2017 11:00:00 AM,19,8,11
01/06/2017 12:00:00 PM,25,12,13
01/06/2017 01:00:00 PM,26,12,14
01/06/2017 02:00:00 PM,25,12,13
01/06/2017 03:00:00 PM,27,20,7
01/06/2017 04:00:00 PM,69,47,22
01/06/2017 05:00:00 PM,76,47,29
01/06/2017 06:00:00 PM,36,22,14
01/06/2017 07:00:00 PM,15,10,5
01/06/2017 08:00:00 PM,8,6,2
01/06/2017 09:00:00 PM,1,1,0
01/06/2017 10:00:00 PM,7,2,5
01/06/2017 11:00:00 PM,0,0,0
01/07/2017 12:00:00 AM,2,1,1
01/07/2017 01:00:00 AM,4,3,1
01/07/2017 02:00:00 AM,3,1,2
01/07/2017 03:00:00 AM,0,0,0
01/07/2017 04:00:00 AM,0,0,0
01/07/2017 05:00:00 AM,0,0,0
01/07/2017 06:00:00 AM,2,2,0
01/07/2017 07:00:00 AM,2,1,1
01/07/2017 08:00:00 AM,2,0,2
01/07/2017 09:00:00 AM,2,1,1
01/07/2017 10:00:00 AM,7,1,6
01/07/2017 11:00:00 AM,5,2,3
01/07/2017 12:00:00 PM,9,6,3
01/07/2017 01:00:00 PM,10,4,6
01/07/2017 02:00:00 PM,16,12,4
01/07/2017 03:00:00 PM,19,10,9
01/07/2017 04:00:00 PM,16,11,5
01/07/2017 05:00:00 PM,17,10,7
01/07/2017 06:00:00 PM,7,5,2
01/07/2017 07:00:00 PM,4,3,1
01/07/2017 08:00:00 PM,8,3,5
01/07/2017 09:00:00 PM,12,5,7
01/07/2017 10:00:00 PM,2,0,2
01/07/2017 11:00:00 PM,4,3,1
01/08/2017 12:00:00 AM,0,0,0
01/08/2017 01:00:00 AM,0,0,0
01/08/2017 02:00:00 AM,1,1,0
01/08/2017 03:00:00 AM,0,0,0
01/08/2017 04:00:00 AM,0,0,0
01/08/2017 05:00:00 AM,0,0,0
01/08/2017 06:00:00 AM,0,0,0
01/08/2017 07:00:00 AM,1,1,0
01/08/2017 08:00:00 AM,0,0,0
01/08/2017 09:00:00 AM,4,3,1
01/08/2017 10:00:00 AM,2,1,1
01/08/2017 11:00:00 AM,5,1,4
01/08/2017 12:00:00 PM,2,1,1
01/08/2017 01:00:00 PM,4,1,3
01/08/2017 02:00:00 PM,3,3,0
01/08/2017 03:00:00 PM,2,1,1
01/08/2017 04:00:00 PM,2,1,1
01/08/2017 05:00:00 PM,1,0,1
01/08/2017 06:00:00 PM,2,0,2
01/08/2017 07:00:00 PM,0,0,0
01/08/2017 08:00:00 PM,0,0,0
01/08/2017 09:00:00 PM,0,0,0
01/08/2017 10:00:00 PM,1,1,0
01/08/2017 11:00:00 PM,0,0,0
01/09/2017 12:00:00 AM,0,0,0
01/09/2017 01:00:00 AM,1,0,1
01/09/2017 02:00:00 AM,0,0,0
01/09/2017 03:00:00 AM,0,0,0
01/09/2017 04:00:00 AM,0,0,0
01/09/2017 05:00:00 AM,9,6,3
01/09/2017 06:00:00 AM,16,7,9
01/09/2017 07:00:00 AM,30,18,12
01/09/2017 08:00:00 AM,71,41,30
01/09/2017 09:00:00 AM,58,28,30
01/09/2017 10:00:00 AM,17,4,13
01/09/2017 11:00:00 AM,14,6,8
01/09/2017 12:00:00 PM,14,8,6
01/09/2017 01:00:00 PM,13,5,8
01/09/2017 02:00:00 PM,25,13,12
01/09/2017 03:00:00 PM,30,18,12
01/09/2017 04:00:00 PM,57,42,15
01/09/2017 05:00:00 PM,111,69,42
01/09/2017 06:00:00 PM,47,29,18
01/09/2017 07:00:00 PM,11,6,5
01/09/2017 08:00:00 PM,3,2,1
01/09/2017 09:00:00 PM,4,3,1
01/09/2017 10:00:00 PM,1,1,0
01/09/2017 11:00:00 PM,1,1,0
01/10/2017 12:00:00 AM,1,0,1
01/10/2017 01:00:00 AM,0,0,0
01/10/2017 02:00:00 AM,1,0,1
01/10/2017 03:00:00 AM,1,0,1
01/10/2017 04:00:00 AM,1,0,1
01/10/2017 05:00:00 AM,8,5,3
01/10/2017 06:00:00 AM,17,9,8
01/10/2017 07:00:00 AM,43,18,25
01/10/2017 08:00:00 AM,55,35,20
01/10/2017 09:00:00 AM,39,17,22
01/10/2017 10:00:00 AM,15,6,9
01/10/2017 11:00:00 AM,10,3,7
01/10/2017 12:00:00 PM,20,10,10
01/10/2017 01:00:00 PM,14,6,8
01/10/2017 02:00:00 PM,18,10,8
01/10/2017 03:00:00 PM,29,18,11
01/10/2017 04:00:00 PM,51,34,17
01/10/2017 05:00:00 PM,84,57,27
01/10/2017 06:00:00 PM,49,27,22
01/10/2017 07:00:00 PM,11,7,4
01/10/2017 08:00:00 PM,4,2,2
01/10/2017 09:00:00 PM,1,0,1
01/10/2017 10:00:00 PM,3,2,1
01/10/2017 11:00:00 PM,0,0,0
01/11/2017 12:00:00 AM,2,0,2
01/11/2017 01:00:00 AM,0,0,0
01/11/2017 02:00:00 AM,0,0,0
01/11/2017 03:00:00 AM,0,0,0
01/11/2017 04:00:00 AM,2,1,1
01/11/2017 05:00:00 AM,9,4,5
01/11/2017 06:00:00 AM,15,5,10
01/11/2017 07:00:00 AM,32,21,11
01/11/2017 08:00:00 AM,57,30,27
01/11/2017 09:00:00 AM,41,23,18
01/11/2017 10:00:00 AM,23,8,15
01/11/2017 11:00:00 AM,14,7,7
01/11/2017 12:00:00 PM,24,14,10
01/11/2017 01:00:00 PM,13,5,8
01/11/2017 02:00:00 PM,20,9,11
01/11/2017 03:00:00 PM,27,14,13
01/11/2017 04:00:00 PM,47,34,13
01/11/2017 05:00:00 PM,90,54,36
01/11/2017 06:00:00 PM,42,28,14
01/11/2017 07:00:00 PM,11,7,4
01/11/2017 08:00:00 PM,12,7,5
01/11/2017 09:00:00 PM,6,3,3
01/11/2017 10:00:00 PM,2,2,0
01/11/2017 11:00:00 PM,3,0,3
01/12/2017 12:00:00 AM,2,1,1
01/12/2017 01:00:00 AM,0,0,0
01/12/2017 02:00:00 AM,0,0,0
01/12/2017 03:00:00 AM,1,1,0
01/12/2017 04:00:00 AM,1,1,0
01/12/2017 05:00:00 AM,8,3,5
01/12/2017 06:00:00 AM,15,8,7
01/12/2017 07:00:00 AM,39,18,21
01/12/2017 08:00:00 AM,68,39,29
01/12/2017 09:00:00 AM,31,13,18
01/12/2017 10:00:00 AM,16,8,8
01/12/2017 11:00:00 AM,17,8,9
01/12/2017 12:00:00 PM,21,9,12
01/12/2017 01:00:00 PM,23,12,11
01/12/2017 02:00:00 PM,25,9,16
01/12/2017 03:00:00 PM,29,19,10
01/12/2017 04:00:00 PM,62,42,20
01/12/2017 05:00:00 PM,91,54,37
01/12/2017 06:00:00 PM,59,42,17
01/12/2017 07:00:00 PM,17,11,6
01/12/2017 08:00:00 PM,6,3,3
01/12/2017 09:00:00 PM,2,1,1
01/12/2017 10:00:00 PM,4,3,1
01/12/2017 11:00:00 PM,1,0,1
01/13/2017 12:00:00 AM,2,1,1
01/13/2017 01:00:00 AM,0,0,0
01/13/2017 02:00:00 AM,0,0,0
01/13/2017 03:00:00 AM,1,0,1
01/13/2017 04:00:00 AM,2,1,1
01/13/2017 05:00:00 AM,3,2,1
01/13/2017 06:00:00 AM,18,10,8
01/13/2017 07:00:00 AM,29,17,12
01/13/2017 08:00:00 AM,52,33,19
01/13/2017 09:00:00 AM,30,12,18
01/13/2017 10:00:00 AM,17,10,7
01/13/2017 11:00:00 AM,21,10,11
01/13/2017 12:00:00 PM,14,8,6
01/13/2017 01:00:00 PM,27,14,13
01/13/2017 02:00:00 PM,23,13,10
01/13/2017 03:00:00 PM,39,27,12
01/13/2017 04:00:00 PM,64,45,19
01/13/2017 05:00:00 PM,76,40,36
01/13/2017 06:00:00 PM,32,20,12
01/13/2017 07:00:00 PM,13,8,5
01/13/2017 08:00:00 PM,4,3,1
01/13/2017 09:00:00 PM,6,1,5
01/13/2017 10:00:00 PM,3,2,1
01/13/2017 11:00:00 PM,2,2,0
01/14/2017 12:00:00 AM,1,1,0
01/14/2017 01:00:00 AM,3,3,0
01/14/2017 02:00:00 AM,2,2,0
01/14/2017 03:00:00 AM,0,0,0
01/14/2017 04:00:00 AM,0,0,0
01/14/2017 05:00:00 AM,0,0,0
01/14/2017 06:00:00 AM,3,3,0
01/14/2017 07:00:00 AM,0,0,0
01/14/2017 08:00:00 AM,2,0,2
01/14/2017 09:00:00 AM,3,2,1
01/14/2017 10:00:00 AM,10,7,3
01/14/2017 11:00:00 AM,11,6,5
01/14/2017 12:00:00 PM,17,11,6
01/14/2017 01:00:00 PM,21,10,11
01/14/2017 02:00:00 PM,10,4,6
01/14/2017 03:00:00 PM,11,6,5
01/14/2017 04:00:00 PM,8,3,5
01/14/2017 05:00:00 PM,5,1,4
01/14/2017 06:00:00 PM,2,1,1
01/14/2017 07:00:00 PM,4,1,3
01/14/2017 08:00:00 PM,0,0,0
01/14/2017 09:00:00 PM,0,0,0
01/14/2017 10:00:00 PM,5,4,1
01/14/2017 11:00:00 PM,0,0,0
01/15/2017 12:00:00 AM,3,2,1
01/15/2017 01:00:00 AM,1,1,0
01/15/2017 02:00:00 AM,2,2,0
01/15/2017 03:00:00 AM,0,0,0
01/15/2017 04:00:00 AM,0,0,0
01/15/2017 05:00:00 AM,0,0,0
01/15/2017 06:00:00 AM,0,0,0
01/15/2017 07:00:00 AM,0,0,0
01/15/2017 08:00:00 AM,3,3,0
01/15/2017 09:00:00 AM,5,2,3
01/15/2017 10:00:00 AM,6,4,2
01/15/2017 11:00:00 AM,2,1,1
01/15/2017 12:00:00 PM,10,6,4
01/15/2017 01:00:00 PM,9,4,5
01/15/2017 02:00:00 PM,10,6,4
01/15/2017 03:00:00 PM,4,1,3
01/15/2017 04:00:00 PM,7,4,3
01/15/2017 05:00:00 PM,5,5,0
01/15/2017 06:00:00 PM,3,2,1
01/15/2017 07:00:00 PM,6,1,5
01/15/2017 08:00:00 PM,5,2,3
01/15/2017 09:00:00 PM,6,3,3
01/15/2017 10:00:00 PM,0,0,0
01/15/2017 11:00:00 PM,0,0,0
01/16/2017 12:00:00 AM,0,0,0
01/16/2017 01:00:00 AM,2,1,1
01/16/2017 02:00:00 AM,0,0,0
01/16/2017 03:00:00 AM,0,0,0
01/16/2017 04:00:00 AM,0,0,0
01/16/2017 05:00:00 AM,3,0,3
01/16/2017 06:00:00 AM,9,4,5
01/16/2017 07:00:00 AM,15,8,7
01/16/2017 08:00:00 AM,36,22,14
01/16/2017 09:00:00 AM,25,9,16
01/16/2017 10:00:00 AM,11,4,7
01/16/2017 11:00:00 AM,12,5,7
01/16/2017 12:00:00 PM,17,6,11
01/16/2017 01:00:00 PM,25,18,7
01/16/2017 02:00:00 PM,13,8,5
01/16/2017 03:00:00 PM,22,8,14
01/16/2017 04:00:00 PM,29,21,8
01/16/2017 05:00:00 PM,49,35,14
01/16/2017 06:00:00 PM,33,19,14
01/16/2017 07:00:00 PM,8,7,1
01/16/2017 08:00:00 PM,4,3,1
01/16/2017 09:00:00 PM,5,3,2
01/16/2017 10:00:00 PM,4,0,4
01/16/2017 11:00:00 PM,0,0,0
01/17/2017 12:00:00 AM,0,0,0
01/17/2017 01:00:00 AM,0,0,0
01/17/2017 02:00:00 AM,1,1,0
01/17/2017 03:00:00 AM,0,0,0
01/17/2017 04:00:00 AM,3,2,1
01/17/2017 05:00:00 AM,8,4,4
01/17/2017 06:00:00 AM,17,11,6
01/17/2017 07:00:00 AM,34,17,17
01/17/2017 08:00:00 AM,59,38,21
01/17/2017 09:00:00 AM,41,19,22
01/17/2017 10:00:00 AM,12,8,4
01/17/2017 11:00:00 AM,10,4,6
01/17/2017 12:00:00 PM,10,5,5
01/17/2017 01:00:00 PM,8,2,6
01/17/2017 02:00:00 PM,10,7,3
01/17/2017 03:00:00 PM,21,15,6
01/17/2017 04:00:00 PM,59,39,20
01/17/2017 05:00:00 PM,78,60,18
01/17/2017 06:00:00 PM,50,30,20
01/17/2017 07:00:00 PM,10,6,4
01/17/2017 08:00:00 PM,4,1,3
01/17/2017 09:00:00 PM,2,1,1
01/17/2017 10:00:00 PM,3,1,2
01/17/2017 11:00:00 PM,0,0,0
01/18/2017 12:00:00 AM,0,0,0
01/18/2017 01:00:00 AM,0,0,0
01/18/2017 02:00:00 AM,0,0,0
01/18/2017 03:00:00 AM,0,0,0
01/18/2017 04:00:00 AM,1,1,0
01/18/2017 05:00:00 AM,5,1,4
01/18/2017 06:00:00 AM,15,11,4
01/18/2017 07:00:00 AM,29,12,17
01/18/2017 08:00:00 AM,47,26,21
01/18/2017 09:00:00 AM,31,16,15
01/18/2017 10:00:00 AM,18,3,15
01/18/2017 11:00:00 AM,15,6,9
01/18/2017 12:00:00 PM,17,6,11
01/18/2017 01:00:00 PM,11,3,8
01/18/2017 02:00:00 PM,16,9,7
01/18/2017 03:00:00 PM,31,20,11
01/18/2017 04:00:00 PM,44,29,15
01/18/2017 05:00:00 PM,70,50,20
01/18/2017 06:00:00 PM,37,22,15
01/18/2017 07:00:00 PM,16,10,6
01/18/2017 08:00:00 PM,7,4,3
01/18/2017 09:00:00 PM,3,3,0
01/18/2017 10:00:00 PM,0,0,0
01/18/2017 11:00:00 PM,1,0,1
01/19/2017 12:00:00 AM,1,1,0
01/19/2017 01:00:00 AM,0,0,0
01/19/2017 02:00:00 AM,0,0,0
01/19/2017 03:00:00 AM,3,1,2
01/19/2017 04:00:00 AM,1,1,0
01/19/2017 05:00:00 AM,5,2,3
01/19/2017 06:00:00 AM,19,8,11
01/19/2017 07:00:00 AM,24,8,16
01/19/2017 08:00:00 AM,82,50,32
01/19/2017 09:00:00 AM,42,21,21
01/19/2017 10:00:00 AM,25,10,15
01/19/2017 11:00:00 AM,17,12,5
01/19/2017 12:00:00 PM,22,12,10
01/19/2017 01:00:00 PM,15,6,9
01/19/2017 02:00:00 PM,17,12,5
01/19/2017 03:00:00 PM,24,17,7
01/19/2017 04:00:00 PM,72,46,26
01/19/2017 05:00:00 PM,96,62,34
01/19/2017 06:00:00 PM,47,26,21
01/19/2017 07:00:00 PM,19,12,7
01/19/2017 08:00:00 PM,10,8,2
01/19/2017 09:00:00 PM,4,4,0
01/19/2017 10:00:00 PM,1,1,0
01/19/2017 11:00:00 PM,5,2,3
01/20/2017 12:00:00 AM,3,1,2
01/20/2017 01:00:00 AM,0,0,0
01/20/2017 02:00:00 AM,0,0,0
01/20/2017 03:00:00 AM,2,1,1
01/20/2017 04:00:00 AM,1,1,0
01/20/2017 05:00:00 AM,2,1,1
01/20/2017 06:00:00 AM,20,10,10
01/20/2017 07:00:00 AM,45,20,25
01/20/2017 08:00:00 AM,77,48,29
01/20/2017 09:00:00 AM,50,27,23
01/20/2017 10:00:00 AM,17,12,5
01/20/2017 11:00:00 AM,21,10,11
01/20/2017 12:00:00 PM,19,11,8
01/20/2017 01:00:00 PM,31,15,16
01/20/2017 02:00:00 PM,25,16,9
01/20/2017 03:00:00 PM,45,32,13
01/20/2017 04:00:00 PM,70,44,26
01/20/2017 05:00:00 PM,82,52,30
01/20/2017 06:00:00 PM,41,27,14
01/20/2017 07:00:00 PM,21,14,7
01/20/2017 08:00:00 PM,14,10,4
01/20/2017 09:00:00 PM,8,1,7
01/20/2017 10:00:00 PM,5,3,2
01/20/2017 11:00:00 PM,5,2,3
01/21/2017 12:00:00 AM,2,2,0
01/21/2017 01:00:00 AM,2,1,1
01/21/2017 02:00:00 AM,2,0,2
01/21/2017 03:00:00 AM,1,0,1
01/21/2017 04:00:00 AM,0,0,0
01/21/2017 05:00:00 AM,0,0,0
01/21/2017 06:00:00 AM,2,2,0
01/21/2017 07:00:00 AM,4,2,2
01/21/2017 08:00:00 AM,1,0,1
01/21/2017 09:00:00 AM,12,11,1
01/21/2017 10:00:00 AM,20,18,2
01/21/2017 11:00:00 AM,35,25,10
01/21/2017 12:00:00 PM,21,5,16
01/21/2017 01:00:00 PM,30,9,21
01/21/2017 02:00:00 PM,37,18,19
01/21/2017 03:00:00 PM,32,26,6
01/21/2017 04:00:00 PM,30,27,3
01/21/2017 05:00:00 PM,12,8,4
01/21/2017 06:00:00 PM,4,2,2
01/21/2017 07:00:00 PM,1,1,0
01/21/2017 08:00:00 PM,3,0,3
01/21/2017 09:00:00 PM,1,1,0
01/21/2017 10:00:00 PM,2,1,1
01/21/2017 11:00:00 PM,0,0,0
01/22/2017 12:00:00 AM,0,0,0
01/22/2017 01:00:00 AM,5,3,2
01/22/2017 02:00:00 AM,0,0,0
01/22/2017 03:00:00 AM,0,0,0
01/22/2017 04:00:00 AM,0,0,0
01/22/2017 05:00:00 AM,0,0,0
01/22/2017 06:00:00 AM,2,0,2
01/22/2017 07:00:00 AM,2,1,1
01/22/2017 08:00:00 AM,1,0,1
01/22/2017 09:00:00 AM,6,4,2
01/22/2017 10:00:00 AM,7,2,5
01/22/2017 11:00:00 AM,3,1,2
01/22/2017 12:00:00 PM,4,2,2
01/22/2017 01:00:00 PM,4,0,4
01/22/2017 02:00:00 PM,7,4,3
01/22/2017 03:00:00 PM,6,2,4
01/22/2017 04:00:00 PM,7,6,1
01/22/2017 05:00:00 PM,5,4,1
01/22/2017 06:00:00 PM,3,2,1
01/22/2017 07:00:00 PM,2,1,1
01/22/2017 08:00:00 PM,1,1,0
01/22/2017 09:00:00 PM,1,0,1
01/22/2017 10:00:00 PM,1,1,0
01/22/2017 11:00:00 PM,0,0,0
01/23/2017 12:00:00 AM,0,0,0
01/23/2017 01:00:00 AM,0,0,0
01/23/2017 02:00:00 AM,0,0,0
01/23/2017 03:00:00 AM,2,1,1
01/23/2017 04:00:00 AM,1,1,0
01/23/2017 05:00:00 AM,9,4,5
01/23/2017 06:00:00 AM,22,14,8
01/23/2017 07:00:00 AM,50,28,22
01/23/2017 08:00:00 AM,79,47,32
01/23/2017 09:00:00 AM,47,21,26
01/23/2017 10:00:00 AM,25,9,16
01/23/2017 11:00:00 AM,14,6,8
01/23/2017 12:00:00 PM,16,6,10
01/23/2017 01:00:00 PM,16,6,10
01/23/2017 02:00:00 PM,20,11,9
01/23/2017 03:00:00 PM,31,23,8
01/23/2017 04:00:00 PM,86,59,27
01/23/2017 05:00:00 PM,123,76,47
01/23/2017 06:00:00 PM,49,30,19
01/23/2017 07:00:00 PM,20,11,9
01/23/2017 08:00:00 PM,7,5,2
01/23/2017 09:00:00 PM,4,2,2
01/23/2017 10:00:00 PM,1,0,1
01/23/2017 11:00:00 PM,2,0,2
01/24/2017 12:00:00 AM,1,0,1
01/24/2017 01:00:00 AM,0,0,0
01/24/2017 02:00:00 AM,0,0,0
01/24/2017 03:00:00 AM,1,0,1
01/24/2017 04:00:00 AM,4,2,2
01/24/2017 05:00:00 AM,10,5,5
01/24/2017 06:00:00 AM,21,10,11
01/24/2017 07:00:00 AM,48,22,26
01/24/2017 08:00:00 AM,82,45,37
01/24/2017 09:00:00 AM,51,23,28
01/24/2017 10:00:00 AM,17,7,10
01/24/2017 11:00:00 AM,14,5,9
01/24/2017 12:00:00 PM,22,9,13
01/24/2017 01:00:00 PM,33,16,17
01/24/2017 02:00:00 PM,29,15,14
01/24/2017 03:00:00 PM,32,18,14
01/24/2017 04:00:00 PM,77,58,19
01/24/2017 05:00:00 PM,110,72,38
01/24/2017 06:00:00 PM,61,36,25
01/24/2017 07:00:00 PM,20,14,6
01/24/2017 08:00:00 PM,11,6,5
01/24/2017 09:00:00 PM,3,3,0
01/24/2017 10:00:00 PM,3,2,1
01/24/2017 11:00:00 PM,1,0,1
01/25/2017 12:00:00 AM,0,0,0
01/25/2017 01:00:00 AM,0,0,0
01/25/2017 02:00:00 AM,0,0,0
01/25/2017 03:00:00 AM,1,0,1
01/25/2017 04:00:00 AM,1,1,0
01/25/2017 05:00:00 AM,10,6,4
01/25/2017 06:00:00 AM,18,8,10
01/25/2017 07:00:00 AM,39,25,14
01/25/2017 08:00:00 AM,82,31,51
01/25/2017 09:00:00 AM,57,28,29
01/25/2017 10:00:00 AM,14,5,9
01/25/2017 11:00:00 AM,18,9,9
01/25/2017 12:00:00 PM,18,9,9
01/25/2017 01:00:00 PM,20,6,14
01/25/2017 02:00:00 PM,25,14,11
01/25/2017 03:00:00 PM,43,27,16
01/25/2017 04:00:00 PM,70,53,17
01/25/2017 05:00:00 PM,111,70,41
01/25/2017 06:00:00 PM,70,44,26
01/25/2017 07:00:00 PM,18,13,5
01/25/2017 08:00:00 PM,5,4,1
01/25/2017 09:00:00 PM,3,1,2
01/25/2017 10:00:00 PM,3,2,1
01/25/2017 11:00:00 PM,4,1,3
01/26/2017 12:00:00 AM,0,0,0
01/26/2017 01:00:00 AM,1,1,0
01/26/2017 02:00:00 AM,0,0,0
01/26/2017 03:00:00 AM,1,1,0
01/26/2017 04:00:00 AM,1,1,0
01/26/2017 05:00:00 AM,10,6,4
01/26/2017 06:00:00 AM,21,11,10
01/26/2017 07:00:00 AM,55,28,27
01/26/2017 08:00:00 AM,79,42,37
01/26/2017 09:00:00 AM,46,25,21
01/26/2017 10:00:00 AM,24,10,14
01/26/2017 11:00:00 AM,22,12,10
01/26/2017 12:00:00 PM,14,6,8
01/26/2017 01:00:00 PM,19,5,14
01/26/2017 02:00:00 PM,27,21,6
01/26/2017 03:00:00 PM,37,22,15
01/26/2017 04:00:00 PM,59,37,22
01/26/2017 05:00:00 PM,137,87,50
01/26/2017 06:00:00 PM,65,43,22
01/26/2017 07:00:00 PM,19,9,10
01/26/2017 08:00:00 PM,10,7,3
01/26/2017 09:00:00 PM,7,2,5
01/26/2017 10:00:00 PM,6,4,2
01/26/2017 11:00:00 PM,3,2,1
01/27/2017 12:00:00 AM,1,0,1
01/27/2017 01:00:00 AM,4,0,4
01/27/2017 02:00:00 AM,0,0,0
01/27/2017 03:00:00 AM,1,1,0
01/27/2017 04:00:00 AM,2,1,1
01/27/2017 05:00:00 AM,6,3,3
01/27/2017 06:00:00 AM,19,12,7
01/27/2017 07:00:00 AM,40,22,18
01/27/2017 08:00:00 AM,84,46,38
01/27/2017 09:00:00 AM,50,24,26
01/27/2017 10:00:00 AM,25,11,14
01/27/2017 11:00:00 AM,22,12,10
01/27/2017 12:00:00 PM,20,6,14
01/27/2017 01:00:00 PM,28,10,18
01/27/2017 02:00:00 PM,34,23,11
01/27/2017 03:00:00 PM,46,29,17
01/27/2017 04:00:00 PM,98,66,32
01/27/2017 05:00:00 PM,91,62,29
01/27/2017 06:00:00 PM,50,24,26
01/27/2017 07:00:00 PM,20,13,7
01/27/2017 08:00:00 PM,14,8,6
01/27/2017 09:00:00 PM,4,1,3
01/27/2017 10:00:00 PM,3,1,2
01/27/2017 11:00:00 PM,5,2,3
01/28/2017 12:00:00 AM,3,3,0
01/28/2017 01:00:00 AM,1,0,1
01/28/2017 02:00:00 AM,3,3,0
01/28/2017 03:00:00 AM,2,1,1
01/28/2017 04:00:00 AM,0,0,0
01/28/2017 05:00:00 AM,3,0,3
01/28/2017 06:00:00 AM,5,3,2
01/28/2017 07:00:00 AM,2,1,1
01/28/2017 08:00:00 AM,7,3,4
01/28/2017 09:00:00 AM,12,9,3
01/28/2017 10:00:00 AM,6,4,2
01/28/2017 11:00:00 AM,15,9,6
01/28/2017 12:00:00 PM,19,12,7
01/28/2017 01:00:00 PM,28,19,9
01/28/2017 02:00:00 PM,25,15,10
01/28/2017 03:00:00 PM,20,9,11
01/28/2017 04:00:00 PM,23,18,5
01/28/2017 05:00:00 PM,17,8,9
01/28/2017 06:00:00 PM,12,9,3
01/28/2017 07:00:00 PM,8,2,6
01/28/2017 08:00:00 PM,2,0,2
01/28/2017 09:00:00 PM,3,2,1
01/28/2017 10:00:00 PM,5,1,4
01/28/2017 11:00:00 PM,3,2,1
01/29/2017 12:00:00 AM,2,1,1
01/29/2017 01:00:00 AM,3,0,3
01/29/2017 02:00:00 AM,1,0,1
01/29/2017 03:00:00 AM,1,0,1
01/29/2017 04:00:00 AM,0,0,0
01/29/2017 05:00:00 AM,1,0,1
01/29/2017 06:00:00 AM,0,0,0
01/29/2017 07:00:00 AM,4,3,1
01/29/2017 08:00:00 AM,3,2,1
01/29/2017 09:00:00 AM,6,3,3
01/29/2017 10:00:00 AM,14,7,7
01/29/2017 11:00:00 AM,7,4,3
01/29/2017 12:00:00 PM,20,17,3
01/29/2017 01:00:00 PM,10,7,3
01/29/2017 02:00:00 PM,20,10,10
01/29/2017 03:00:00 PM,9,3,6
01/29/2017 04:00:00 PM,11,4,7
01/29/2017 05:00:00 PM,17,3,14
01/29/2017 06:00:00 PM,13,7,6
01/29/2017 07:00:00 PM,12,7,5
01/29/2017 08:00:00 PM,7,5,2
01/29/2017 09:00:00 PM,4,4,0
01/29/2017 10:00:00 PM,5,1,4
01/29/2017 11:00:00 PM,1,1,0
01/30/2017 12:00:00 AM,1,1,0
01/30/2017 01:00:00 AM,1,1,0
01/30/2017 02:00:00 AM,1,1,0
01/30/2017 03:00:00 AM,0,0,0
01/30/2017 04:00:00 AM,2,2,0
01/30/2017 05:00:00 AM,12,8,4
01/30/2017 06:00:00 AM,32,20,12
01/30/2017 07:00:00 AM,51,28,23
01/30/2017 08:00:00 AM,94,58,36
01/30/2017 09:00:00 AM,50,29,21
01/30/2017 10:00:00 AM,26,12,14
01/30/2017 11:00:00 AM,8,4,4
01/30/2017 12:00:00 PM,11,6,5
01/30/2017 01:00:00 PM,19,9,10
01/30/2017 02:00:00 PM,21,13,8
01/30/2017 03:00:00 PM,23,13,10
01/30/2017 04:00:00 PM,2,0,2
01/30/2017 05:00:00 PM,12,6,6
01/30/2017 06:00:00 PM,75,56,19
01/30/2017 07:00:00 PM,18,11,7
01/30/2017 08:00:00 PM,8,5,3
01/30/2017 09:00:00 PM,4,4,0
01/30/2017 10:00:00 PM,2,1,1
01/30/2017 11:00:00 PM,3,0,3
01/31/2017 12:00:00 AM,2,0,2
01/31/2017 01:00:00 AM,1,0,1
01/31/2017 02:00:00 AM,1,1,0
01/31/2017 03:00:00 AM,0,0,0
01/31/2017 04:00:00 AM,3,2,1
01/31/2017 05:00:00 AM,12,7,5
01/31/2017 06:00:00 AM,23,13,10
01/31/2017 07:00:00 AM,59,27,32
01/31/2017 08:00:00 AM,91,51,40
01/31/2017 09:00:00 AM,53,24,29
01/31/2017 10:00:00 AM,23,11,12
01/31/2017 11:00:00 AM,17,6,11
01/31/2017 12:00:00 PM,25,11,14
01/31/2017 01:00:00 PM,26,12,14
01/31/2017 02:00:00 PM,23,11,12
01/31/2017 03:00:00 PM,47,29,18
01/31/2017 04:00:00 PM,88,63,25
01/31/2017 05:00:00 PM,129,80,49
01/31/2017 06:00:00 PM,66,40,26
01/31/2017 07:00:00 PM,20,16,4
01/31/2017 08:00:00 PM,4,2,2
01/31/2017 09:00:00 PM,4,2,2
01/31/2017 10:00:00 PM,3,0,3
01/31/2017 11:00:00 PM,5,4,1
02/01/2017 12:00:00 AM,0,0,0
02/01/2017 01:00:00 AM,3,3,0
02/01/2017 02:00:00 AM,1,1,0
02/01/2017 03:00:00 AM,1,0,1
02/01/2017 04:00:00 AM,1,1,0
02/01/2017 05:00:00 AM,6,2,4
02/01/2017 06:00:00 AM,22,12,10
02/01/2017 07:00:00 AM,44,19,25
02/01/2017 08:00:00 AM,87,39,48
02/01/2017 09:00:00 AM,63,30,33
02/01/2017 10:00:00 AM,24,15,9
02/01/2017 11:00:00 AM,14,7,7
02/01/2017 12:00:00 PM,30,10,20
02/01/2017 01:00:00 PM,20,4,16
02/01/2017 02:00:00 PM,21,13,8
02/01/2017 03:00:00 PM,39,24,15
02/01/2017 04:00:00 PM,74,54,20
02/01/2017 05:00:00 PM,122,89,33
02/01/2017 06:00:00 PM,68,39,29
02/01/2017 07:00:00 PM,18,12,6
02/01/2017 08:00:00 PM,9,4,5
02/01/2017 09:00:00 PM,7,4,3
02/01/2017 10:00:00 PM,0,0,0
02/01/2017 11:00:00 PM,4,1,3
02/02/2017 12:00:00 AM,1,1,0
02/02/2017 01:00:00 AM,0,0,0
02/02/2017 02:00:00 AM,1,0,1
02/02/2017 03:00:00 AM,1,1,0
02/02/2017 04:00:00 AM,1,1,0
02/02/2017 05:00:00 AM,5,0,5
02/02/2017 06:00:00 AM,21,11,10
02/02/2017 07:00:00 AM,44,22,22
02/02/2017 08:00:00 AM,78,40,38
02/02/2017 09:00:00 AM,54,31,23
02/02/2017 10:00:00 AM,31,17,14
02/02/2017 11:00:00 AM,21,11,10
02/02/2017 12:00:00 PM,24,15,9
02/02/2017 01:00:00 PM,26,15,11
02/02/2017 02:00:00 PM,27,12,15
02/02/2017 03:00:00 PM,46,22,24
02/02/2017 04:00:00 PM,81,53,28
02/02/2017 05:00:00 PM,135,98,37
02/02/2017 06:00:00 PM,75,46,29
02/02/2017 07:00:00 PM,32,12,20
02/02/2017 08:00:00 PM,18,5,13
02/02/2017 09:00:00 PM,9,5,4
02/02/2017 10:00:00 PM,6,2,4
02/02/2017 11:00:00 PM,3,2,1
02/03/2017 12:00:00 AM,1,1,0
02/03/2017 01:00:00 AM,0,0,0
02/03/2017 02:00:00 AM,0,0,0
02/03/2017 03:00:00 AM,3,1,2
02/03/2017 04:00:00 AM,1,1,0
02/03/2017 05:00:00 AM,5,2,3
02/03/2017 06:00:00 AM,15,9,6
02/03/2017 07:00:00 AM,12,3,9
02/03/2017 08:00:00 AM,36,24,12
02/03/2017 09:00:00 AM,39,24,15
02/03/2017 10:00:00 AM,16,7,9
02/03/2017 11:00:00 AM,14,5,9
02/03/2017 12:00:00 PM,20,11,9
02/03/2017 01:00:00 PM,12,9,3
02/03/2017 02:00:00 PM,14,10,4
02/03/2017 03:00:00 PM,19,11,8
02/03/2017 04:00:00 PM,41,25,16
02/03/2017 05:00:00 PM,57,41,16
02/03/2017 06:00:00 PM,26,18,8
02/03/2017 07:00:00 PM,11,7,4
02/03/2017 08:00:00 PM,5,2,3
02/03/2017 09:00:00 PM,0,0,0
02/03/2017 10:00:00 PM,3,2,1
02/03/2017 11:00:00 PM,0,0,0
02/04/2017 12:00:00 AM,1,0,1
02/04/2017 01:00:00 AM,0,0,0
02/04/2017 02:00:00 AM,1,0,1
02/04/2017 03:00:00 AM,0,0,0
02/04/2017 04:00:00 AM,2,1,1
02/04/2017 05:00:00 AM,0,0,0
02/04/2017 06:00:00 AM,2,2,0
02/04/2017 07:00:00 AM,3,1,2
02/04/2017 08:00:00 AM,4,2,2
02/04/2017 09:00:00 AM,1,1,0
02/04/2017 10:00:00 AM,5,4,1
02/04/2017 11:00:00 AM,1,0,1
02/04/2017 12:00:00 PM,5,5,0
02/04/2017 01:00:00 PM,9,4,5
02/04/2017 02:00:00 PM,2,1,1
02/04/2017 03:00:00 PM,7,1,6
02/04/2017 04:00:00 PM,7,5,2
02/04/2017 05:00:00 PM,2,0,2
02/04/2017 06:00:00 PM,6,3,3
02/04/2017 07:00:00 PM,3,2,1
02/04/2017 08:00:00 PM,0,0,0
02/04/2017 09:00:00 PM,1,1,0
02/04/2017 10:00:00 PM,1,0,1
02/04/2017 11:00:00 PM,1,0,1
02/05/2017 12:00:00 AM,0,0,0
02/05/2017 01:00:00 AM,0,0,0
02/05/2017 02:00:00 AM,0,0,0
02/05/2017 03:00:00 AM,1,1,0
02/05/2017 04:00:00 AM,0,0,0
02/05/2017 05:00:00 AM,1,0,1
02/05/2017 06:00:00 AM,1,1,0
02/05/2017 07:00:00 AM,0,0,0
02/05/2017 08:00:00 AM,1,1,0
02/05/2017 09:00:00 AM,5,2,3
02/05/2017 10:00:00 AM,6,2,4
02/05/2017 11:00:00 AM,4,1,3
02/05/2017 12:00:00 PM,6,3,3
02/05/2017 01:00:00 PM,4,1,3
02/05/2017 02:00:00 PM,4,3,1
02/05/2017 03:00:00 PM,3,2,1
02/05/2017 04:00:00 PM,5,3,2
02/05/2017 05:00:00 PM,3,2,1
02/05/2017 06:00:00 PM,2,2,0
02/05/2017 07:00:00 PM,1,0,1
02/05/2017 08:00:00 PM,1,1,0
02/05/2017 09:00:00 PM,0,0,0
02/05/2017 10:00:00 PM,0,0,0
02/05/2017 11:00:00 PM,0,0,0
02/06/2017 12:00:00 AM,1,0,1
02/06/2017 01:00:00 AM,0,0,0
02/06/2017 02:00:00 AM,0,0,0
02/06/2017 03:00:00 AM,0,0,0
02/06/2017 04:00:00 AM,0,0,0
02/06/2017 05:00:00 AM,3,1,2
02/06/2017 06:00:00 AM,5,4,1
02/06/2017 07:00:00 AM,8,6,2
02/06/2017 08:00:00 AM,3,2,1
02/06/2017 09:00:00 AM,1,1,0
02/06/2017 10:00:00 AM,1,0,1
02/06/2017 11:00:00 AM,6,2,4
02/06/2017 12:00:00 PM,2,0,2
02/06/2017 01:00:00 PM,5,1,4
02/06/2017 02:00:00 PM,4,2,2
02/06/2017 03:00:00 PM,5,3,2
02/06/2017 04:00:00 PM,6,2,4
02/06/2017 05:00:00 PM,9,6,3
02/06/2017 06:00:00 PM,5,1,4
02/06/2017 07:00:00 PM,5,3,2
02/06/2017 08:00:00 PM,1,1,0
02/06/2017 09:00:00 PM,0,0,0
02/06/2017 10:00:00 PM,0,0,0
02/06/2017 11:00:00 PM,0,0,0
02/07/2017 12:00:00 AM,0,0,0
02/07/2017 01:00:00 AM,0,0,0
02/07/2017 02:00:00 AM,0,0,0
02/07/2017 03:00:00 AM,0,0,0
02/07/2017 04:00:00 AM,1,1,0
02/07/2017 05:00:00 AM,5,2,3
02/07/2017 06:00:00 AM,11,8,3
02/07/2017 07:00:00 AM,15,9,6
02/07/2017 08:00:00 AM,35,22,13
02/07/2017 09:00:00 AM,22,16,6
02/07/2017 10:00:00 AM,13,9,4
02/07/2017 11:00:00 AM,9,3,6
02/07/2017 12:00:00 PM,16,11,5
02/07/2017 01:00:00 PM,13,6,7
02/07/2017 02:00:00 PM,11,8,3
02/07/2017 03:00:00 PM,15,9,6
02/07/2017 04:00:00 PM,37,20,17
02/07/2017 05:00:00 PM,44,26,18
02/07/2017 06:00:00 PM,22,10,12
02/07/2017 07:00:00 PM,11,4,7
02/07/2017 08:00:00 PM,6,2,4
02/07/2017 09:00:00 PM,4,2,2
02/07/2017 10:00:00 PM,1,1,0
02/07/2017 11:00:00 PM,2,0,2
02/08/2017 12:00:00 AM,1,0,1
02/08/2017 01:00:00 AM,1,1,0
02/08/2017 02:00:00 AM,0,0,0
02/08/2017 03:00:00 AM,0,0,0
02/08/2017 04:00:00 AM,1,1,0
02/08/2017 05:00:00 AM,2,1,1
02/08/2017 06:00:00 AM,22,14,8
02/08/2017 07:00:00 AM,32,18,14
02/08/2017 08:00:00 AM,33,15,18
02/08/2017 09:00:00 AM,37,18,19
02/08/2017 10:00:00 AM,14,6,8
02/08/2017 11:00:00 AM,15,5,10
02/08/2017 12:00:00 PM,11,7,4
02/08/2017 01:00:00 PM,11,6,5
02/08/2017 02:00:00 PM,9,4,5
02/08/2017 03:00:00 PM,25,16,9
02/08/2017 04:00:00 PM,43,26,17
02/08/2017 05:00:00 PM,79,52,27
02/08/2017 06:00:00 PM,30,16,14
02/08/2017 07:00:00 PM,15,10,5
02/08/2017 08:00:00 PM,2,2,0
02/08/2017 09:00:00 PM,5,2,3
02/08/2017 10:00:00 PM,4,3,1
02/08/2017 11:00:00 PM,2,2,0
02/09/2017 12:00:00 AM,1,0,1
02/09/2017 01:00:00 AM,0,0,0
02/09/2017 02:00:00 AM,0,0,0
02/09/2017 03:00:00 AM,0,0,0
02/09/2017 04:00:00 AM,2,2,0
02/09/2017 05:00:00 AM,2,0,2
02/09/2017 06:00:00 AM,9,3,6
02/09/2017 07:00:00 AM,22,10,12
02/09/2017 08:00:00 AM,33,21,12
02/09/2017 09:00:00 AM,24,11,13
02/09/2017 10:00:00 AM,12,6,6
02/09/2017 11:00:00 AM,12,9,3
02/09/2017 12:00:00 PM,10,6,4
02/09/2017 01:00:00 PM,9,6,3
02/09/2017 02:00:00 PM,11,6,5
02/09/2017 03:00:00 PM,23,12,11
02/09/2017 04:00:00 PM,37,27,10
02/09/2017 05:00:00 PM,48,33,15
02/09/2017 06:00:00 PM,33,17,16
02/09/2017 07:00:00 PM,13,7,6
02/09/2017 08:00:00 PM,5,3,2
02/09/2017 09:00:00 PM,2,2,0
02/09/2017 10:00:00 PM,1,1,0
02/09/2017 11:00:00 PM,0,0,0
02/10/2017 12:00:00 AM,1,0,1
02/10/2017 01:00:00 AM,1,0,1
02/10/2017 02:00:00 AM,0,0,0
02/10/2017 03:00:00 AM,1,1,0
02/10/2017 04:00:00 AM,3,1,2
02/10/2017 05:00:00 AM,1,0,1
02/10/2017 06:00:00 AM,21,10,11
02/10/2017 07:00:00 AM,32,23,9
02/10/2017 08:00:00 AM,60,29,31
02/10/2017 09:00:00 AM,31,20,11
02/10/2017 10:00:00 AM,26,12,14
02/10/2017 11:00:00 AM,14,7,7
02/10/2017 12:00:00 PM,22,8,14
02/10/2017 01:00:00 PM,18,12,6
02/10/2017 02:00:00 PM,14,8,6
02/10/2017 03:00:00 PM,34,19,15
02/10/2017 04:00:00 PM,57,38,19
02/10/2017 05:00:00 PM,81,50,31
02/10/2017 06:00:00 PM,35,22,13
02/10/2017 07:00:00 PM,19,9,10
02/10/2017 08:00:00 PM,5,4,1
02/10/2017 09:00:00 PM,1,1,0
02/10/2017 10:00:00 PM,3,2,1
02/10/2017 11:00:00 PM,3,1,2
02/11/2017 12:00:00 AM,0,0,0
02/11/2017 01:00:00 AM,1,1,0
02/11/2017 02:00:00 AM,2,1,1
02/11/2017 03:00:00 AM,1,0,1
02/11/2017 04:00:00 AM,1,0,1
02/11/2017 05:00:00 AM,3,3,0
02/11/2017 06:00:00 AM,1,1,0
02/11/2017 07:00:00 AM,2,1,1
02/11/2017 08:00:00 AM,9,4,5
02/11/2017 09:00:00 AM,3,2,1
02/11/2017 10:00:00 AM,18,13,5
02/11/2017 11:00:00 AM,7,7,0
02/11/2017 12:00:00 PM,21,10,11
02/11/2017 01:00:00 PM,14,7,7
02/11/2017 02:00:00 PM,30,12,18
02/11/2017 03:00:00 PM,17,7,10
02/11/2017 04:00:00 PM,13,5,8
02/11/2017 05:00:00 PM,12,7,5
02/11/2017 06:00:00 PM,7,6,1
02/11/2017 07:00:00 PM,4,2,2
02/11/2017 08:00:00 PM,3,2,1
02/11/2017 09:00:00 PM,6,6,0
02/11/2017 10:00:00 PM,1,1,0
02/11/2017 11:00:00 PM,4,3,1
02/12/2017 12:00:00 AM,1,0,1
02/12/2017 01:00:00 AM,1,0,1
02/12/2017 02:00:00 AM,0,0,0
02/12/2017 03:00:00 AM,0,0,0
02/12/2017 04:00:00 AM,1,0,1
02/12/2017 05:00:00 AM,1,1,0
02/12/2017 06:00:00 AM,2,2,0
02/12/2017 07:00:00 AM,3,2,1
02/12/2017 08:00:00 AM,4,3,1
02/12/2017 09:00:00 AM,5,2,3
02/12/2017 10:00:00 AM,7,6,1
02/12/2017 11:00:00 AM,5,2,3
02/12/2017 12:00:00 PM,14,7,7
02/12/2017 01:00:00 PM,19,9,10
02/12/2017 02:00:00 PM,16,8,8
02/12/2017 03:00:00 PM,20,8,12
02/12/2017 04:00:00 PM,29,12,17
02/12/2017 05:00:00 PM,12,7,5
02/12/2017 06:00:00 PM,5,1,4
02/12/2017 07:00:00 PM,6,3,3
02/12/2017 08:00:00 PM,2,2,0
02/12/2017 09:00:00 PM,3,1,2
02/12/2017 10:00:00 PM,8,5,3
02/12/2017 11:00:00 PM,1,1,0
02/13/2017 12:00:00 AM,0,0,0
02/13/2017 01:00:00 AM,1,0,1
02/13/2017 02:00:00 AM,3,3,0
02/13/2017 03:00:00 AM,0,0,0
02/13/2017 04:00:00 AM,1,1,0
02/13/2017 05:00:00 AM,6,1,5
02/13/2017 06:00:00 AM,22,8,14
02/13/2017 07:00:00 AM,55,28,27
02/13/2017 08:00:00 AM,92,56,36
02/13/2017 09:00:00 AM,57,34,23
02/13/2017 10:00:00 AM,26,11,15
02/13/2017 11:00:00 AM,16,4,12
02/13/2017 12:00:00 PM,19,10,9
02/13/2017 01:00:00 PM,21,8,13
02/13/2017 02:00:00 PM,30,19,11
02/13/2017 03:00:00 PM,38,22,16
02/13/2017 04:00:00 PM,99,67,32
02/13/2017 05:00:00 PM,135,91,44
02/13/2017 06:00:00 PM,80,46,34
02/13/2017 07:00:00 PM,18,10,8
02/13/2017 08:00:00 PM,13,8,5
02/13/2017 09:00:00 PM,3,2,1
02/13/2017 10:00:00 PM,3,1,2
02/13/2017 11:00:00 PM,2,1,1
02/14/2017 12:00:00 AM,2,0,2
02/14/2017 01:00:00 AM,0,0,0
02/14/2017 02:00:00 AM,1,0,1
02/14/2017 03:00:00 AM,0,0,0
02/14/2017 04:00:00 AM,3,2,1
02/14/2017 05:00:00 AM,4,3,1
02/14/2017 06:00:00 AM,25,9,16
02/14/2017 07:00:00 AM,50,27,23
02/14/2017 08:00:00 AM,110,62,48
02/14/2017 09:00:00 AM,56,35,21
02/14/2017 10:00:00 AM,26,11,15
02/14/2017 11:00:00 AM,25,12,13
02/14/2017 12:00:00 PM,26,10,16
02/14/2017 01:00:00 PM,24,9,15
02/14/2017 02:00:00 PM,32,15,17
02/14/2017 03:00:00 PM,48,30,18
02/14/2017 04:00:00 PM,100,70,30
02/14/2017 05:00:00 PM,127,75,52
02/14/2017 06:00:00 PM,48,30,18
02/14/2017 07:00:00 PM,17,8,9
02/14/2017 08:00:00 PM,5,3,2
02/14/2017 09:00:00 PM,3,2,1
02/14/2017 10:00:00 PM,3,2,1
02/14/2017 11:00:00 PM,1,0,1
02/15/2017 12:00:00 AM,1,1,0
02/15/2017 01:00:00 AM,2,1,1
02/15/2017 02:00:00 AM,0,0,0
02/15/2017 03:00:00 AM,0,0,0
02/15/2017 04:00:00 AM,1,1,0
02/15/2017 05:00:00 AM,6,2,4
02/15/2017 06:00:00 AM,19,9,10
02/15/2017 07:00:00 AM,33,16,17
02/15/2017 08:00:00 AM,59,29,30
02/15/2017 09:00:00 AM,29,16,13
02/15/2017 10:00:00 AM,18,13,5
02/15/2017 11:00:00 AM,10,5,5
02/15/2017 12:00:00 PM,12,7,5
02/15/2017 01:00:00 PM,15,7,8
02/15/2017 02:00:00 PM,15,7,8
02/15/2017 03:00:00 PM,18,13,5
02/15/2017 04:00:00 PM,47,36,11
02/15/2017 05:00:00 PM,77,54,23
02/15/2017 06:00:00 PM,39,23,16
02/15/2017 07:00:00 PM,13,9,4
02/15/2017 08:00:00 PM,5,2,3
02/15/2017 09:00:00 PM,4,3,1
02/15/2017 10:00:00 PM,2,1,1
02/15/2017 11:00:00 PM,3,2,1
02/16/2017 12:00:00 AM,2,1,1
02/16/2017 01:00:00 AM,0,0,0
02/16/2017 02:00:00 AM,0,0,0
02/16/2017 03:00:00 AM,10,0,10
02/16/2017 04:00:00 AM,4,2,2
02/16/2017 05:00:00 AM,3,1,2
02/16/2017 06:00:00 AM,23,13,10
02/16/2017 07:00:00 AM,38,20,18
02/16/2017 08:00:00 AM,67,36,31
02/16/2017 09:00:00 AM,38,16,22
02/16/2017 10:00:00 AM,20,13,7
02/16/2017 11:00:00 AM,12,5,7
02/16/2017 12:00:00 PM,24,18,6
02/16/2017 01:00:00 PM,25,9,16
02/16/2017 02:00:00 PM,20,10,10
02/16/2017 03:00:00 PM,38,25,13
02/16/2017 04:00:00 PM,59,38,21
02/16/2017 05:00:00 PM,110,66,44
02/16/2017 06:00:00 PM,56,34,22
02/16/2017 07:00:00 PM,20,13,7
02/16/2017 08:00:00 PM,6,3,3
02/16/2017 09:00:00 PM,7,4,3
02/16/2017 10:00:00 PM,2,1,1
02/16/2017 11:00:00 PM,1,1,0
02/17/2017 12:00:00 AM,2,1,1
02/17/2017 01:00:00 AM,1,1,0
02/17/2017 02:00:00 AM,0,0,0
02/17/2017 03:00:00 AM,1,0,1
02/17/2017 04:00:00 AM,2,1,1
02/17/2017 05:00:00 AM,7,4,3
02/17/2017 06:00:00 AM,27,14,13
02/17/2017 07:00:00 AM,33,16,17
02/17/2017 08:00:00 AM,87,59,28
02/17/2017 09:00:00 AM,68,36,32
02/17/2017 10:00:00 AM,21,16,5
02/17/2017 11:00:00 AM,25,13,12
02/17/2017 12:00:00 PM,29,16,13
02/17/2017 01:00:00 PM,33,19,14
02/17/2017 02:00:00 PM,31,16,15
02/17/2017 03:00:00 PM,40,23,17
02/17/2017 04:00:00 PM,67,38,29
02/17/2017 05:00:00 PM,99,59,40
02/17/2017 06:00:00 PM,47,33,14
02/17/2017 07:00:00 PM,19,15,4
02/17/2017 08:00:00 PM,12,7,5
02/17/2017 09:00:00 PM,3,3,0
02/17/2017 10:00:00 PM,6,5,1
02/17/2017 11:00:00 PM,5,1,4
02/18/2017 12:00:00 AM,1,1,0
02/18/2017 01:00:00 AM,0,0,0
02/18/2017 02:00:00 AM,1,0,1
02/18/2017 03:00:00 AM,2,1,1
02/18/2017 04:00:00 AM,0,0,0
02/18/2017 05:00:00 AM,2,2,0
02/18/2017 06:00:00 AM,1,1,0
02/18/2017 07:00:00 AM,1,1,0
02/18/2017 08:00:00 AM,6,2,4
02/18/2017 09:00:00 AM,3,2,1
02/18/2017 10:00:00 AM,2,2,0
02/18/2017 11:00:00 AM,10,6,4
02/18/2017 12:00:00 PM,4,3,1
02/18/2017 01:00:00 PM,8,3,5
02/18/2017 02:00:00 PM,5,4,1
02/18/2017 03:00:00 PM,5,2,3
02/18/2017 04:00:00 PM,5,2,3
02/18/2017 05:00:00 PM,5,2,3
02/18/2017 06:00:00 PM,10,8,2
02/18/2017 07:00:00 PM,6,3,3
02/18/2017 08:00:00 PM,5,2,3
02/18/2017 09:00:00 PM,5,4,1
02/18/2017 10:00:00 PM,9,6,3
02/18/2017 11:00:00 PM,4,1,3
02/19/2017 12:00:00 AM,0,0,0
02/19/2017 01:00:00 AM,2,1,1
02/19/2017 02:00:00 AM,0,0,0
02/19/2017 03:00:00 AM,0,0,0
02/19/2017 04:00:00 AM,2,1,1
02/19/2017 05:00:00 AM,0,0,0
02/19/2017 06:00:00 AM,1,1,0
02/19/2017 07:00:00 AM,0,0,0
02/19/2017 08:00:00 AM,2,2,0
02/19/2017 09:00:00 AM,4,2,2
02/19/2017 10:00:00 AM,5,2,3
02/19/2017 11:00:00 AM,5,2,3
02/19/2017 12:00:00 PM,11,7,4
02/19/2017 01:00:00 PM,9,4,5
02/19/2017 02:00:00 PM,6,3,3
02/19/2017 03:00:00 PM,6,6,0
02/19/2017 04:00:00 PM,8,4,4
02/19/2017 05:00:00 PM,6,5,1
02/19/2017 06:00:00 PM,5,3,2
02/19/2017 07:00:00 PM,6,5,1
02/19/2017 08:00:00 PM,5,5,0
02/19/2017 09:00:00 PM,2,2,0
02/19/2017 10:00:00 PM,1,0,1
02/19/2017 11:00:00 PM,0,0,0
02/20/2017 12:00:00 AM,1,0,1
02/20/2017 01:00:00 AM,1,0,1
02/20/2017 02:00:00 AM,0,0,0
02/20/2017 03:00:00 AM,1,1,0
02/20/2017 04:00:00 AM,0,0,0
02/20/2017 05:00:00 AM,2,1,1
02/20/2017 06:00:00 AM,7,2,5
02/20/2017 07:00:00 AM,22,9,13
02/20/2017 08:00:00 AM,29,12,17
02/20/2017 09:00:00 AM,18,8,10
02/20/2017 10:00:00 AM,14,5,9
02/20/2017 11:00:00 AM,8,0,8
02/20/2017 12:00:00 PM,6,4,2
02/20/2017 01:00:00 PM,9,6,3
02/20/2017 02:00:00 PM,10,7,3
02/20/2017 03:00:00 PM,16,11,5
02/20/2017 04:00:00 PM,27,13,14
02/20/2017 05:00:00 PM,36,27,9
02/20/2017 06:00:00 PM,16,10,6
02/20/2017 07:00:00 PM,10,8,2
02/20/2017 08:00:00 PM,6,4,2
02/20/2017 09:00:00 PM,4,2,2
02/20/2017 10:00:00 PM,2,0,2
02/20/2017 11:00:00 PM,2,1,1
02/21/2017 12:00:00 AM,0,0,0
02/21/2017 01:00:00 AM,0,0,0
02/21/2017 02:00:00 AM,1,1,0
02/21/2017 03:00:00 AM,1,0,1
02/21/2017 04:00:00 AM,2,2,0
02/21/2017 05:00:00 AM,3,2,1
02/21/2017 06:00:00 AM,25,8,17
02/21/2017 07:00:00 AM,45,25,20
02/21/2017 08:00:00 AM,74,40,34
02/21/2017 09:00:00 AM,43,23,20
02/21/2017 10:00:00 AM,16,9,7
02/21/2017 11:00:00 AM,12,4,8
02/21/2017 12:00:00 PM,15,7,8
02/21/2017 01:00:00 PM,18,9,9
02/21/2017 02:00:00 PM,21,10,11
02/21/2017 03:00:00 PM,22,14,8
02/21/2017 04:00:00 PM,68,48,20
02/21/2017 05:00:00 PM,85,56,29
02/21/2017 06:00:00 PM,47,33,14
02/21/2017 07:00:00 PM,18,9,9
02/21/2017 08:00:00 PM,6,5,1
02/21/2017 09:00:00 PM,4,4,0
02/21/2017 10:00:00 PM,0,0,0
02/21/2017 11:00:00 PM,2,0,2
02/22/2017 12:00:00 AM,1,1,0
02/22/2017 01:00:00 AM,0,0,0
02/22/2017 02:00:00 AM,1,0,1
02/22/2017 03:00:00 AM,0,0,0
02/22/2017 04:00:00 AM,2,2,0
02/22/2017 05:00:00 AM,5,0,5
02/22/2017 06:00:00 AM,22,11,11
02/22/2017 07:00:00 AM,45,23,22
02/22/2017 08:00:00 AM,71,39,32
02/22/2017 09:00:00 AM,44,21,23
02/22/2017 10:00:00 AM,25,11,14
02/22/2017 11:00:00 AM,16,8,8
02/22/2017 12:00:00 PM,26,11,15
02/22/2017 01:00:00 PM,21,12,9
02/22/2017 02:00:00 PM,34,22,12
02/22/2017 03:00:00 PM,27,18,9
02/22/2017 04:00:00 PM,72,47,25
02/22/2017 05:00:00 PM,107,62,45
02/22/2017 06:00:00 PM,54,30,24
02/22/2017 07:00:00 PM,18,11,7
02/22/2017 08:00:00 PM,12,4,8
02/22/2017 09:00:00 PM,4,2,2
02/22/2017 10:00:00 PM,3,3,0
02/22/2017 11:00:00 PM,3,1,2
02/23/2017 12:00:00 AM,1,1,0
02/23/2017 01:00:00 AM,1,0,1
02/23/2017 02:00:00 AM,0,0,0
02/23/2017 03:00:00 AM,1,0,1
02/23/2017 04:00:00 AM,1,1,0
02/23/2017 05:00:00 AM,3,0,3
02/23/2017 06:00:00 AM,23,12,11
02/23/2017 07:00:00 AM,48,21,27
02/23/2017 08:00:00 AM,71,34,37
02/23/2017 09:00:00 AM,40,21,19
02/23/2017 10:00:00 AM,26,12,14
02/23/2017 11:00:00 AM,14,4,10
02/23/2017 12:00:00 PM,20,6,14
02/23/2017 01:00:00 PM,13,7,6
02/23/2017 02:00:00 PM,26,17,9
02/23/2017 03:00:00 PM,27,15,12
02/23/2017 04:00:00 PM,70,47,23
02/23/2017 05:00:00 PM,112,72,40
02/23/2017 06:00:00 PM,59,33,26
02/23/2017 07:00:00 PM,22,12,10
02/23/2017 08:00:00 PM,10,7,3
02/23/2017 09:00:00 PM,8,4,4
02/23/2017 10:00:00 PM,1,1,0
02/23/2017 11:00:00 PM,3,1,2
02/24/2017 12:00:00 AM,0,0,0
02/24/2017 01:00:00 AM,0,0,0
02/24/2017 02:00:00 AM,0,0,0
02/24/2017 03:00:00 AM,0,0,0
02/24/2017 04:00:00 AM,0,0,0
02/24/2017 05:00:00 AM,1,0,1
02/24/2017 06:00:00 AM,23,10,13
02/24/2017 07:00:00 AM,29,11,18
02/24/2017 08:00:00 AM,50,27,23
02/24/2017 09:00:00 AM,34,23,11
02/24/2017 10:00:00 AM,22,9,13
02/24/2017 11:00:00 AM,20,7,13
02/24/2017 12:00:00 PM,23,8,15
02/24/2017 01:00:00 PM,22,14,8
02/24/2017 02:00:00 PM,22,11,11
02/24/2017 03:00:00 PM,41,22,19
02/24/2017 04:00:00 PM,49,31,18
02/24/2017 05:00:00 PM,81,59,22
02/24/2017 06:00:00 PM,38,27,11
02/24/2017 07:00:00 PM,14,8,6
02/24/2017 08:00:00 PM,7,4,3
02/24/2017 09:00:00 PM,5,3,2
02/24/2017 10:00:00 PM,6,5,1
02/24/2017 11:00:00 PM,3,1,2
02/25/2017 12:00:00 AM,3,3,0
02/25/2017 01:00:00 AM,0,0,0
02/25/2017 02:00:00 AM,1,1,0
02/25/2017 03:00:00 AM,2,0,2
02/25/2017 04:00:00 AM,0,0,0
02/25/2017 05:00:00 AM,0,0,0
02/25/2017 06:00:00 AM,2,2,0
02/25/2017 07:00:00 AM,1,1,0
02/25/2017 08:00:00 AM,4,0,4
02/25/2017 09:00:00 AM,5,3,2
02/25/2017 10:00:00 AM,9,6,3
02/25/2017 11:00:00 AM,16,12,4
02/25/2017 12:00:00 PM,18,8,10
02/25/2017 01:00:00 PM,15,3,12
02/25/2017 02:00:00 PM,20,11,9
02/25/2017 03:00:00 PM,13,5,8
02/25/2017 04:00:00 PM,8,6,2
02/25/2017 05:00:00 PM,10,4,6
02/25/2017 06:00:00 PM,5,4,1
02/25/2017 07:00:00 PM,5,3,2
02/25/2017 08:00:00 PM,5,1,4
02/25/2017 09:00:00 PM,1,1,0
02/25/2017 10:00:00 PM,5,1,4
02/25/2017 11:00:00 PM,1,0,1
02/26/2017 12:00:00 AM,1,1,0
02/26/2017 01:00:00 AM,0,0,0
02/26/2017 02:00:00 AM,0,0,0
02/26/2017 03:00:00 AM,1,0,1
02/26/2017 04:00:00 AM,3,1,2
02/26/2017 05:00:00 AM,1,1,0
02/26/2017 06:00:00 AM,2,2,0
02/26/2017 07:00:00 AM,17,16,1
02/26/2017 08:00:00 AM,20,17,3
02/26/2017 09:00:00 AM,13,10,3
02/26/2017 10:00:00 AM,3,2,1
02/26/2017 11:00:00 AM,1,0,1
02/26/2017 12:00:00 PM,15,3,12
02/26/2017 01:00:00 PM,12,1,11
02/26/2017 02:00:00 PM,22,3,19
02/26/2017 03:00:00 PM,11,4,7
02/26/2017 04:00:00 PM,15,5,10
02/26/2017 05:00:00 PM,12,6,6
02/26/2017 06:00:00 PM,6,3,3
02/26/2017 07:00:00 PM,2,0,2
02/26/2017 08:00:00 PM,2,1,1
02/26/2017 09:00:00 PM,2,0,2
02/26/2017 10:00:00 PM,0,0,0
02/26/2017 11:00:00 PM,0,0,0
02/27/2017 12:00:00 AM,1,0,1
02/27/2017 01:00:00 AM,2,0,2
02/27/2017 02:00:00 AM,1,0,1
02/27/2017 03:00:00 AM,0,0,0
02/27/2017 04:00:00 AM,0,0,0
02/27/2017 05:00:00 AM,2,0,2
02/27/2017 06:00:00 AM,16,6,10
02/27/2017 07:00:00 AM,25,5,20
02/27/2017 08:00:00 AM,30,15,15
02/27/2017 09:00:00 AM,25,9,16
02/27/2017 10:00:00 AM,17,3,14
02/27/2017 11:00:00 AM,13,6,7
02/27/2017 12:00:00 PM,20,11,9
02/27/2017 01:00:00 PM,15,7,8
02/27/2017 02:00:00 PM,14,8,6
02/27/2017 03:00:00 PM,28,22,6
02/27/2017 04:00:00 PM,49,35,14
02/27/2017 05:00:00 PM,52,34,18
02/27/2017 06:00:00 PM,26,21,5
02/27/2017 07:00:00 PM,11,8,3
02/27/2017 08:00:00 PM,2,1,1
02/27/2017 09:00:00 PM,0,0,0
02/27/2017 10:00:00 PM,1,1,0
02/27/2017 11:00:00 PM,0,0,0
02/28/2017 12:00:00 AM,1,1,0
02/28/2017 01:00:00 AM,0,0,0
02/28/2017 02:00:00 AM,1,0,1
02/28/2017 03:00:00 AM,0,0,0
02/28/2017 04:00:00 AM,0,0,0
02/28/2017 05:00:00 AM,5,3,2
02/28/2017 06:00:00 AM,20,8,12
02/28/2017 07:00:00 AM,25,11,14
02/28/2017 08:00:00 AM,67,35,32
02/28/2017 09:00:00 AM,39,17,22
02/28/2017 10:00:00 AM,15,4,11
02/28/2017 11:00:00 AM,14,5,9
02/28/2017 12:00:00 PM,14,9,5
02/28/2017 01:00:00 PM,20,9,11
02/28/2017 02:00:00 PM,20,8,12
02/28/2017 03:00:00 PM,38,24,14
02/28/2017 04:00:00 PM,60,44,16
02/28/2017 05:00:00 PM,85,53,32
02/28/2017 06:00:00 PM,46,34,12
02/28/2017 07:00:00 PM,17,11,6
02/28/2017 08:00:00 PM,4,3,1
02/28/2017 09:00:00 PM,7,4,3
02/28/2017 10:00:00 PM,2,1,1
02/28/2017 11:00:00 PM,1,0,1
03/01/2017 12:00:00 AM,1,1,0
03/01/2017 01:00:00 AM,2,0,2
03/01/2017 02:00:00 AM,0,0,0
03/01/2017 03:00:00 AM,0,0,0
03/01/2017 04:00:00 AM,3,1,2
03/01/2017 05:00:00 AM,5,1,4
03/01/2017 06:00:00 AM,28,15,13
03/01/2017 07:00:00 AM,43,23,20
03/01/2017 08:00:00 AM,101,53,48
03/01/2017 09:00:00 AM,47,23,24
03/01/2017 10:00:00 AM,15,9,6
03/01/2017 11:00:00 AM,16,8,8
03/01/2017 12:00:00 PM,29,15,14
03/01/2017 01:00:00 PM,24,13,11
03/01/2017 02:00:00 PM,18,15,3
03/01/2017 03:00:00 PM,37,21,16
03/01/2017 04:00:00 PM,72,47,25
03/01/2017 05:00:00 PM,101,64,37
03/01/2017 06:00:00 PM,68,42,26
03/01/2017 07:00:00 PM,19,14,5
03/01/2017 08:00:00 PM,10,4,6
03/01/2017 09:00:00 PM,3,2,1
03/01/2017 10:00:00 PM,6,3,3
03/01/2017 11:00:00 PM,4,2,2
03/02/2017 12:00:00 AM,0,0,0
03/02/2017 01:00:00 AM,0,0,0
03/02/2017 02:00:00 AM,1,1,0
03/02/2017 03:00:00 AM,0,0,0
03/02/2017 04:00:00 AM,0,0,0
03/02/2017 05:00:00 AM,7,3,4
03/02/2017 06:00:00 AM,23,14,9
03/02/2017 07:00:00 AM,40,20,20
03/02/2017 08:00:00 AM,91,50,41
03/02/2017 09:00:00 AM,45,21,24
03/02/2017 10:00:00 AM,22,8,14
03/02/2017 11:00:00 AM,27,9,18
03/02/2017 12:00:00 PM,19,6,13
03/02/2017 01:00:00 PM,26,11,15
03/02/2017 02:00:00 PM,14,8,6
03/02/2017 03:00:00 PM,39,23,16
03/02/2017 04:00:00 PM,72,52,20
03/02/2017 05:00:00 PM,98,64,34
03/02/2017 06:00:00 PM,55,37,18
03/02/2017 07:00:00 PM,25,15,10
03/02/2017 08:00:00 PM,7,7,0
03/02/2017 09:00:00 PM,5,3,2
03/02/2017 10:00:00 PM,1,0,1
03/02/2017 11:00:00 PM,0,0,0
03/03/2017 12:00:00 AM,2,1,1
03/03/2017 01:00:00 AM,2,1,1
03/03/2017 02:00:00 AM,2,0,2
03/03/2017 03:00:00 AM,0,0,0
03/03/2017 04:00:00 AM,3,2,1
03/03/2017 05:00:00 AM,1,1,0
03/03/2017 06:00:00 AM,16,6,10
03/03/2017 07:00:00 AM,28,16,12
03/03/2017 08:00:00 AM,67,31,36
03/03/2017 09:00:00 AM,40,20,20
03/03/2017 10:00:00 AM,15,4,11
03/03/2017 11:00:00 AM,23,8,15
03/03/2017 12:00:00 PM,18,11,7
03/03/2017 01:00:00 PM,21,8,13
03/03/2017 02:00:00 PM,26,19,7
03/03/2017 03:00:00 PM,37,27,10
03/03/2017 04:00:00 PM,46,33,13
03/03/2017 05:00:00 PM,56,35,21
03/03/2017 06:00:00 PM,42,30,12
03/03/2017 07:00:00 PM,8,7,1
03/03/2017 08:00:00 PM,1,1,0
03/03/2017 09:00:00 PM,4,4,0
03/03/2017 10:00:00 PM,1,1,0
03/03/2017 11:00:00 PM,4,1,3
03/04/2017 12:00:00 AM,4,3,1
03/04/2017 01:00:00 AM,5,3,2
03/04/2017 02:00:00 AM,1,0,1
03/04/2017 03:00:00 AM,0,0,0
03/04/2017 04:00:00 AM,1,0,1
03/04/2017 05:00:00 AM,0,0,0
03/04/2017 06:00:00 AM,1,1,0
03/04/2017 07:00:00 AM,5,2,3
03/04/2017 08:00:00 AM,12,4,8
03/04/2017 09:00:00 AM,10,6,4
03/04/2017 10:00:00 AM,10,4,6
03/04/2017 11:00:00 AM,9,6,3
03/04/2017 12:00:00 PM,20,10,10
03/04/2017 01:00:00 PM,24,13,11
03/04/2017 02:00:00 PM,24,16,8
03/04/2017 03:00:00 PM,20,12,8
03/04/2017 04:00:00 PM,16,7,9
03/04/2017 05:00:00 PM,17,5,12
03/04/2017 06:00:00 PM,14,10,4
03/04/2017 07:00:00 PM,6,4,2
03/04/2017 08:00:00 PM,1,0,1
03/04/2017 09:00:00 PM,3,1,2
03/04/2017 10:00:00 PM,4,4,0
03/04/2017 11:00:00 PM,2,1,1
03/05/2017 12:00:00 AM,2,1,1
03/05/2017 01:00:00 AM,0,0,0
03/05/2017 02:00:00 AM,5,2,3
03/05/2017 03:00:00 AM,0,0,0
03/05/2017 04:00:00 AM,2,1,1
03/05/2017 05:00:00 AM,1,1,0
03/05/2017 06:00:00 AM,0,0,0
03/05/2017 07:00:00 AM,4,1,3
03/05/2017 08:00:00 AM,3,0,3
03/05/2017 09:00:00 AM,7,3,4
03/05/2017 10:00:00 AM,6,3,3
03/05/2017 11:00:00 AM,17,3,14
03/05/2017 12:00:00 PM,5,5,0
03/05/2017 01:00:00 PM,11,6,5
03/05/2017 02:00:00 PM,12,4,8
03/05/2017 03:00:00 PM,4,3,1
03/05/2017 04:00:00 PM,3,2,1
03/05/2017 05:00:00 PM,10,5,5
03/05/2017 06:00:00 PM,2,1,1
03/05/2017 07:00:00 PM,5,2,3
03/05/2017 08:00:00 PM,1,1,0
03/05/2017 09:00:00 PM,1,1,0
03/05/2017 10:00:00 PM,3,0,3
03/05/2017 11:00:00 PM,2,1,1
03/06/2017 12:00:00 AM,1,0,1
03/06/2017 01:00:00 AM,0,0,0
03/06/2017 02:00:00 AM,1,0,1
03/06/2017 03:00:00 AM,0,0,0
03/06/2017 04:00:00 AM,1,1,0
03/06/2017 05:00:00 AM,6,1,5
03/06/2017 06:00:00 AM,22,6,16
03/06/2017 07:00:00 AM,47,22,25
03/06/2017 08:00:00 AM,82,45,37
03/06/2017 09:00:00 AM,40,20,20
03/06/2017 10:00:00 AM,23,10,13
03/06/2017 11:00:00 AM,18,11,7
03/06/2017 12:00:00 PM,11,4,7
03/06/2017 01:00:00 PM,17,8,9
03/06/2017 02:00:00 PM,15,8,7
03/06/2017 03:00:00 PM,31,22,9
03/06/2017 04:00:00 PM,72,53,19
03/06/2017 05:00:00 PM,120,72,48
03/06/2017 06:00:00 PM,38,25,13
03/06/2017 07:00:00 PM,23,20,3
03/06/2017 08:00:00 PM,3,2,1
03/06/2017 09:00:00 PM,5,4,1
03/06/2017 10:00:00 PM,1,1,0
03/06/2017 11:00:00 PM,0,0,0
03/07/2017 12:00:00 AM,4,2,2
03/07/2017 01:00:00 AM,0,0,0
03/07/2017 02:00:00 AM,0,0,0
03/07/2017 03:00:00 AM,0,0,0
03/07/2017 04:00:00 AM,1,1,0
03/07/2017 05:00:00 AM,4,1,3
03/07/2017 06:00:00 AM,20,12,8
03/07/2017 07:00:00 AM,32,15,17
03/07/2017 08:00:00 AM,55,31,24
03/07/2017 09:00:00 AM,34,19,15
03/07/2017 10:00:00 AM,11,4,7
03/07/2017 11:00:00 AM,8,3,5
03/07/2017 12:00:00 PM,14,7,7
03/07/2017 01:00:00 PM,18,8,10
03/07/2017 02:00:00 PM,13,8,5
03/07/2017 03:00:00 PM,27,21,6
03/07/2017 04:00:00 PM,58,43,15
03/07/2017 05:00:00 PM,73,44,29
03/07/2017 06:00:00 PM,49,33,16
03/07/2017 07:00:00 PM,14,7,7
03/07/2017 08:00:00 PM,5,4,1
03/07/2017 09:00:00 PM,3,2,1
03/07/2017 10:00:00 PM,3,1,2
03/07/2017 11:00:00 PM,0,0,0
03/08/2017 12:00:00 AM,2,1,1
03/08/2017 01:00:00 AM,1,0,1
03/08/2017 02:00:00 AM,0,0,0
03/08/2017 03:00:00 AM,0,0,0
03/08/2017 04:00:00 AM,2,1,1
03/08/2017 05:00:00 AM,9,3,6
03/08/2017 06:00:00 AM,24,14,10
03/08/2017 07:00:00 AM,50,28,22
03/08/2017 08:00:00 AM,72,34,38
03/08/2017 09:00:00 AM,51,23,28
03/08/2017 10:00:00 AM,23,11,12
03/08/2017 11:00:00 AM,16,8,8
03/08/2017 12:00:00 PM,12,8,4
03/08/2017 01:00:00 PM,17,10,7
03/08/2017 02:00:00 PM,18,12,6
03/08/2017 03:00:00 PM,29,17,12
03/08/2017 04:00:00 PM,60,41,19
03/08/2017 05:00:00 PM,101,67,34
03/08/2017 06:00:00 PM,50,28,22
03/08/2017 07:00:00 PM,20,15,5
03/08/2017 08:00:00 PM,10,10,0
03/08/2017 09:00:00 PM,4,1,3
03/08/2017 10:00:00 PM,3,0,3
03/08/2017 11:00:00 PM,1,1,0
03/09/2017 12:00:00 AM,2,2,0
03/09/2017 01:00:00 AM,0,0,0
03/09/2017 02:00:00 AM,0,0,0
03/09/2017 03:00:00 AM,0,0,0
03/09/2017 04:00:00 AM,1,1,0
03/09/2017 05:00:00 AM,4,1,3
03/09/2017 06:00:00 AM,17,8,9
03/09/2017 07:00:00 AM,44,19,25
03/09/2017 08:00:00 AM,65,35,30
03/09/2017 09:00:00 AM,30,13,17
03/09/2017 10:00:00 AM,21,10,11
03/09/2017 11:00:00 AM,21,11,10
03/09/2017 12:00:00 PM,11,7,4
03/09/2017 01:00:00 PM,13,5,8
03/09/2017 02:00:00 PM,14,7,7
03/09/2017 03:00:00 PM,33,21,12
03/09/2017 04:00:00 PM,59,36,23
03/09/2017 05:00:00 PM,65,43,22
03/09/2017 06:00:00 PM,46,30,16
03/09/2017 07:00:00 PM,13,6,7
03/09/2017 08:00:00 PM,11,8,3
03/09/2017 09:00:00 PM,6,3,3
03/09/2017 10:00:00 PM,4,1,3
03/09/2017 11:00:00 PM,2,0,2
03/10/2017 12:00:00 AM,2,2,0
03/10/2017 01:00:00 AM,0,0,0
03/10/2017 02:00:00 AM,1,1,0
03/10/2017 03:00:00 AM,1,0,1
03/10/2017 04:00:00 AM,1,1,0
03/10/2017 05:00:00 AM,2,1,1
03/10/2017 06:00:00 AM,24,13,11
03/10/2017 07:00:00 AM,29,15,14
03/10/2017 08:00:00 AM,59,26,33
03/10/2017 09:00:00 AM,36,17,19
03/10/2017 10:00:00 AM,20,8,12
03/10/2017 11:00:00 AM,26,12,14
03/10/2017 12:00:00 PM,24,10,14
03/10/2017 01:00:00 PM,25,13,12
03/10/2017 02:00:00 PM,38,20,18
03/10/2017 03:00:00 PM,31,19,12
03/10/2017 04:00:00 PM,75,51,24
03/10/2017 05:00:00 PM,93,62,31
03/10/2017 06:00:00 PM,38,19,19
03/10/2017 07:00:00 PM,18,10,8
03/10/2017 08:00:00 PM,6,4,2
03/10/2017 09:00:00 PM,3,1,2
03/10/2017 10:00:00 PM,6,3,3
03/10/2017 11:00:00 PM,1,0,1
03/11/2017 12:00:00 AM,3,2,1
03/11/2017 01:00:00 AM,1,0,1
03/11/2017 02:00:00 AM,4,3,1
03/11/2017 03:00:00 AM,1,0,1
03/11/2017 04:00:00 AM,0,0,0
03/11/2017 05:00:00 AM,1,0,1
03/11/2017 06:00:00 AM,5,3,2
03/11/2017 07:00:00 AM,5,2,3
03/11/2017 08:00:00 AM,8,1,7
03/11/2017 09:00:00 AM,6,6,0
03/11/2017 10:00:00 AM,6,6,0
03/11/2017 11:00:00 AM,5,2,3
03/11/2017 12:00:00 PM,5,3,2
03/11/2017 01:00:00 PM,9,5,4
03/11/2017 02:00:00 PM,5,2,3
03/11/2017 03:00:00 PM,13,8,5
03/11/2017 04:00:00 PM,5,3,2
03/11/2017 05:00:00 PM,6,3,3
03/11/2017 06:00:00 PM,6,4,2
03/11/2017 07:00:00 PM,4,1,3
03/11/2017 08:00:00 PM,2,1,1
03/11/2017 09:00:00 PM,1,1,0
03/11/2017 10:00:00 PM,0,0,0
03/11/2017 11:00:00 PM,1,0,1
03/12/2017 12:00:00 AM,2,1,1
03/12/2017 01:00:00 AM,3,1,2
03/12/2017 02:00:00 AM,0,0,0
03/12/2017 03:00:00 AM,1,0,1
03/12/2017 04:00:00 AM,1,0,1
03/12/2017 05:00:00 AM,1,1,0
03/12/2017 06:00:00 AM,3,2,1
03/12/2017 07:00:00 AM,3,1,2
03/12/2017 08:00:00 AM,4,1,3
03/12/2017 09:00:00 AM,7,2,5
03/12/2017 10:00:00 AM,5,2,3
03/12/2017 11:00:00 AM,5,2,3
03/12/2017 12:00:00 PM,11,5,6
03/12/2017 01:00:00 PM,8,2,6
03/12/2017 02:00:00 PM,7,2,5
03/12/2017 03:00:00 PM,9,4,5
03/12/2017 04:00:00 PM,10,7,3
03/12/2017 05:00:00 PM,11,3,8
03/12/2017 06:00:00 PM,7,5,2
03/12/2017 07:00:00 PM,4,2,2
03/12/2017 08:00:00 PM,2,1,1
03/12/2017 09:00:00 PM,2,1,1
03/12/2017 10:00:00 PM,2,1,1
03/12/2017 11:00:00 PM,0,0,0
03/13/2017 12:00:00 AM,1,0,1
03/13/2017 01:00:00 AM,1,0,1
03/13/2017 02:00:00 AM,0,0,0
03/13/2017 03:00:00 AM,0,0,0
03/13/2017 04:00:00 AM,1,1,0
03/13/2017 05:00:00 AM,3,2,1
03/13/2017 06:00:00 AM,19,10,9
03/13/2017 07:00:00 AM,32,14,18
03/13/2017 08:00:00 AM,62,37,25
03/13/2017 09:00:00 AM,40,19,21
03/13/2017 10:00:00 AM,23,9,14
03/13/2017 11:00:00 AM,14,9,5
03/13/2017 12:00:00 PM,15,6,9
03/13/2017 01:00:00 PM,9,2,7
03/13/2017 02:00:00 PM,12,6,6
03/13/2017 03:00:00 PM,33,23,10
03/13/2017 04:00:00 PM,59,36,23
03/13/2017 05:00:00 PM,91,57,34
03/13/2017 06:00:00 PM,45,24,21
03/13/2017 07:00:00 PM,14,10,4
03/13/2017 08:00:00 PM,5,4,1
03/13/2017 09:00:00 PM,4,1,3
03/13/2017 10:00:00 PM,1,1,0
03/13/2017 11:00:00 PM,2,1,1
03/14/2017 12:00:00 AM,2,1,1
03/14/2017 01:00:00 AM,1,0,1
03/14/2017 02:00:00 AM,0,0,0
03/14/2017 03:00:00 AM,2,2,0
03/14/2017 04:00:00 AM,1,1,0
03/14/2017 05:00:00 AM,9,6,3
03/14/2017 06:00:00 AM,21,7,14
03/14/2017 07:00:00 AM,34,22,12
03/14/2017 08:00:00 AM,79,43,36
03/14/2017 09:00:00 AM,46,25,21
03/14/2017 10:00:00 AM,19,9,10
03/14/2017 11:00:00 AM,17,7,10
03/14/2017 12:00:00 PM,15,6,9
03/14/2017 01:00:00 PM,15,5,10
03/14/2017 02:00:00 PM,10,5,5
03/14/2017 03:00:00 PM,30,19,11
03/14/2017 04:00:00 PM,62,45,17
03/14/2017 05:00:00 PM,89,57,32
03/14/2017 06:00:00 PM,53,39,14
03/14/2017 07:00:00 PM,20,9,11
03/14/2017 08:00:00 PM,5,2,3
03/14/2017 09:00:00 PM,3,1,2
03/14/2017 10:00:00 PM,4,2,2
03/14/2017 11:00:00 PM,3,1,2
03/15/2017 12:00:00 AM,2,1,1
03/15/2017 01:00:00 AM,0,0,0
03/15/2017 02:00:00 AM,0,0,0
03/15/2017 03:00:00 AM,0,0,0
03/15/2017 04:00:00 AM,1,1,0
03/15/2017 05:00:00 AM,6,3,3
03/15/2017 06:00:00 AM,17,8,9
03/15/2017 07:00:00 AM,34,16,18
03/15/2017 08:00:00 AM,47,24,23
03/15/2017 09:00:00 AM,37,18,19
03/15/2017 10:00:00 AM,16,7,9
03/15/2017 11:00:00 AM,10,5,5
03/15/2017 12:00:00 PM,17,6,11
03/15/2017 01:00:00 PM,20,10,10
03/15/2017 02:00:00 PM,15,11,4
03/15/2017 03:00:00 PM,33,20,13
03/15/2017 04:00:00 PM,70,51,19
03/15/2017 05:00:00 PM,85,57,28
03/15/2017 06:00:00 PM,50,31,19
03/15/2017 07:00:00 PM,11,5,6
03/15/2017 08:00:00 PM,5,5,0
03/15/2017 09:00:00 PM,5,2,3
03/15/2017 10:00:00 PM,2,1,1
03/15/2017 11:00:00 PM,2,1,1
03/16/2017 12:00:00 AM,1,0,1
03/16/2017 01:00:00 AM,1,1,0
03/16/2017 02:00:00 AM,1,0,1
03/16/2017 03:00:00 AM,0,0,0
03/16/2017 04:00:00 AM,3,2,1
03/16/2017 05:00:00 AM,7,3,4
03/16/2017 06:00:00 AM,21,12,9
03/16/2017 07:00:00 AM,44,24,20
03/16/2017 08:00:00 AM,86,47,39
03/16/2017 09:00:00 AM,52,27,25
03/16/2017 10:00:00 AM,17,9,8
03/16/2017 11:00:00 AM,26,14,12
03/16/2017 12:00:00 PM,26,12,14
03/16/2017 01:00:00 PM,23,10,13
03/16/2017 02:00:00 PM,22,14,8
03/16/2017 03:00:00 PM,39,27,12
03/16/2017 04:00:00 PM,70,46,24
03/16/2017 05:00:00 PM,116,76,40
03/16/2017 06:00:00 PM,73,52,21
03/16/2017 07:00:00 PM,22,11,11
03/16/2017 08:00:00 PM,14,8,6
03/16/2017 09:00:00 PM,7,5,2
03/16/2017 10:00:00 PM,2,2,0
03/16/2017 11:00:00 PM,2,2,0
03/17/2017 12:00:00 AM,2,1,1
03/17/2017 01:00:00 AM,1,0,1
03/17/2017 02:00:00 AM,3,2,1
03/17/2017 03:00:00 AM,0,0,0
03/17/2017 04:00:00 AM,0,0,0
03/17/2017 05:00:00 AM,4,1,3
03/17/2017 06:00:00 AM,19,6,13
03/17/2017 07:00:00 AM,23,12,11
03/17/2017 08:00:00 AM,66,30,36
03/17/2017 09:00:00 AM,42,20,22
03/17/2017 10:00:00 AM,16,10,6
03/17/2017 11:00:00 AM,16,11,5
03/17/2017 12:00:00 PM,11,6,5
03/17/2017 01:00:00 PM,22,12,10
03/17/2017 02:00:00 PM,22,13,9
03/17/2017 03:00:00 PM,20,12,8
03/17/2017 04:00:00 PM,58,44,14
03/17/2017 05:00:00 PM,65,43,22
03/17/2017 06:00:00 PM,30,21,9
03/17/2017 07:00:00 PM,8,5,3
03/17/2017 08:00:00 PM,6,4,2
03/17/2017 09:00:00 PM,3,3,0
03/17/2017 10:00:00 PM,1,0,1
03/17/2017 11:00:00 PM,1,0,1
03/18/2017 12:00:00 AM,1,0,1
03/18/2017 01:00:00 AM,1,1,0
03/18/2017 02:00:00 AM,1,1,0
03/18/2017 03:00:00 AM,1,0,1
03/18/2017 04:00:00 AM,1,1,0
03/18/2017 05:00:00 AM,1,0,1
03/18/2017 06:00:00 AM,2,1,1
03/18/2017 07:00:00 AM,1,0,1
03/18/2017 08:00:00 AM,8,6,2
03/18/2017 09:00:00 AM,2,1,1
03/18/2017 10:00:00 AM,3,0,3
03/18/2017 11:00:00 AM,3,2,1
03/18/2017 12:00:00 PM,6,4,2
03/18/2017 01:00:00 PM,12,2,10
03/18/2017 02:00:00 PM,8,4,4
03/18/2017 03:00:00 PM,12,6,6
03/18/2017 04:00:00 PM,9,5,4
03/18/2017 05:00:00 PM,11,5,6
03/18/2017 06:00:00 PM,6,3,3
03/18/2017 07:00:00 PM,10,4,6
03/18/2017 08:00:00 PM,2,1,1
03/18/2017 09:00:00 PM,8,6,2
03/18/2017 10:00:00 PM,4,3,1
03/18/2017 11:00:00 PM,5,2,3
03/19/2017 12:00:00 AM,1,0,1
03/19/2017 01:00:00 AM,3,0,3
03/19/2017 02:00:00 AM,1,1,0
03/19/2017 03:00:00 AM,2,1,1
03/19/2017 04:00:00 AM,1,0,1
03/19/2017 05:00:00 AM,0,0,0
03/19/2017 06:00:00 AM,0,0,0
03/19/2017 07:00:00 AM,2,1,1
03/19/2017 08:00:00 AM,2,1,1
03/19/2017 09:00:00 AM,6,2,4
03/19/2017 10:00:00 AM,5,2,3
03/19/2017 11:00:00 AM,21,12,9
03/19/2017 12:00:00 PM,28,15,13
03/19/2017 01:00:00 PM,32,23,9
03/19/2017 02:00:00 PM,29,21,8
03/19/2017 03:00:00 PM,51,36,15
03/19/2017 04:00:00 PM,22,11,11
03/19/2017 05:00:00 PM,18,6,12
03/19/2017 06:00:00 PM,36,12,24
03/19/2017 07:00:00 PM,12,1,11
03/19/2017 08:00:00 PM,1,0,1
03/19/2017 09:00:00 PM,3,3,0
03/19/2017 10:00:00 PM,2,0,2
03/19/2017 11:00:00 PM,1,0,1
03/20/2017 12:00:00 AM,2,0,2
03/20/2017 01:00:00 AM,1,1,0
03/20/2017 02:00:00 AM,0,0,0
03/20/2017 03:00:00 AM,0,0,0
03/20/2017 04:00:00 AM,1,1,0
03/20/2017 05:00:00 AM,4,2,2
03/20/2017 06:00:00 AM,21,12,9
03/20/2017 07:00:00 AM,62,29,33
03/20/2017 08:00:00 AM,112,66,46
03/20/2017 09:00:00 AM,64,29,35
03/20/2017 10:00:00 AM,17,8,9
03/20/2017 11:00:00 AM,15,6,9
03/20/2017 12:00:00 PM,20,10,10
03/20/2017 01:00:00 PM,24,11,13
03/20/2017 02:00:00 PM,29,14,15
03/20/2017 03:00:00 PM,29,21,8
03/20/2017 04:00:00 PM,97,65,32
03/20/2017 05:00:00 PM,126,83,43
03/20/2017 06:00:00 PM,57,37,20
03/20/2017 07:00:00 PM,21,11,10
03/20/2017 08:00:00 PM,6,2,4
03/20/2017 09:00:00 PM,6,3,3
03/20/2017 10:00:00 PM,1,0,1
03/20/2017 11:00:00 PM,2,2,0
03/21/2017 12:00:00 AM,0,0,0
03/21/2017 01:00:00 AM,0,0,0
03/21/2017 02:00:00 AM,0,0,0
03/21/2017 03:00:00 AM,1,0,1
03/21/2017 04:00:00 AM,2,1,1
03/21/2017 05:00:00 AM,4,1,3
03/21/2017 06:00:00 AM,16,5,11
03/21/2017 07:00:00 AM,37,17,20
03/21/2017 08:00:00 AM,80,43,37
03/21/2017 09:00:00 AM,45,21,24
03/21/2017 10:00:00 AM,19,10,9
03/21/2017 11:00:00 AM,20,12,8
03/21/2017 12:00:00 PM,15,8,7
03/21/2017 01:00:00 PM,19,10,9
03/21/2017 02:00:00 PM,20,11,9
03/21/2017 03:00:00 PM,31,21,10
03/21/2017 04:00:00 PM,66,46,20
03/21/2017 05:00:00 PM,104,70,34
03/21/2017 06:00:00 PM,50,31,19
03/21/2017 07:00:00 PM,19,13,6
03/21/2017 08:00:00 PM,10,6,4
03/21/2017 09:00:00 PM,5,3,2
03/21/2017 10:00:00 PM,4,1,3
03/21/2017 11:00:00 PM,2,0,2
03/22/2017 12:00:00 AM,0,0,0
03/22/2017 01:00:00 AM,0,0,0
03/22/2017 02:00:00 AM,0,0,0
03/22/2017 03:00:00 AM,3,2,1
03/22/2017 04:00:00 AM,1,0,1
03/22/2017 05:00:00 AM,5,2,3
03/22/2017 06:00:00 AM,18,10,8
03/22/2017 07:00:00 AM,48,25,23
03/22/2017 08:00:00 AM,81,43,38
03/22/2017 09:00:00 AM,68,36,32
03/22/2017 10:00:00 AM,23,10,13
03/22/2017 11:00:00 AM,12,4,8
03/22/2017 12:00:00 PM,23,13,10
03/22/2017 01:00:00 PM,23,16,7
03/22/2017 02:00:00 PM,25,15,10
03/22/2017 03:00:00 PM,29,20,9
03/22/2017 04:00:00 PM,73,51,22
03/22/2017 05:00:00 PM,123,81,42
03/22/2017 06:00:00 PM,67,48,19
03/22/2017 07:00:00 PM,20,11,9
03/22/2017 08:00:00 PM,9,6,3
03/22/2017 09:00:00 PM,3,1,2
03/22/2017 10:00:00 PM,4,2,2
03/22/2017 11:00:00 PM,6,3,3
03/23/2017 12:00:00 AM,3,2,1
03/23/2017 01:00:00 AM,2,0,2
03/23/2017 02:00:00 AM,1,1,0
03/23/2017 03:00:00 AM,0,0,0
03/23/2017 04:00:00 AM,2,2,0
03/23/2017 05:00:00 AM,5,2,3
03/23/2017 06:00:00 AM,32,19,13
03/23/2017 07:00:00 AM,53,24,29
03/23/2017 08:00:00 AM,92,50,42
03/23/2017 09:00:00 AM,59,38,21
03/23/2017 10:00:00 AM,21,8,13
03/23/2017 11:00:00 AM,27,10,17
03/23/2017 12:00:00 PM,28,14,14
03/23/2017 01:00:00 PM,31,16,15
03/23/2017 02:00:00 PM,19,10,9
03/23/2017 03:00:00 PM,46,32,14
03/23/2017 04:00:00 PM,94,64,30
03/23/2017 05:00:00 PM,120,79,41
03/23/2017 06:00:00 PM,73,46,27
03/23/2017 07:00:00 PM,31,19,12
03/23/2017 08:00:00 PM,8,4,4
03/23/2017 09:00:00 PM,3,1,2
03/23/2017 10:00:00 PM,5,1,4
03/23/2017 11:00:00 PM,2,2,0
03/24/2017 12:00:00 AM,1,1,0
03/24/2017 01:00:00 AM,0,0,0
03/24/2017 02:00:00 AM,2,1,1
03/24/2017 03:00:00 AM,0,0,0
03/24/2017 04:00:00 AM,3,1,2
03/24/2017 05:00:00 AM,3,0,3
03/24/2017 06:00:00 AM,20,7,13
03/24/2017 07:00:00 AM,39,21,18
03/24/2017 08:00:00 AM,52,30,22
03/24/2017 09:00:00 AM,29,17,12
03/24/2017 10:00:00 AM,20,9,11
03/24/2017 11:00:00 AM,18,11,7
03/24/2017 12:00:00 PM,13,7,6
03/24/2017 01:00:00 PM,17,7,10
03/24/2017 02:00:00 PM,20,10,10
03/24/2017 03:00:00 PM,22,16,6
03/24/2017 04:00:00 PM,79,54,25
03/24/2017 05:00:00 PM,65,38,27
03/24/2017 06:00:00 PM,40,26,14
03/24/2017 07:00:00 PM,16,9,7
03/24/2017 08:00:00 PM,6,6,0
03/24/2017 09:00:00 PM,8,4,4
03/24/2017 10:00:00 PM,5,2,3
03/24/2017 11:00:00 PM,2,0,2
03/25/2017 12:00:00 AM,4,3,1
03/25/2017 01:00:00 AM,1,0,1
03/25/2017 02:00:00 AM,0,0,0
03/25/2017 03:00:00 AM,1,1,0
03/25/2017 04:00:00 AM,0,0,0
03/25/2017 05:00:00 AM,1,0,1
03/25/2017 06:00:00 AM,3,2,1
03/25/2017 07:00:00 AM,3,2,1
03/25/2017 08:00:00 AM,13,7,6
03/25/2017 09:00:00 AM,7,5,2
03/25/2017 10:00:00 AM,14,8,6
03/25/2017 11:00:00 AM,15,8,7
03/25/2017 12:00:00 PM,26,19,7
03/25/2017 01:00:00 PM,17,9,8
03/25/2017 02:00:00 PM,21,13,8
03/25/2017 03:00:00 PM,29,14,15
03/25/2017 04:00:00 PM,19,4,15
03/25/2017 05:00:00 PM,13,5,8
03/25/2017 06:00:00 PM,15,10,5
03/25/2017 07:00:00 PM,8,5,3
03/25/2017 08:00:00 PM,9,6,3
03/25/2017 09:00:00 PM,4,1,3
03/25/2017 10:00:00 PM,3,1,2
03/25/2017 11:00:00 PM,2,0,2
03/26/2017 12:00:00 AM,2,0,2
03/26/2017 01:00:00 AM,0,0,0
03/26/2017 02:00:00 AM,1,1,0
03/26/2017 03:00:00 AM,3,2,1
03/26/2017 04:00:00 AM,0,0,0
03/26/2017 05:00:00 AM,0,0,0
03/26/2017 06:00:00 AM,2,1,1
03/26/2017 07:00:00 AM,3,1,2
03/26/2017 08:00:00 AM,1,0,1
03/26/2017 09:00:00 AM,4,2,2
03/26/2017 10:00:00 AM,3,2,1
03/26/2017 11:00:00 AM,3,1,2
03/26/2017 12:00:00 PM,10,5,5
03/26/2017 01:00:00 PM,4,2,2
03/26/2017 02:00:00 PM,0,0,0
03/26/2017 03:00:00 PM,2,1,1
03/26/2017 04:00:00 PM,3,1,2
03/26/2017 05:00:00 PM,7,2,5
03/26/2017 06:00:00 PM,4,3,1
03/26/2017 07:00:00 PM,3,1,2
03/26/2017 08:00:00 PM,2,1,1
03/26/2017 09:00:00 PM,3,3,0
03/26/2017 10:00:00 PM,2,1,1
03/26/2017 11:00:00 PM,1,0,1
03/27/2017 12:00:00 AM,0,0,0
03/27/2017 01:00:00 AM,0,0,0
03/27/2017 02:00:00 AM,0,0,0
03/27/2017 03:00:00 AM,9,9,0
03/27/2017 04:00:00 AM,5,4,1
03/27/2017 05:00:00 AM,4,0,4
03/27/2017 06:00:00 AM,24,7,17
03/27/2017 07:00:00 AM,50,27,23
03/27/2017 08:00:00 AM,94,52,42
03/27/2017 09:00:00 AM,57,31,26
03/27/2017 10:00:00 AM,19,6,13
03/27/2017 11:00:00 AM,13,7,6
03/27/2017 12:00:00 PM,16,9,7
03/27/2017 01:00:00 PM,19,10,9
03/27/2017 02:00:00 PM,24,10,14
03/27/2017 03:00:00 PM,33,24,9
03/27/2017 04:00:00 PM,92,62,30
03/27/2017 05:00:00 PM,119,77,42
03/27/2017 06:00:00 PM,60,42,18
03/27/2017 07:00:00 PM,23,13,10
03/27/2017 08:00:00 PM,7,5,2
03/27/2017 09:00:00 PM,1,0,1
03/27/2017 10:00:00 PM,0,0,0
03/27/2017 11:00:00 PM,0,0,0
03/28/2017 12:00:00 AM,2,2,0
03/28/2017 01:00:00 AM,0,0,0
03/28/2017 02:00:00 AM,1,0,1
03/28/2017 03:00:00 AM,0,0,0
03/28/2017 04:00:00 AM,2,1,1
03/28/2017 05:00:00 AM,3,1,2
03/28/2017 06:00:00 AM,23,14,9
03/28/2017 07:00:00 AM,56,28,28
03/28/2017 08:00:00 AM,62,35,27
03/28/2017 09:00:00 AM,51,29,22
03/28/2017 10:00:00 AM,21,8,13
03/28/2017 11:00:00 AM,15,8,7
03/28/2017 12:00:00 PM,20,6,14
03/28/2017 01:00:00 PM,14,7,7
03/28/2017 02:00:00 PM,24,15,9
03/28/2017 03:00:00 PM,33,18,15
03/28/2017 04:00:00 PM,82,54,28
03/28/2017 05:00:00 PM,124,80,44
03/28/2017 06:00:00 PM,60,39,21
03/28/2017 07:00:00 PM,25,15,10
03/28/2017 08:00:00 PM,5,4,1
03/28/2017 09:00:00 PM,6,3,3
03/28/2017 10:00:00 PM,5,3,2
03/28/2017 11:00:00 PM,2,1,1
03/29/2017 12:00:00 AM,1,1,0
03/29/2017 01:00:00 AM,2,1,1
03/29/2017 02:00:00 AM,0,0,0
03/29/2017 03:00:00 AM,0,0,0
03/29/2017 04:00:00 AM,1,1,0
03/29/2017 05:00:00 AM,3,0,3
03/29/2017 06:00:00 AM,16,7,9
03/29/2017 07:00:00 AM,33,16,17
03/29/2017 08:00:00 AM,62,33,29
03/29/2017 09:00:00 AM,33,18,15
03/29/2017 10:00:00 AM,17,5,12
03/29/2017 11:00:00 AM,13,4,9
03/29/2017 12:00:00 PM,13,4,9
03/29/2017 01:00:00 PM,10,4,6
03/29/2017 02:00:00 PM,23,15,8
03/29/2017 03:00:00 PM,28,19,9
03/29/2017 04:00:00 PM,62,35,27
03/29/2017 05:00:00 PM,108,73,35
03/29/2017 06:00:00 PM,54,39,15
03/29/2017 07:00:00 PM,21,12,9
03/29/2017 08:00:00 PM,8,4,4
03/29/2017 09:00:00 PM,10,5,5
03/29/2017 10:00:00 PM,2,2,0
03/29/2017 11:00:00 PM,3,2,1
03/30/2017 12:00:00 AM,0,0,0
03/30/2017 01:00:00 AM,0,0,0
03/30/2017 02:00:00 AM,0,0,0
03/30/2017 03:00:00 AM,0,0,0
03/30/2017 04:00:00 AM,1,1,0
03/30/2017 05:00:00 AM,2,0,2
03/30/2017 06:00:00 AM,32,16,16
03/30/2017 07:00:00 AM,67,32,35
03/30/2017 08:00:00 AM,92,56,36
03/30/2017 09:00:00 AM,52,30,22
03/30/2017 10:00:00 AM,26,13,13
03/30/2017 11:00:00 AM,12,7,5
03/30/2017 12:00:00 PM,13,9,4
03/30/2017 01:00:00 PM,18,8,10
03/30/2017 02:00:00 PM,18,10,8
03/30/2017 03:00:00 PM,33,20,13
03/30/2017 04:00:00 PM,81,56,25
03/30/2017 05:00:00 PM,141,95,46
03/30/2017 06:00:00 PM,85,58,27
03/30/2017 07:00:00 PM,27,18,9
03/30/2017 08:00:00 PM,17,7,10
03/30/2017 09:00:00 PM,7,4,3
03/30/2017 10:00:00 PM,5,4,1
03/30/2017 11:00:00 PM,1,1,0
03/31/2017 12:00:00 AM,4,2,2
03/31/2017 01:00:00 AM,0,0,0
03/31/2017 02:00:00 AM,1,1,0
03/31/2017 03:00:00 AM,0,0,0
03/31/2017 04:00:00 AM,1,1,0
03/31/2017 05:00:00 AM,4,1,3
03/31/2017 06:00:00 AM,18,9,9
03/31/2017 07:00:00 AM,48,28,20
03/31/2017 08:00:00 AM,104,71,33
03/31/2017 09:00:00 AM,63,38,25
03/31/2017 10:00:00 AM,20,9,11
03/31/2017 11:00:00 AM,32,12,20
03/31/2017 12:00:00 PM,36,15,21
03/31/2017 01:00:00 PM,31,19,12
03/31/2017 02:00:00 PM,36,21,15
03/31/2017 03:00:00 PM,60,50,10
03/31/2017 04:00:00 PM,106,69,37
03/31/2017 05:00:00 PM,127,92,35
03/31/2017 06:00:00 PM,87,65,22
03/31/2017 07:00:00 PM,27,18,9
03/31/2017 08:00:00 PM,11,8,3
03/31/2017 09:00:00 PM,22,6,16
03/31/2017 10:00:00 PM,10,2,8
03/31/2017 11:00:00 PM,9,4,5
04/01/2017 12:00:00 AM,5,3,2
04/01/2017 01:00:00 AM,2,2,0
04/01/2017 02:00:00 AM,1,0,1
04/01/2017 03:00:00 AM,1,1,0
04/01/2017 04:00:00 AM,1,0,1
04/01/2017 05:00:00 AM,3,2,1
04/01/2017 06:00:00 AM,6,3,3
04/01/2017 07:00:00 AM,2,1,1
04/01/2017 08:00:00 AM,7,5,2
04/01/2017 09:00:00 AM,4,2,2
04/01/2017 10:00:00 AM,9,5,4
04/01/2017 11:00:00 AM,18,13,5
04/01/2017 12:00:00 PM,10,5,5
04/01/2017 01:00:00 PM,16,11,5
04/01/2017 02:00:00 PM,23,17,6
04/01/2017 03:00:00 PM,17,12,5
04/01/2017 04:00:00 PM,16,6,10
04/01/2017 05:00:00 PM,15,3,12
04/01/2017 06:00:00 PM,17,9,8
04/01/2017 07:00:00 PM,5,1,4
04/01/2017 08:00:00 PM,11,8,3
04/01/2017 09:00:00 PM,2,0,2
04/01/2017 10:00:00 PM,4,4,0
04/01/2017 11:00:00 PM,4,0,4
04/02/2017 12:00:00 AM,4,3,1
04/02/2017 01:00:00 AM,3,1,2
04/02/2017 02:00:00 AM,1,1,0
04/02/2017 03:00:00 AM,0,0,0
04/02/2017 04:00:00 AM,1,1,0
04/02/2017 05:00:00 AM,1,1,0
04/02/2017 06:00:00 AM,2,1,1
04/02/2017 07:00:00 AM,5,4,1
04/02/2017 08:00:00 AM,1,1,0
04/02/2017 09:00:00 AM,8,2,6
04/02/2017 10:00:00 AM,5,2,3
04/02/2017 11:00:00 AM,14,6,8
04/02/2017 12:00:00 PM,28,19,9
04/02/2017 01:00:00 PM,18,9,9
04/02/2017 02:00:00 PM,9,4,5
04/02/2017 03:00:00 PM,22,12,10
04/02/2017 04:00:00 PM,14,9,5
04/02/2017 05:00:00 PM,14,10,4
04/02/2017 06:00:00 PM,17,11,6
04/02/2017 07:00:00 PM,9,5,4
04/02/2017 08:00:00 PM,2,1,1
04/02/2017 09:00:00 PM,2,2,0
04/02/2017 10:00:00 PM,1,0,1
04/02/2017 11:00:00 PM,0,0,0
04/03/2017 12:00:00 AM,0,0,0
04/03/2017 01:00:00 AM,0,0,0
04/03/2017 02:00:00 AM,0,0,0
04/03/2017 03:00:00 AM,0,0,0
04/03/2017 04:00:00 AM,2,1,1
04/03/2017 05:00:00 AM,9,1,8
04/03/2017 06:00:00 AM,29,11,18
04/03/2017 07:00:00 AM,74,36,38
04/03/2017 08:00:00 AM,118,70,48
04/03/2017 09:00:00 AM,75,37,38
04/03/2017 10:00:00 AM,27,19,8
04/03/2017 11:00:00 AM,19,7,12
04/03/2017 12:00:00 PM,20,12,8
04/03/2017 01:00:00 PM,24,12,12
04/03/2017 02:00:00 PM,19,9,10
04/03/2017 03:00:00 PM,37,29,8
04/03/2017 04:00:00 PM,117,83,34
04/03/2017 05:00:00 PM,179,120,59
04/03/2017 06:00:00 PM,71,48,23
04/03/2017 07:00:00 PM,31,20,11
04/03/2017 08:00:00 PM,5,4,1
04/03/2017 09:00:00 PM,6,3,3
04/03/2017 10:00:00 PM,4,2,2
04/03/2017 11:00:00 PM,2,0,2
04/04/2017 12:00:00 AM,2,1,1
04/04/2017 01:00:00 AM,0,0,0
04/04/2017 02:00:00 AM,0,0,0
04/04/2017 03:00:00 AM,0,0,0
04/04/2017 04:00:00 AM,2,1,1
04/04/2017 05:00:00 AM,3,1,2
04/04/2017 06:00:00 AM,28,15,13
04/04/2017 07:00:00 AM,84,42,42
04/04/2017 08:00:00 AM,118,62,56
04/04/2017 09:00:00 AM,54,22,32
04/04/2017 10:00:00 AM,23,13,10
04/04/2017 11:00:00 AM,34,22,12
04/04/2017 12:00:00 PM,17,10,7
04/04/2017 01:00:00 PM,30,18,12
04/04/2017 02:00:00 PM,24,15,9
04/04/2017 03:00:00 PM,39,26,13
04/04/2017 04:00:00 PM,103,72,31
04/04/2017 05:00:00 PM,176,110,66
04/04/2017 06:00:00 PM,66,49,17
04/04/2017 07:00:00 PM,24,20,4
04/04/2017 08:00:00 PM,10,6,4
04/04/2017 09:00:00 PM,3,3,0
04/04/2017 10:00:00 PM,7,2,5
04/04/2017 11:00:00 PM,3,3,0
04/05/2017 12:00:00 AM,1,0,1
04/05/2017 01:00:00 AM,1,1,0
04/05/2017 02:00:00 AM,0,0,0
04/05/2017 03:00:00 AM,0,0,0
04/05/2017 04:00:00 AM,1,1,0
04/05/2017 05:00:00 AM,8,1,7
04/05/2017 06:00:00 AM,17,9,8
04/05/2017 07:00:00 AM,32,12,20
04/05/2017 08:00:00 AM,54,26,28
04/05/2017 09:00:00 AM,35,14,21
04/05/2017 10:00:00 AM,14,7,7
04/05/2017 11:00:00 AM,12,7,5
04/05/2017 12:00:00 PM,9,5,4
04/05/2017 01:00:00 PM,15,7,8
04/05/2017 02:00:00 PM,15,7,8
04/05/2017 03:00:00 PM,25,16,9
04/05/2017 04:00:00 PM,62,47,15
04/05/2017 05:00:00 PM,93,63,30
04/05/2017 06:00:00 PM,50,35,15
04/05/2017 07:00:00 PM,18,14,4
04/05/2017 08:00:00 PM,7,4,3
04/05/2017 09:00:00 PM,5,3,2
04/05/2017 10:00:00 PM,9,5,4
04/05/2017 11:00:00 PM,2,1,1
04/06/2017 12:00:00 AM,0,0,0
04/06/2017 01:00:00 AM,0,0,0
04/06/2017 02:00:00 AM,0,0,0
04/06/2017 03:00:00 AM,0,0,0
04/06/2017 04:00:00 AM,1,1,0
04/06/2017 05:00:00 AM,5,0,5
04/06/2017 06:00:00 AM,25,14,11
04/06/2017 07:00:00 AM,40,17,23
04/06/2017 08:00:00 AM,59,34,25
04/06/2017 09:00:00 AM,29,17,12
04/06/2017 10:00:00 AM,15,6,9
04/06/2017 11:00:00 AM,15,7,8
04/06/2017 12:00:00 PM,28,14,14
04/06/2017 01:00:00 PM,23,12,11
04/06/2017 02:00:00 PM,20,15,5
04/06/2017 03:00:00 PM,35,27,8
04/06/2017 04:00:00 PM,70,51,19
04/06/2017 05:00:00 PM,102,69,33
04/06/2017 06:00:00 PM,59,41,18
04/06/2017 07:00:00 PM,54,35,19
04/06/2017 08:00:00 PM,13,5,8
04/06/2017 09:00:00 PM,7,2,5
04/06/2017 10:00:00 PM,4,1,3
04/06/2017 11:00:00 PM,1,1,0
04/07/2017 12:00:00 AM,1,0,1
04/07/2017 01:00:00 AM,1,1,0
04/07/2017 02:00:00 AM,2,0,2
04/07/2017 03:00:00 AM,0,0,0
04/07/2017 04:00:00 AM,1,0,1
04/07/2017 05:00:00 AM,4,0,4
04/07/2017 06:00:00 AM,21,8,13
04/07/2017 07:00:00 AM,41,19,22
04/07/2017 08:00:00 AM,66,40,26
04/07/2017 09:00:00 AM,31,13,18
04/07/2017 10:00:00 AM,19,8,11
04/07/2017 11:00:00 AM,16,9,7
04/07/2017 12:00:00 PM,17,11,6
04/07/2017 01:00:00 PM,19,12,7
04/07/2017 02:00:00 PM,24,8,16
04/07/2017 03:00:00 PM,28,17,11
04/07/2017 04:00:00 PM,47,35,12
04/07/2017 05:00:00 PM,80,52,28
04/07/2017 06:00:00 PM,32,21,11
04/07/2017 07:00:00 PM,9,5,4
04/07/2017 08:00:00 PM,2,2,0
04/07/2017 09:00:00 PM,4,3,1
04/07/2017 10:00:00 PM,3,2,1
04/07/2017 11:00:00 PM,2,1,1
04/08/2017 12:00:00 AM,2,1,1
04/08/2017 01:00:00 AM,1,0,1
04/08/2017 02:00:00 AM,0,0,0
04/08/2017 03:00:00 AM,2,0,2
04/08/2017 04:00:00 AM,1,1,0
04/08/2017 05:00:00 AM,2,0,2
04/08/2017 06:00:00 AM,3,1,2
04/08/2017 07:00:00 AM,7,4,3
04/08/2017 08:00:00 AM,7,1,6
04/08/2017 09:00:00 AM,9,5,4
04/08/2017 10:00:00 AM,14,4,10
04/08/2017 11:00:00 AM,18,12,6
04/08/2017 12:00:00 PM,7,3,4
04/08/2017 01:00:00 PM,13,5,8
04/08/2017 02:00:00 PM,8,7,1
04/08/2017 03:00:00 PM,13,5,8
04/08/2017 04:00:00 PM,18,7,11
04/08/2017 05:00:00 PM,15,6,9
04/08/2017 06:00:00 PM,7,6,1
04/08/2017 07:00:00 PM,5,1,4
04/08/2017 08:00:00 PM,5,2,3
04/08/2017 09:00:00 PM,7,4,3
04/08/2017 10:00:00 PM,5,3,2
04/08/2017 11:00:00 PM,9,7,2
04/09/2017 12:00:00 AM,4,1,3
04/09/2017 01:00:00 AM,1,0,1
04/09/2017 02:00:00 AM,3,1,2
04/09/2017 03:00:00 AM,0,0,0
04/09/2017 04:00:00 AM,0,0,0
04/09/2017 05:00:00 AM,1,0,1
04/09/2017 06:00:00 AM,3,1,2
04/09/2017 07:00:00 AM,4,3,1
04/09/2017 08:00:00 AM,6,4,2
04/09/2017 09:00:00 AM,16,11,5
04/09/2017 10:00:00 AM,17,9,8
04/09/2017 11:00:00 AM,15,7,8
04/09/2017 12:00:00 PM,15,8,7
04/09/2017 01:00:00 PM,15,8,7
04/09/2017 02:00:00 PM,19,8,11
04/09/2017 03:00:00 PM,16,7,9
04/09/2017 04:00:00 PM,18,9,9
04/09/2017 05:00:00 PM,19,7,12
04/09/2017 06:00:00 PM,8,3,5
04/09/2017 07:00:00 PM,12,6,6
04/09/2017 08:00:00 PM,3,1,2
04/09/2017 09:00:00 PM,1,1,0
04/09/2017 10:00:00 PM,1,0,1
04/09/2017 11:00:00 PM,1,1,0
04/10/2017 12:00:00 AM,1,1,0
04/10/2017 01:00:00 AM,0,0,0
04/10/2017 02:00:00 AM,0,0,0
04/10/2017 03:00:00 AM,0,0,0
04/10/2017 04:00:00 AM,1,1,0
04/10/2017 05:00:00 AM,4,1,3
04/10/2017 06:00:00 AM,13,5,8
04/10/2017 07:00:00 AM,44,25,19
04/10/2017 08:00:00 AM,95,56,39
04/10/2017 09:00:00 AM,64,34,30
04/10/2017 10:00:00 AM,22,11,11
04/10/2017 11:00:00 AM,19,10,9
04/10/2017 12:00:00 PM,18,10,8
04/10/2017 01:00:00 PM,12,5,7
04/10/2017 02:00:00 PM,15,10,5
04/10/2017 03:00:00 PM,23,19,4
04/10/2017 04:00:00 PM,74,57,17
04/10/2017 05:00:00 PM,116,77,39
04/10/2017 06:00:00 PM,50,34,16
04/10/2017 07:00:00 PM,18,9,9
04/10/2017 08:00:00 PM,13,9,4
04/10/2017 09:00:00 PM,0,0,0
04/10/2017 10:00:00 PM,4,1,3
04/10/2017 11:00:00 PM,2,1,1
04/11/2017 12:00:00 AM,1,1,0
04/11/2017 01:00:00 AM,0,0,0
04/11/2017 02:00:00 AM,0,0,0
04/11/2017 03:00:00 AM,0,0,0
04/11/2017 04:00:00 AM,3,2,1
04/11/2017 05:00:00 AM,7,1,6
04/11/2017 06:00:00 AM,21,11,10
04/11/2017 07:00:00 AM,78,39,39
04/11/2017 08:00:00 AM,104,57,47
04/11/2017 09:00:00 AM,79,43,36
04/11/2017 10:00:00 AM,27,15,12
04/11/2017 11:00:00 AM,27,15,12
04/11/2017 12:00:00 PM,23,11,12
04/11/2017 01:00:00 PM,19,9,10
04/11/2017 02:00:00 PM,18,11,7
04/11/2017 03:00:00 PM,43,29,14
04/11/2017 04:00:00 PM,111,76,35
04/11/2017 05:00:00 PM,162,106,56
04/11/2017 06:00:00 PM,74,48,26
04/11/2017 07:00:00 PM,30,22,8
04/11/2017 08:00:00 PM,13,5,8
04/11/2017 09:00:00 PM,7,7,0
04/11/2017 10:00:00 PM,11,5,6
04/11/2017 11:00:00 PM,6,2,4
04/12/2017 12:00:00 AM,1,0,1
04/12/2017 01:00:00 AM,0,0,0
04/12/2017 02:00:00 AM,0,0,0
04/12/2017 03:00:00 AM,0,0,0
04/12/2017 04:00:00 AM,1,1,0
04/12/2017 05:00:00 AM,2,0,2
04/12/2017 06:00:00 AM,17,7,10
04/12/2017 07:00:00 AM,31,13,18
04/12/2017 08:00:00 AM,53,31,22
04/12/2017 09:00:00 AM,29,15,14
04/12/2017 10:00:00 AM,15,7,8
04/12/2017 11:00:00 AM,10,8,2
04/12/2017 12:00:00 PM,14,6,8
04/12/2017 01:00:00 PM,19,10,9
04/12/2017 02:00:00 PM,22,11,11
04/12/2017 03:00:00 PM,34,26,8
04/12/2017 04:00:00 PM,53,43,10
04/12/2017 05:00:00 PM,100,60,40
04/12/2017 06:00:00 PM,45,34,11
04/12/2017 07:00:00 PM,18,13,5
04/12/2017 08:00:00 PM,3,3,0
04/12/2017 09:00:00 PM,5,2,3
04/12/2017 10:00:00 PM,6,2,4
04/12/2017 11:00:00 PM,3,0,3
04/13/2017 12:00:00 AM,0,0,0
04/13/2017 01:00:00 AM,0,0,0
04/13/2017 02:00:00 AM,0,0,0
04/13/2017 03:00:00 AM,0,0,0
04/13/2017 04:00:00 AM,1,1,0
04/13/2017 05:00:00 AM,3,0,3
04/13/2017 06:00:00 AM,17,10,7
04/13/2017 07:00:00 AM,57,26,31
04/13/2017 08:00:00 AM,102,58,44
04/13/2017 09:00:00 AM,61,30,31
04/13/2017 10:00:00 AM,24,12,12
04/13/2017 11:00:00 AM,24,12,12
04/13/2017 12:00:00 PM,21,10,11
04/13/2017 01:00:00 PM,26,11,15
04/13/2017 02:00:00 PM,13,6,7
04/13/2017 03:00:00 PM,31,17,14
04/13/2017 04:00:00 PM,78,50,28
04/13/2017 05:00:00 PM,133,84,49
04/13/2017 06:00:00 PM,55,36,19
04/13/2017 07:00:00 PM,34,17,17
04/13/2017 08:00:00 PM,14,8,6
04/13/2017 09:00:00 PM,2,0,2
04/13/2017 10:00:00 PM,4,2,2
04/13/2017 11:00:00 PM,2,0,2
04/14/2017 12:00:00 AM,2,1,1
04/14/2017 01:00:00 AM,0,0,0
04/14/2017 02:00:00 AM,2,1,1
04/14/2017 03:00:00 AM,1,1,0
04/14/2017 04:00:00 AM,1,0,1
04/14/2017 05:00:00 AM,3,3,0
04/14/2017 06:00:00 AM,16,9,7
04/14/2017 07:00:00 AM,39,20,19
04/14/2017 08:00:00 AM,71,43,28
04/14/2017 09:00:00 AM,45,19,26
04/14/2017 10:00:00 AM,24,17,7
04/14/2017 11:00:00 AM,13,7,6
04/14/2017 12:00:00 PM,22,9,13
04/14/2017 01:00:00 PM,31,17,14
04/14/2017 02:00:00 PM,23,11,12
04/14/2017 03:00:00 PM,41,22,19
04/14/2017 04:00:00 PM,73,52,21
04/14/2017 05:00:00 PM,78,51,27
04/14/2017 06:00:00 PM,45,29,16
04/14/2017 07:00:00 PM,20,6,14
04/14/2017 08:00:00 PM,7,5,2
04/14/2017 09:00:00 PM,4,4,0
04/14/2017 10:00:00 PM,10,2,8
04/14/2017 11:00:00 PM,3,0,3
04/15/2017 12:00:00 AM,2,2,0
04/15/2017 01:00:00 AM,2,0,2
04/15/2017 02:00:00 AM,1,1,0
04/15/2017 03:00:00 AM,0,0,0
04/15/2017 04:00:00 AM,0,0,0
04/15/2017 05:00:00 AM,2,2,0
04/15/2017 06:00:00 AM,6,1,5
04/15/2017 07:00:00 AM,9,3,6
04/15/2017 08:00:00 AM,16,8,8
04/15/2017 09:00:00 AM,18,6,12
04/15/2017 10:00:00 AM,10,1,9
04/15/2017 11:00:00 AM,14,6,8
04/15/2017 12:00:00 PM,16,5,11
04/15/2017 01:00:00 PM,30,11,19
04/15/2017 02:00:00 PM,33,12,21
04/15/2017 03:00:00 PM,22,13,9
04/15/2017 04:00:00 PM,27,17,10
04/15/2017 05:00:00 PM,17,10,7
04/15/2017 06:00:00 PM,23,7,16
04/15/2017 07:00:00 PM,8,4,4
04/15/2017 08:00:00 PM,19,7,12
04/15/2017 09:00:00 PM,12,4,8
04/15/2017 10:00:00 PM,10,5,5
04/15/2017 11:00:00 PM,6,0,6
04/16/2017 12:00:00 AM,4,1,3
04/16/2017 01:00:00 AM,1,0,1
04/16/2017 02:00:00 AM,1,1,0
04/16/2017 03:00:00 AM,1,0,1
04/16/2017 04:00:00 AM,1,1,0
04/16/2017 05:00:00 AM,1,1,0
04/16/2017 06:00:00 AM,3,0,3
04/16/2017 07:00:00 AM,4,1,3
04/16/2017 08:00:00 AM,4,1,3
04/16/2017 09:00:00 AM,8,2,6
04/16/2017 10:00:00 AM,12,4,8
04/16/2017 11:00:00 AM,11,7,4
04/16/2017 12:00:00 PM,17,9,8
04/16/2017 01:00:00 PM,24,10,14
04/16/2017 02:00:00 PM,26,7,19
04/16/2017 03:00:00 PM,16,2,14
04/16/2017 04:00:00 PM,23,10,13
04/16/2017 05:00:00 PM,22,10,12
04/16/2017 06:00:00 PM,16,4,12
04/16/2017 07:00:00 PM,4,2,2
04/16/2017 08:00:00 PM,7,2,5
04/16/2017 09:00:00 PM,3,0,3
04/16/2017 10:00:00 PM,0,0,0
04/16/2017 11:00:00 PM,4,3,1
04/17/2017 12:00:00 AM,0,0,0
04/17/2017 01:00:00 AM,0,0,0
04/17/2017 02:00:00 AM,1,1,0
04/17/2017 03:00:00 AM,0,0,0
04/17/2017 04:00:00 AM,1,1,0
04/17/2017 05:00:00 AM,7,0,7
04/17/2017 06:00:00 AM,19,7,12
04/17/2017 07:00:00 AM,58,19,39
04/17/2017 08:00:00 AM,89,41,48
04/17/2017 09:00:00 AM,75,30,45
04/17/2017 10:00:00 AM,24,7,17
04/17/2017 11:00:00 AM,26,8,18
04/17/2017 12:00:00 PM,19,10,9
04/17/2017 01:00:00 PM,14,7,7
04/17/2017 02:00:00 PM,22,13,9
04/17/2017 03:00:00 PM,39,23,16
04/17/2017 04:00:00 PM,90,61,29
04/17/2017 05:00:00 PM,120,81,39
04/17/2017 06:00:00 PM,67,48,19
04/17/2017 07:00:00 PM,17,7,10
04/17/2017 08:00:00 PM,9,6,3
04/17/2017 09:00:00 PM,3,1,2
04/17/2017 10:00:00 PM,5,2,3
04/17/2017 11:00:00 PM,1,0,1
04/18/2017 12:00:00 AM,1,1,0
04/18/2017 01:00:00 AM,1,1,0
04/18/2017 02:00:00 AM,1,1,0
04/18/2017 03:00:00 AM,1,1,0
04/18/2017 04:00:00 AM,2,1,1
04/18/2017 05:00:00 AM,6,1,5
04/18/2017 06:00:00 AM,31,14,17
04/18/2017 07:00:00 AM,55,26,29
04/18/2017 08:00:00 AM,88,47,41
04/18/2017 09:00:00 AM,56,22,34
04/18/2017 10:00:00 AM,21,14,7
04/18/2017 11:00:00 AM,28,11,17
04/18/2017 12:00:00 PM,19,11,8
04/18/2017 01:00:00 PM,20,9,11
04/18/2017 02:00:00 PM,17,8,9
04/18/2017 03:00:00 PM,37,19,18
04/18/2017 04:00:00 PM,79,58,21
04/18/2017 05:00:00 PM,126,83,43
04/18/2017 06:00:00 PM,76,55,21
04/18/2017 07:00:00 PM,27,14,13
04/18/2017 08:00:00 PM,13,7,6
04/18/2017 09:00:00 PM,7,3,4
04/18/2017 10:00:00 PM,7,5,2
04/18/2017 11:00:00 PM,5,2,3
04/19/2017 12:00:00 AM,3,1,2
04/19/2017 01:00:00 AM,3,3,0
04/19/2017 02:00:00 AM,1,0,1
04/19/2017 03:00:00 AM,0,0,0
04/19/2017 04:00:00 AM,2,0,2
04/19/2017 05:00:00 AM,5,0,5
04/19/2017 06:00:00 AM,27,13,14
04/19/2017 07:00:00 AM,63,24,39
04/19/2017 08:00:00 AM,87,48,39
04/19/2017 09:00:00 AM,66,35,31
04/19/2017 10:00:00 AM,18,9,9
04/19/2017 11:00:00 AM,20,8,12
04/19/2017 12:00:00 PM,19,12,7
04/19/2017 01:00:00 PM,19,7,12
04/19/2017 02:00:00 PM,18,12,6
04/19/2017 03:00:00 PM,40,22,18
04/19/2017 04:00:00 PM,82,60,22
04/19/2017 05:00:00 PM,142,93,49
04/19/2017 06:00:00 PM,71,52,19
04/19/2017 07:00:00 PM,17,10,7
04/19/2017 08:00:00 PM,15,8,7
04/19/2017 09:00:00 PM,4,2,2
04/19/2017 10:00:00 PM,3,1,2
04/19/2017 11:00:00 PM,2,2,0
04/20/2017 12:00:00 AM,1,0,1
04/20/2017 01:00:00 AM,0,0,0
04/20/2017 02:00:00 AM,0,0,0
04/20/2017 03:00:00 AM,1,1,0
04/20/2017 04:00:00 AM,2,2,0
04/20/2017 05:00:00 AM,4,0,4
04/20/2017 06:00:00 AM,27,12,15
04/20/2017 07:00:00 AM,55,27,28
04/20/2017 08:00:00 AM,108,66,42
04/20/2017 09:00:00 AM,66,34,32
04/20/2017 10:00:00 AM,28,13,15
04/20/2017 11:00:00 AM,22,10,12
04/20/2017 12:00:00 PM,22,14,8
04/20/2017 01:00:00 PM,18,7,11
04/20/2017 02:00:00 PM,10,1,9
04/20/2017 03:00:00 PM,43,24,19
04/20/2017 04:00:00 PM,86,59,27
04/20/2017 05:00:00 PM,143,99,44
04/20/2017 06:00:00 PM,77,53,24
04/20/2017 07:00:00 PM,18,7,11
04/20/2017 08:00:00 PM,15,7,8
04/20/2017 09:00:00 PM,10,9,1
04/20/2017 10:00:00 PM,7,4,3
04/20/2017 11:00:00 PM,3,1,2
04/21/2017 12:00:00 AM,1,0,1
04/21/2017 01:00:00 AM,0,0,0
04/21/2017 02:00:00 AM,0,0,0
04/21/2017 03:00:00 AM,1,1,0
04/21/2017 04:00:00 AM,0,0,0
04/21/2017 05:00:00 AM,4,0,4
04/21/2017 06:00:00 AM,53,30,23
04/21/2017 07:00:00 AM,86,37,49
04/21/2017 08:00:00 AM,108,63,45
04/21/2017 09:00:00 AM,75,43,32
04/21/2017 10:00:00 AM,30,15,15
04/21/2017 11:00:00 AM,34,19,15
04/21/2017 12:00:00 PM,38,21,17
04/21/2017 01:00:00 PM,40,17,23
04/21/2017 02:00:00 PM,50,28,22
04/21/2017 03:00:00 PM,86,60,26
04/21/2017 04:00:00 PM,123,88,35
04/21/2017 05:00:00 PM,119,75,44
04/21/2017 06:00:00 PM,67,40,27
04/21/2017 07:00:00 PM,30,13,17
04/21/2017 08:00:00 PM,16,7,9
04/21/2017 09:00:00 PM,5,3,2
04/21/2017 10:00:00 PM,6,2,4
04/21/2017 11:00:00 PM,2,2,0
04/22/2017 12:00:00 AM,3,1,2
04/22/2017 01:00:00 AM,3,3,0
04/22/2017 02:00:00 AM,3,2,1
04/22/2017 03:00:00 AM,0,0,0
04/22/2017 04:00:00 AM,2,1,1
04/22/2017 05:00:00 AM,1,0,1
04/22/2017 06:00:00 AM,5,2,3
04/22/2017 07:00:00 AM,14,3,11
04/22/2017 08:00:00 AM,6,2,4
04/22/2017 09:00:00 AM,8,3,5
04/22/2017 10:00:00 AM,11,7,4
04/22/2017 11:00:00 AM,9,4,5
04/22/2017 12:00:00 PM,15,5,10
04/22/2017 01:00:00 PM,18,10,8
04/22/2017 02:00:00 PM,13,11,2
04/22/2017 03:00:00 PM,13,8,5
04/22/2017 04:00:00 PM,9,5,4
04/22/2017 05:00:00 PM,16,8,8
04/22/2017 06:00:00 PM,11,7,4
04/22/2017 07:00:00 PM,8,4,4
04/22/2017 08:00:00 PM,7,2,5
04/22/2017 09:00:00 PM,4,2,2
04/22/2017 10:00:00 PM,5,3,2
04/22/2017 11:00:00 PM,8,3,5
04/23/2017 12:00:00 AM,5,2,3
04/23/2017 01:00:00 AM,0,0,0
04/23/2017 02:00:00 AM,3,1,2
04/23/2017 03:00:00 AM,0,0,0
04/23/2017 04:00:00 AM,0,0,0
04/23/2017 05:00:00 AM,0,0,0
04/23/2017 06:00:00 AM,2,1,1
04/23/2017 07:00:00 AM,5,2,3
04/23/2017 08:00:00 AM,4,2,2
04/23/2017 09:00:00 AM,6,4,2
04/23/2017 10:00:00 AM,7,5,2
04/23/2017 11:00:00 AM,7,3,4
04/23/2017 12:00:00 PM,9,4,5
04/23/2017 01:00:00 PM,6,3,3
04/23/2017 02:00:00 PM,6,1,5
04/23/2017 03:00:00 PM,7,2,5
04/23/2017 04:00:00 PM,7,3,4
04/23/2017 05:00:00 PM,5,3,2
04/23/2017 06:00:00 PM,8,6,2
04/23/2017 07:00:00 PM,8,4,4
04/23/2017 08:00:00 PM,0,0,0
04/23/2017 09:00:00 PM,2,0,2
04/23/2017 10:00:00 PM,3,2,1
04/23/2017 11:00:00 PM,5,4,1
04/24/2017 12:00:00 AM,5,3,2
04/24/2017 01:00:00 AM,1,0,1
04/24/2017 02:00:00 AM,2,2,0
04/24/2017 03:00:00 AM,0,0,0
04/24/2017 04:00:00 AM,0,0,0
04/24/2017 05:00:00 AM,8,1,7
04/24/2017 06:00:00 AM,22,9,13
04/24/2017 07:00:00 AM,51,23,28
04/24/2017 08:00:00 AM,105,56,49
04/24/2017 09:00:00 AM,48,26,22
04/24/2017 10:00:00 AM,18,9,9
04/24/2017 11:00:00 AM,20,8,12
04/24/2017 12:00:00 PM,10,5,5
04/24/2017 01:00:00 PM,10,4,6
04/24/2017 02:00:00 PM,19,11,8
04/24/2017 03:00:00 PM,32,22,10
04/24/2017 04:00:00 PM,104,77,27
04/24/2017 05:00:00 PM,160,107,53
04/24/2017 06:00:00 PM,61,39,22
04/24/2017 07:00:00 PM,23,17,6
04/24/2017 08:00:00 PM,9,6,3
04/24/2017 09:00:00 PM,8,6,2
04/24/2017 10:00:00 PM,7,3,4
04/24/2017 11:00:00 PM,10,4,6
04/25/2017 12:00:00 AM,1,1,0
04/25/2017 01:00:00 AM,0,0,0
04/25/2017 02:00:00 AM,0,0,0
04/25/2017 03:00:00 AM,0,0,0
04/25/2017 04:00:00 AM,3,1,2
04/25/2017 05:00:00 AM,8,2,6
04/25/2017 06:00:00 AM,39,14,25
04/25/2017 07:00:00 AM,77,32,45
04/25/2017 08:00:00 AM,122,75,47
04/25/2017 09:00:00 AM,88,50,38
04/25/2017 10:00:00 AM,32,19,13
04/25/2017 11:00:00 AM,14,7,7
04/25/2017 12:00:00 PM,29,16,13
04/25/2017 01:00:00 PM,19,9,10
04/25/2017 02:00:00 PM,27,14,13
04/25/2017 03:00:00 PM,42,32,10
04/25/2017 04:00:00 PM,112,80,32
04/25/2017 05:00:00 PM,139,102,37
04/25/2017 06:00:00 PM,70,51,19
04/25/2017 07:00:00 PM,17,14,3
04/25/2017 08:00:00 PM,13,10,3
04/25/2017 09:00:00 PM,5,3,2
04/25/2017 10:00:00 PM,4,2,2
04/25/2017 11:00:00 PM,1,0,1
04/26/2017 12:00:00 AM,1,0,1
04/26/2017 01:00:00 AM,1,1,0
04/26/2017 02:00:00 AM,1,1,0
04/26/2017 03:00:00 AM,1,0,1
04/26/2017 04:00:00 AM,2,1,1
04/26/2017 05:00:00 AM,5,0,5
04/26/2017 06:00:00 AM,28,13,15
04/26/2017 07:00:00 AM,54,24,30
04/26/2017 08:00:00 AM,92,48,44
04/26/2017 09:00:00 AM,46,27,19
04/26/2017 10:00:00 AM,19,9,10
04/26/2017 11:00:00 AM,14,4,10
04/26/2017 12:00:00 PM,17,6,11
04/26/2017 01:00:00 PM,17,8,9
04/26/2017 02:00:00 PM,15,11,4
04/26/2017 03:00:00 PM,33,27,6
04/26/2017 04:00:00 PM,77,56,21
04/26/2017 05:00:00 PM,124,87,37
04/26/2017 06:00:00 PM,49,33,16
04/26/2017 07:00:00 PM,27,17,10
04/26/2017 08:00:00 PM,11,8,3
04/26/2017 09:00:00 PM,6,3,3
04/26/2017 10:00:00 PM,3,2,1
04/26/2017 11:00:00 PM,3,2,1
04/27/2017 12:00:00 AM,0,0,0
04/27/2017 01:00:00 AM,0,0,0
04/27/2017 02:00:00 AM,2,0,2
04/27/2017 03:00:00 AM,1,1,0
04/27/2017 04:00:00 AM,1,1,0
04/27/2017 05:00:00 AM,9,3,6
04/27/2017 06:00:00 AM,26,13,13
04/27/2017 07:00:00 AM,48,25,23
04/27/2017 08:00:00 AM,91,46,45
04/27/2017 09:00:00 AM,67,41,26
04/27/2017 10:00:00 AM,21,8,13
04/27/2017 11:00:00 AM,23,11,12
04/27/2017 12:00:00 PM,22,11,11
04/27/2017 01:00:00 PM,21,6,15
04/27/2017 02:00:00 PM,21,18,3
04/27/2017 03:00:00 PM,52,34,18
04/27/2017 04:00:00 PM,103,77,26
04/27/2017 05:00:00 PM,134,86,48
04/27/2017 06:00:00 PM,68,51,17
04/27/2017 07:00:00 PM,21,11,10
04/27/2017 08:00:00 PM,14,10,4
04/27/2017 09:00:00 PM,13,5,8
04/27/2017 10:00:00 PM,5,2,3
04/27/2017 11:00:00 PM,3,1,2
04/28/2017 12:00:00 AM,1,1,0
04/28/2017 01:00:00 AM,0,0,0
04/28/2017 02:00:00 AM,1,1,0
04/28/2017 03:00:00 AM,0,0,0
04/28/2017 04:00:00 AM,3,3,0
04/28/2017 05:00:00 AM,8,3,5
04/28/2017 06:00:00 AM,30,11,19
04/28/2017 07:00:00 AM,68,30,38
04/28/2017 08:00:00 AM,113,57,56
04/28/2017 09:00:00 AM,68,38,30
04/28/2017 10:00:00 AM,24,13,11
04/28/2017 11:00:00 AM,30,17,13
04/28/2017 12:00:00 PM,32,14,18
04/28/2017 01:00:00 PM,26,18,8
04/28/2017 02:00:00 PM,32,17,15
04/28/2017 03:00:00 PM,69,39,30
04/28/2017 04:00:00 PM,124,84,40
04/28/2017 05:00:00 PM,145,96,49
04/28/2017 06:00:00 PM,83,56,27
04/28/2017 07:00:00 PM,31,18,13
04/28/2017 08:00:00 PM,8,6,2
04/28/2017 09:00:00 PM,9,7,2
04/28/2017 10:00:00 PM,2,2,0
04/28/2017 11:00:00 PM,6,4,2
04/29/2017 12:00:00 AM,4,3,1
04/29/2017 01:00:00 AM,2,0,2
04/29/2017 02:00:00 AM,1,1,0
04/29/2017 03:00:00 AM,1,1,0
04/29/2017 04:00:00 AM,3,3,0
04/29/2017 05:00:00 AM,1,0,1
04/29/2017 06:00:00 AM,5,3,2
04/29/2017 07:00:00 AM,7,2,5
04/29/2017 08:00:00 AM,18,13,5
04/29/2017 09:00:00 AM,21,15,6
04/29/2017 10:00:00 AM,24,15,9
04/29/2017 11:00:00 AM,24,9,15
04/29/2017 12:00:00 PM,22,14,8
04/29/2017 01:00:00 PM,26,16,10
04/29/2017 02:00:00 PM,16,10,6
04/29/2017 03:00:00 PM,23,12,11
04/29/2017 04:00:00 PM,17,11,6
04/29/2017 05:00:00 PM,15,9,6
04/29/2017 06:00:00 PM,27,19,8
04/29/2017 07:00:00 PM,7,4,3
04/29/2017 08:00:00 PM,1,0,1
04/29/2017 09:00:00 PM,10,4,6
04/29/2017 10:00:00 PM,3,3,0
04/29/2017 11:00:00 PM,4,3,1
04/30/2017 12:00:00 AM,0,0,0
04/30/2017 01:00:00 AM,0,0,0
04/30/2017 02:00:00 AM,3,3,0
04/30/2017 03:00:00 AM,1,1,0
04/30/2017 04:00:00 AM,0,0,0
04/30/2017 05:00:00 AM,1,0,1
04/30/2017 06:00:00 AM,0,0,0
04/30/2017 07:00:00 AM,5,1,4
04/30/2017 08:00:00 AM,7,4,3
04/30/2017 09:00:00 AM,16,7,9
04/30/2017 10:00:00 AM,8,4,4
04/30/2017 11:00:00 AM,18,8,10
04/30/2017 12:00:00 PM,14,12,2
04/30/2017 01:00:00 PM,13,5,8
04/30/2017 02:00:00 PM,15,9,6
04/30/2017 03:00:00 PM,15,6,9
04/30/2017 04:00:00 PM,16,11,5
04/30/2017 05:00:00 PM,11,5,6
04/30/2017 06:00:00 PM,11,6,5
04/30/2017 07:00:00 PM,10,7,3
04/30/2017 08:00:00 PM,8,1,7
04/30/2017 09:00:00 PM,4,3,1
04/30/2017 10:00:00 PM,5,3,2
04/30/2017 11:00:00 PM,1,0,1
05/01/2017 12:00:00 AM,0,0,0
05/01/2017 01:00:00 AM,1,1,0
05/01/2017 02:00:00 AM,0,0,0
05/01/2017 03:00:00 AM,0,0,0
05/01/2017 04:00:00 AM,2,1,1
05/01/2017 05:00:00 AM,8,2,6
05/01/2017 06:00:00 AM,40,17,23
05/01/2017 07:00:00 AM,85,44,41
05/01/2017 08:00:00 AM,121,82,39
05/01/2017 09:00:00 AM,66,29,37
05/01/2017 10:00:00 AM,26,11,15
05/01/2017 11:00:00 AM,19,11,8
05/01/2017 12:00:00 PM,25,12,13
05/01/2017 01:00:00 PM,29,20,9
05/01/2017 02:00:00 PM,31,18,13
05/01/2017 03:00:00 PM,55,36,19
05/01/2017 04:00:00 PM,104,74,30
05/01/2017 05:00:00 PM,142,85,57
05/01/2017 06:00:00 PM,79,43,36
05/01/2017 07:00:00 PM,17,11,6
05/01/2017 08:00:00 PM,15,9,6
05/01/2017 09:00:00 PM,5,5,0
05/01/2017 10:00:00 PM,2,0,2
05/01/2017 11:00:00 PM,4,2,2
05/02/2017 12:00:00 AM,0,0,0
05/02/2017 01:00:00 AM,1,0,1
05/02/2017 02:00:00 AM,0,0,0
05/02/2017 03:00:00 AM,3,0,3
05/02/2017 04:00:00 AM,3,2,1
05/02/2017 05:00:00 AM,9,3,6
05/02/2017 06:00:00 AM,46,22,24
05/02/2017 07:00:00 AM,100,48,52
05/02/2017 08:00:00 AM,135,78,57
05/02/2017 09:00:00 AM,73,40,33
05/02/2017 10:00:00 AM,21,10,11
05/02/2017 11:00:00 AM,26,17,9
05/02/2017 12:00:00 PM,29,17,12
05/02/2017 01:00:00 PM,20,11,9
05/02/2017 02:00:00 PM,37,20,17
05/02/2017 03:00:00 PM,57,33,24
05/02/2017 04:00:00 PM,110,74,36
05/02/2017 05:00:00 PM,192,134,58
05/02/2017 06:00:00 PM,79,48,31
05/02/2017 07:00:00 PM,26,18,8
05/02/2017 08:00:00 PM,16,8,8
05/02/2017 09:00:00 PM,7,4,3
05/02/2017 10:00:00 PM,10,10,0
05/02/2017 11:00:00 PM,3,1,2
05/03/2017 12:00:00 AM,0,0,0
05/03/2017 01:00:00 AM,1,0,1
05/03/2017 02:00:00 AM,1,0,1
05/03/2017 03:00:00 AM,0,0,0
05/03/2017 04:00:00 AM,2,1,1
05/03/2017 05:00:00 AM,6,0,6
05/03/2017 06:00:00 AM,42,23,19
05/03/2017 07:00:00 AM,122,67,55
05/03/2017 08:00:00 AM,152,82,70
05/03/2017 09:00:00 AM,92,54,38
05/03/2017 10:00:00 AM,39,21,18
05/03/2017 11:00:00 AM,26,15,11
05/03/2017 12:00:00 PM,43,22,21
05/03/2017 01:00:00 PM,47,19,28
05/03/2017 02:00:00 PM,33,19,14
05/03/2017 03:00:00 PM,52,29,23
05/03/2017 04:00:00 PM,163,106,57
05/03/2017 05:00:00 PM,213,142,71
05/03/2017 06:00:00 PM,92,58,34
05/03/2017 07:00:00 PM,55,33,22
05/03/2017 08:00:00 PM,19,11,8
05/03/2017 09:00:00 PM,14,11,3
05/03/2017 10:00:00 PM,13,7,6
05/03/2017 11:00:00 PM,14,10,4
05/04/2017 12:00:00 AM,0,0,0
05/04/2017 01:00:00 AM,1,0,1
05/04/2017 02:00:00 AM,0,0,0
05/04/2017 03:00:00 AM,0,0,0
05/04/2017 04:00:00 AM,1,1,0
05/04/2017 05:00:00 AM,10,3,7
05/04/2017 06:00:00 AM,46,21,25
05/04/2017 07:00:00 AM,73,36,37
05/04/2017 08:00:00 AM,138,80,58
05/04/2017 09:00:00 AM,78,50,28
05/04/2017 10:00:00 AM,32,15,17
05/04/2017 11:00:00 AM,30,14,16
05/04/2017 12:00:00 PM,33,17,16
05/04/2017 01:00:00 PM,35,13,22
05/04/2017 02:00:00 PM,28,22,6
05/04/2017 03:00:00 PM,78,53,25
05/04/2017 04:00:00 PM,125,94,31
05/04/2017 05:00:00 PM,112,75,37
05/04/2017 06:00:00 PM,64,45,19
05/04/2017 07:00:00 PM,30,19,11
05/04/2017 08:00:00 PM,11,4,7
05/04/2017 09:00:00 PM,6,3,3
05/04/2017 10:00:00 PM,4,1,3
05/04/2017 11:00:00 PM,1,0,1
05/05/2017 12:00:00 AM,2,1,1
05/05/2017 01:00:00 AM,4,2,2
05/05/2017 02:00:00 AM,2,1,1
05/05/2017 03:00:00 AM,0,0,0
05/05/2017 04:00:00 AM,2,1,1
05/05/2017 05:00:00 AM,7,2,5
05/05/2017 06:00:00 AM,31,8,23
05/05/2017 07:00:00 AM,65,31,34
05/05/2017 08:00:00 AM,83,45,38
05/05/2017 09:00:00 AM,69,33,36
05/05/2017 10:00:00 AM,44,30,14
05/05/2017 11:00:00 AM,23,11,12
05/05/2017 12:00:00 PM,28,15,13
05/05/2017 01:00:00 PM,35,16,19
05/05/2017 02:00:00 PM,27,15,12
05/05/2017 03:00:00 PM,50,31,19
05/05/2017 04:00:00 PM,115,81,34
05/05/2017 05:00:00 PM,148,86,62
05/05/2017 06:00:00 PM,55,35,20
05/05/2017 07:00:00 PM,33,22,11
05/05/2017 08:00:00 PM,7,4,3
05/05/2017 09:00:00 PM,9,6,3
05/05/2017 10:00:00 PM,11,6,5
05/05/2017 11:00:00 PM,4,1,3
05/06/2017 12:00:00 AM,3,1,2
05/06/2017 01:00:00 AM,1,0,1
05/06/2017 02:00:00 AM,2,2,0
05/06/2017 03:00:00 AM,1,0,1
05/06/2017 04:00:00 AM,1,0,1
05/06/2017 05:00:00 AM,2,1,1
05/06/2017 06:00:00 AM,7,2,5
05/06/2017 07:00:00 AM,9,3,6
05/06/2017 08:00:00 AM,15,9,6
05/06/2017 09:00:00 AM,12,6,6
05/06/2017 10:00:00 AM,19,13,6
05/06/2017 11:00:00 AM,40,26,14
05/06/2017 12:00:00 PM,30,18,12
05/06/2017 01:00:00 PM,39,18,21
05/06/2017 02:00:00 PM,39,19,20
05/06/2017 03:00:00 PM,24,14,10
05/06/2017 04:00:00 PM,40,16,24
05/06/2017 05:00:00 PM,28,12,16
05/06/2017 06:00:00 PM,37,17,20
05/06/2017 07:00:00 PM,8,3,5
05/06/2017 08:00:00 PM,5,3,2
05/06/2017 09:00:00 PM,5,3,2
05/06/2017 10:00:00 PM,6,4,2
05/06/2017 11:00:00 PM,5,4,1
05/07/2017 12:00:00 AM,4,3,1
05/07/2017 01:00:00 AM,2,2,0
05/07/2017 02:00:00 AM,1,0,1
05/07/2017 03:00:00 AM,1,1,0
05/07/2017 04:00:00 AM,2,2,0
05/07/2017 05:00:00 AM,0,0,0
05/07/2017 06:00:00 AM,2,0,2
05/07/2017 07:00:00 AM,7,3,4
05/07/2017 08:00:00 AM,13,9,4
05/07/2017 09:00:00 AM,12,5,7
05/07/2017 10:00:00 AM,15,7,8
05/07/2017 11:00:00 AM,21,14,7
05/07/2017 12:00:00 PM,31,25,6
05/07/2017 01:00:00 PM,19,10,9
05/07/2017 02:00:00 PM,21,9,12
05/07/2017 03:00:00 PM,30,17,13
05/07/2017 04:00:00 PM,27,13,14
05/07/2017 05:00:00 PM,29,13,16
05/07/2017 06:00:00 PM,16,5,11
05/07/2017 07:00:00 PM,7,3,4
05/07/2017 08:00:00 PM,10,5,5
05/07/2017 09:00:00 PM,2,0,2
05/07/2017 10:00:00 PM,4,1,3
05/07/2017 11:00:00 PM,1,1,0
05/08/2017 12:00:00 AM,0,0,0
05/08/2017 01:00:00 AM,0,0,0
05/08/2017 02:00:00 AM,1,1,0
05/08/2017 03:00:00 AM,2,0,2
05/08/2017 04:00:00 AM,4,4,0
05/08/2017 05:00:00 AM,14,4,10
05/08/2017 06:00:00 AM,41,16,25
05/08/2017 07:00:00 AM,109,55,54
05/08/2017 08:00:00 AM,140,74,66
05/08/2017 09:00:00 AM,85,51,34
05/08/2017 10:00:00 AM,21,11,10
05/08/2017 11:00:00 AM,23,14,9
05/08/2017 12:00:00 PM,27,11,16
05/08/2017 01:00:00 PM,30,15,15
05/08/2017 02:00:00 PM,26,17,9
05/08/2017 03:00:00 PM,64,42,22
05/08/2017 04:00:00 PM,141,95,46
05/08/2017 05:00:00 PM,213,145,68
05/08/2017 06:00:00 PM,92,57,35
05/08/2017 07:00:00 PM,50,25,25
05/08/2017 08:00:00 PM,17,10,7
05/08/2017 09:00:00 PM,7,5,2
05/08/2017 10:00:00 PM,8,4,4
05/08/2017 11:00:00 PM,0,0,0
05/09/2017 12:00:00 AM,0,0,0
05/09/2017 01:00:00 AM,0,0,0
05/09/2017 02:00:00 AM,1,1,0
05/09/2017 03:00:00 AM,1,1,0
05/09/2017 04:00:00 AM,1,1,0
05/09/2017 05:00:00 AM,11,3,8
05/09/2017 06:00:00 AM,47,23,24
05/09/2017 07:00:00 AM,135,68,67
05/09/2017 08:00:00 AM,154,85,69
05/09/2017 09:00:00 AM,102,59,43
05/09/2017 10:00:00 AM,35,21,14
05/09/2017 11:00:00 AM,27,10,17
05/09/2017 12:00:00 PM,33,17,16
05/09/2017 01:00:00 PM,38,19,19
05/09/2017 02:00:00 PM,41,23,18
05/09/2017 03:00:00 PM,60,37,23
05/09/2017 04:00:00 PM,151,108,43
05/09/2017 05:00:00 PM,240,162,78
05/09/2017 06:00:00 PM,109,78,31
05/09/2017 07:00:00 PM,42,26,16
05/09/2017 08:00:00 PM,24,11,13
05/09/2017 09:00:00 PM,10,5,5
05/09/2017 10:00:00 PM,7,4,3
05/09/2017 11:00:00 PM,7,3,4
05/10/2017 12:00:00 AM,3,1,2
05/10/2017 01:00:00 AM,1,1,0
05/10/2017 02:00:00 AM,1,1,0
05/10/2017 03:00:00 AM,0,0,0
05/10/2017 04:00:00 AM,1,0,1
05/10/2017 05:00:00 AM,10,2,8
05/10/2017 06:00:00 AM,50,21,29
05/10/2017 07:00:00 AM,93,36,57
05/10/2017 08:00:00 AM,159,91,68
05/10/2017 09:00:00 AM,97,52,45
05/10/2017 10:00:00 AM,36,16,20
05/10/2017 11:00:00 AM,35,15,20
05/10/2017 12:00:00 PM,31,14,17
05/10/2017 01:00:00 PM,26,17,9
05/10/2017 02:00:00 PM,41,27,14
05/10/2017 03:00:00 PM,65,43,22
05/10/2017 04:00:00 PM,164,110,54
05/10/2017 05:00:00 PM,235,155,80
05/10/2017 06:00:00 PM,113,73,40
05/10/2017 07:00:00 PM,37,25,12
05/10/2017 08:00:00 PM,26,12,14
05/10/2017 09:00:00 PM,19,11,8
05/10/2017 10:00:00 PM,8,5,3
05/10/2017 11:00:00 PM,5,4,1
05/11/2017 12:00:00 AM,3,1,2
05/11/2017 01:00:00 AM,2,0,2
05/11/2017 02:00:00 AM,3,1,2
05/11/2017 03:00:00 AM,4,2,2
05/11/2017 04:00:00 AM,1,1,0
05/11/2017 05:00:00 AM,7,3,4
05/11/2017 06:00:00 AM,33,8,25
05/11/2017 07:00:00 AM,68,29,39
05/11/2017 08:00:00 AM,108,67,41
05/11/2017 09:00:00 AM,68,38,30
05/11/2017 10:00:00 AM,28,9,19
05/11/2017 11:00:00 AM,14,8,6
05/11/2017 12:00:00 PM,14,5,9
05/11/2017 01:00:00 PM,22,12,10
05/11/2017 02:00:00 PM,14,5,9
05/11/2017 03:00:00 PM,41,29,12
05/11/2017 04:00:00 PM,107,72,35
05/11/2017 05:00:00 PM,158,105,53
05/11/2017 06:00:00 PM,50,37,13
05/11/2017 07:00:00 PM,30,19,11
05/11/2017 08:00:00 PM,11,7,4
05/11/2017 09:00:00 PM,14,12,2
05/11/2017 10:00:00 PM,6,2,4
05/11/2017 11:00:00 PM,6,4,2
05/12/2017 12:00:00 AM,2,0,2
05/12/2017 01:00:00 AM,0,0,0
05/12/2017 02:00:00 AM,4,2,2
05/12/2017 03:00:00 AM,1,1,0
05/12/2017 04:00:00 AM,0,0,0
05/12/2017 05:00:00 AM,4,1,3
05/12/2017 06:00:00 AM,37,12,25
05/12/2017 07:00:00 AM,87,55,32
05/12/2017 08:00:00 AM,122,58,64
05/12/2017 09:00:00 AM,63,29,34
05/12/2017 10:00:00 AM,22,11,11
05/12/2017 11:00:00 AM,20,13,7
05/12/2017 12:00:00 PM,23,11,12
05/12/2017 01:00:00 PM,28,16,12
05/12/2017 02:00:00 PM,26,13,13
05/12/2017 03:00:00 PM,55,35,20
05/12/2017 04:00:00 PM,99,58,41
05/12/2017 05:00:00 PM,139,98,41
05/12/2017 06:00:00 PM,58,36,22
05/12/2017 07:00:00 PM,31,18,13
05/12/2017 08:00:00 PM,9,5,4
05/12/2017 09:00:00 PM,5,3,2
05/12/2017 10:00:00 PM,9,3,6
05/12/2017 11:00:00 PM,6,2,4
05/13/2017 12:00:00 AM,5,2,3
05/13/2017 01:00:00 AM,6,2,4
05/13/2017 02:00:00 AM,3,2,1
05/13/2017 03:00:00 AM,0,0,0
05/13/2017 04:00:00 AM,1,1,0
05/13/2017 05:00:00 AM,1,1,0
05/13/2017 06:00:00 AM,4,2,2
05/13/2017 07:00:00 AM,7,2,5
05/13/2017 08:00:00 AM,4,1,3
05/13/2017 09:00:00 AM,9,5,4
05/13/2017 10:00:00 AM,13,11,2
05/13/2017 11:00:00 AM,20,15,5
05/13/2017 12:00:00 PM,11,7,4
05/13/2017 01:00:00 PM,14,9,5
05/13/2017 02:00:00 PM,17,10,7
05/13/2017 03:00:00 PM,16,10,6
05/13/2017 04:00:00 PM,29,14,15
05/13/2017 05:00:00 PM,23,9,14
05/13/2017 06:00:00 PM,16,9,7
05/13/2017 07:00:00 PM,6,2,4
05/13/2017 08:00:00 PM,8,1,7
05/13/2017 09:00:00 PM,3,2,1
05/13/2017 10:00:00 PM,6,1,5
05/13/2017 11:00:00 PM,3,0,3
05/14/2017 12:00:00 AM,1,0,1
05/14/2017 01:00:00 AM,5,3,2
05/14/2017 02:00:00 AM,0,0,0
05/14/2017 03:00:00 AM,0,0,0
05/14/2017 04:00:00 AM,0,0,0
05/14/2017 05:00:00 AM,3,2,1
05/14/2017 06:00:00 AM,2,0,2
05/14/2017 07:00:00 AM,3,1,2
05/14/2017 08:00:00 AM,7,3,4
05/14/2017 09:00:00 AM,7,5,2
05/14/2017 10:00:00 AM,13,6,7
05/14/2017 11:00:00 AM,10,8,2
05/14/2017 12:00:00 PM,18,6,12
05/14/2017 01:00:00 PM,16,9,7
05/14/2017 02:00:00 PM,17,5,12
05/14/2017 03:00:00 PM,14,9,5
05/14/2017 04:00:00 PM,17,7,10
05/14/2017 05:00:00 PM,12,7,5
05/14/2017 06:00:00 PM,16,12,4
05/14/2017 07:00:00 PM,15,6,9
05/14/2017 08:00:00 PM,3,1,2
05/14/2017 09:00:00 PM,5,4,1
05/14/2017 10:00:00 PM,9,5,4
05/14/2017 11:00:00 PM,11,4,7
05/15/2017 12:00:00 AM,3,2,1
05/15/2017 01:00:00 AM,0,0,0
05/15/2017 02:00:00 AM,3,3,0
05/15/2017 03:00:00 AM,2,0,2
05/15/2017 04:00:00 AM,2,2,0
05/15/2017 05:00:00 AM,5,1,4
05/15/2017 06:00:00 AM,38,15,23
05/15/2017 07:00:00 AM,87,40,47
05/15/2017 08:00:00 AM,126,74,52
05/15/2017 09:00:00 AM,60,37,23
05/15/2017 10:00:00 AM,26,15,11
05/15/2017 11:00:00 AM,21,13,8
05/15/2017 12:00:00 PM,14,6,8
05/15/2017 01:00:00 PM,17,6,11
05/15/2017 02:00:00 PM,15,8,7
05/15/2017 03:00:00 PM,45,31,14
05/15/2017 04:00:00 PM,93,66,27
05/15/2017 05:00:00 PM,142,91,51
05/15/2017 06:00:00 PM,65,52,13
05/15/2017 07:00:00 PM,26,16,10
05/15/2017 08:00:00 PM,10,7,3
05/15/2017 09:00:00 PM,5,4,1
05/15/2017 10:00:00 PM,2,1,1
05/15/2017 11:00:00 PM,1,1,0
05/16/2017 12:00:00 AM,1,0,1
05/16/2017 01:00:00 AM,0,0,0
05/16/2017 02:00:00 AM,0,0,0
05/16/2017 03:00:00 AM,3,0,3
05/16/2017 04:00:00 AM,3,2,1
05/16/2017 05:00:00 AM,5,1,4
05/16/2017 06:00:00 AM,29,12,17
05/16/2017 07:00:00 AM,59,21,38
05/16/2017 08:00:00 AM,79,46,33
05/16/2017 09:00:00 AM,46,22,24
05/16/2017 10:00:00 AM,20,8,12
05/16/2017 11:00:00 AM,11,6,5
05/16/2017 12:00:00 PM,23,13,10
05/16/2017 01:00:00 PM,21,13,8
05/16/2017 02:00:00 PM,15,9,6
05/16/2017 03:00:00 PM,43,30,13
05/16/2017 04:00:00 PM,93,69,24
05/16/2017 05:00:00 PM,142,100,42
05/16/2017 06:00:00 PM,65,38,27
05/16/2017 07:00:00 PM,29,21,8
05/16/2017 08:00:00 PM,18,10,8
05/16/2017 09:00:00 PM,10,6,4
05/16/2017 10:00:00 PM,11,5,6
05/16/2017 11:00:00 PM,6,1,5
05/17/2017 12:00:00 AM,0,0,0
05/17/2017 01:00:00 AM,2,2,0
05/17/2017 02:00:00 AM,1,0,1
05/17/2017 03:00:00 AM,1,1,0
05/17/2017 04:00:00 AM,1,0,1
05/17/2017 05:00:00 AM,11,2,9
05/17/2017 06:00:00 AM,49,17,32
05/17/2017 07:00:00 AM,103,50,53
05/17/2017 08:00:00 AM,152,87,65
05/17/2017 09:00:00 AM,64,36,28
05/17/2017 10:00:00 AM,33,11,22
05/17/2017 11:00:00 AM,22,11,11
05/17/2017 12:00:00 PM,31,10,21
05/17/2017 01:00:00 PM,26,16,10
05/17/2017 02:00:00 PM,28,15,13
05/17/2017 03:00:00 PM,49,32,17
05/17/2017 04:00:00 PM,121,80,41
05/17/2017 05:00:00 PM,215,139,76
05/17/2017 06:00:00 PM,97,63,34
05/17/2017 07:00:00 PM,31,17,14
05/17/2017 08:00:00 PM,23,13,10
05/17/2017 09:00:00 PM,16,9,7
05/17/2017 10:00:00 PM,8,5,3
05/17/2017 11:00:00 PM,7,2,5
05/18/2017 12:00:00 AM,0,0,0
05/18/2017 01:00:00 AM,1,1,0
05/18/2017 02:00:00 AM,1,1,0
05/18/2017 03:00:00 AM,0,0,0
05/18/2017 04:00:00 AM,1,1,0
05/18/2017 05:00:00 AM,4,2,2
05/18/2017 06:00:00 AM,54,29,25
05/18/2017 07:00:00 AM,106,47,59
05/18/2017 08:00:00 AM,161,88,73
05/18/2017 09:00:00 AM,72,52,20
05/18/2017 10:00:00 AM,27,11,16
05/18/2017 11:00:00 AM,33,16,17
05/18/2017 12:00:00 PM,30,16,14
05/18/2017 01:00:00 PM,35,14,21
05/18/2017 02:00:00 PM,37,22,15
05/18/2017 03:00:00 PM,66,40,26
05/18/2017 04:00:00 PM,140,104,36
05/18/2017 05:00:00 PM,199,134,65
05/18/2017 06:00:00 PM,93,58,35
05/18/2017 07:00:00 PM,50,24,26
05/18/2017 08:00:00 PM,12,6,6
05/18/2017 09:00:00 PM,14,6,8
05/18/2017 10:00:00 PM,8,5,3
05/18/2017 11:00:00 PM,6,3,3
05/19/2017 12:00:00 AM,2,0,2
05/19/2017 01:00:00 AM,0,0,0
05/19/2017 02:00:00 AM,3,3,0
05/19/2017 03:00:00 AM,2,1,1
05/19/2017 04:00:00 AM,1,1,0
05/19/2017 05:00:00 AM,7,3,4
05/19/2017 06:00:00 AM,63,36,27
05/19/2017 07:00:00 AM,165,87,78
05/19/2017 08:00:00 AM,273,185,88
05/19/2017 09:00:00 AM,106,66,40
05/19/2017 10:00:00 AM,40,23,17
05/19/2017 11:00:00 AM,46,25,21
05/19/2017 12:00:00 PM,40,27,13
05/19/2017 01:00:00 PM,50,34,16
05/19/2017 02:00:00 PM,59,37,22
05/19/2017 03:00:00 PM,94,60,34
05/19/2017 04:00:00 PM,175,116,59
05/19/2017 05:00:00 PM,222,139,83
05/19/2017 06:00:00 PM,91,63,28
05/19/2017 07:00:00 PM,31,18,13
05/19/2017 08:00:00 PM,16,10,6
05/19/2017 09:00:00 PM,15,10,5
05/19/2017 10:00:00 PM,13,8,5
05/19/2017 11:00:00 PM,7,3,4
05/20/2017 12:00:00 AM,4,3,1
05/20/2017 01:00:00 AM,3,1,2
05/20/2017 02:00:00 AM,0,0,0
05/20/2017 03:00:00 AM,0,0,0
05/20/2017 04:00:00 AM,2,0,2
05/20/2017 05:00:00 AM,2,1,1
05/20/2017 06:00:00 AM,6,2,4
05/20/2017 07:00:00 AM,13,6,7
05/20/2017 08:00:00 AM,20,8,12
05/20/2017 09:00:00 AM,18,10,8
05/20/2017 10:00:00 AM,26,17,9
05/20/2017 11:00:00 AM,24,14,10
05/20/2017 12:00:00 PM,32,23,9
05/20/2017 01:00:00 PM,61,46,15
05/20/2017 02:00:00 PM,38,29,9
05/20/2017 03:00:00 PM,28,16,12
05/20/2017 04:00:00 PM,56,14,42
05/20/2017 05:00:00 PM,18,6,12
05/20/2017 06:00:00 PM,19,12,7
05/20/2017 07:00:00 PM,9,1,8
05/20/2017 08:00:00 PM,8,7,1
05/20/2017 09:00:00 PM,9,5,4
05/20/2017 10:00:00 PM,14,3,11
05/20/2017 11:00:00 PM,7,3,4
05/21/2017 12:00:00 AM,4,4,0
05/21/2017 01:00:00 AM,2,1,1
05/21/2017 02:00:00 AM,3,2,1
05/21/2017 03:00:00 AM,0,0,0
05/21/2017 04:00:00 AM,1,1,0
05/21/2017 05:00:00 AM,2,0,2
05/21/2017 06:00:00 AM,2,2,0
05/21/2017 07:00:00 AM,7,4,3
05/21/2017 08:00:00 AM,13,6,7
05/21/2017 09:00:00 AM,11,8,3
05/21/2017 10:00:00 AM,18,9,9
05/21/2017 11:00:00 AM,26,18,8
05/21/2017 12:00:00 PM,35,21,14
05/21/2017 01:00:00 PM,26,13,13
05/21/2017 02:00:00 PM,35,25,10
05/21/2017 03:00:00 PM,26,11,15
05/21/2017 04:00:00 PM,23,10,13
05/21/2017 05:00:00 PM,24,12,12
05/21/2017 06:00:00 PM,8,4,4
05/21/2017 07:00:00 PM,14,9,5
05/21/2017 08:00:00 PM,6,2,4
05/21/2017 09:00:00 PM,5,2,3
05/21/2017 10:00:00 PM,2,1,1
05/21/2017 11:00:00 PM,3,2,1
05/22/2017 12:00:00 AM,2,1,1
05/22/2017 01:00:00 AM,0,0,0
05/22/2017 02:00:00 AM,0,0,0
05/22/2017 03:00:00 AM,13,12,1
05/22/2017 04:00:00 AM,1,1,0
05/22/2017 05:00:00 AM,11,4,7
05/22/2017 06:00:00 AM,55,28,27
05/22/2017 07:00:00 AM,120,69,51
05/22/2017 08:00:00 AM,169,104,65
05/22/2017 09:00:00 AM,96,54,42
05/22/2017 10:00:00 AM,26,12,14
05/22/2017 11:00:00 AM,26,18,8
05/22/2017 12:00:00 PM,44,16,28
05/22/2017 01:00:00 PM,36,20,16
05/22/2017 02:00:00 PM,29,14,15
05/22/2017 03:00:00 PM,77,45,32
05/22/2017 04:00:00 PM,152,107,45
05/22/2017 05:00:00 PM,241,164,77
05/22/2017 06:00:00 PM,103,64,39
05/22/2017 07:00:00 PM,47,27,20
05/22/2017 08:00:00 PM,21,12,9
05/22/2017 09:00:00 PM,13,5,8
05/22/2017 10:00:00 PM,9,6,3
05/22/2017 11:00:00 PM,5,5,0
05/23/2017 12:00:00 AM,2,1,1
05/23/2017 01:00:00 AM,0,0,0
05/23/2017 02:00:00 AM,1,1,0
05/23/2017 03:00:00 AM,2,1,1
05/23/2017 04:00:00 AM,5,3,2
05/23/2017 05:00:00 AM,16,6,10
05/23/2017 06:00:00 AM,46,21,25
05/23/2017 07:00:00 AM,147,90,57
05/23/2017 08:00:00 AM,185,117,68
05/23/2017 09:00:00 AM,89,47,42
05/23/2017 10:00:00 AM,33,15,18
05/23/2017 11:00:00 AM,28,17,11
05/23/2017 12:00:00 PM,41,22,19
05/23/2017 01:00:00 PM,33,15,18
05/23/2017 02:00:00 PM,40,24,16
05/23/2017 03:00:00 PM,79,47,32
05/23/2017 04:00:00 PM,186,131,55
05/23/2017 05:00:00 PM,263,160,103
05/23/2017 06:00:00 PM,122,80,42
05/23/2017 07:00:00 PM,41,20,21
05/23/2017 08:00:00 PM,16,14,2
05/23/2017 09:00:00 PM,14,5,9
05/23/2017 10:00:00 PM,3,3,0
05/23/2017 11:00:00 PM,6,1,5
05/24/2017 12:00:00 AM,1,1,0
05/24/2017 01:00:00 AM,0,0,0
05/24/2017 02:00:00 AM,1,0,1
05/24/2017 03:00:00 AM,0,0,0
05/24/2017 04:00:00 AM,1,0,1
05/24/2017 05:00:00 AM,8,0,8
05/24/2017 06:00:00 AM,51,24,27
05/24/2017 07:00:00 AM,106,59,47
05/24/2017 08:00:00 AM,171,99,72
05/24/2017 09:00:00 AM,85,46,39
05/24/2017 10:00:00 AM,38,22,16
05/24/2017 11:00:00 AM,34,13,21
05/24/2017 12:00:00 PM,62,24,38
05/24/2017 01:00:00 PM,22,10,12
05/24/2017 02:00:00 PM,31,21,10
05/24/2017 03:00:00 PM,63,41,22
05/24/2017 04:00:00 PM,141,97,44
05/24/2017 05:00:00 PM,203,139,64
05/24/2017 06:00:00 PM,101,65,36
05/24/2017 07:00:00 PM,34,20,14
05/24/2017 08:00:00 PM,20,14,6
05/24/2017 09:00:00 PM,16,10,6
05/24/2017 10:00:00 PM,12,6,6
05/24/2017 11:00:00 PM,7,4,3
05/25/2017 12:00:00 AM,3,2,1
05/25/2017 01:00:00 AM,0,0,0
05/25/2017 02:00:00 AM,0,0,0
05/25/2017 03:00:00 AM,0,0,0
05/25/2017 04:00:00 AM,4,3,1
05/25/2017 05:00:00 AM,11,2,9
05/25/2017 06:00:00 AM,44,23,21
05/25/2017 07:00:00 AM,85,45,40
05/25/2017 08:00:00 AM,170,101,69
05/25/2017 09:00:00 AM,92,53,39
05/25/2017 10:00:00 AM,32,16,16
05/25/2017 11:00:00 AM,26,17,9
05/25/2017 12:00:00 PM,34,12,22
05/25/2017 01:00:00 PM,29,13,16
05/25/2017 02:00:00 PM,35,23,12
05/25/2017 03:00:00 PM,69,42,27
05/25/2017 04:00:00 PM,144,92,52
05/25/2017 05:00:00 PM,187,117,70
05/25/2017 06:00:00 PM,112,74,38
05/25/2017 07:00:00 PM,42,26,16
05/25/2017 08:00:00 PM,17,7,10
05/25/2017 09:00:00 PM,17,8,9
05/25/2017 10:00:00 PM,10,6,4
05/25/2017 11:00:00 PM,5,2,3
05/26/2017 12:00:00 AM,2,1,1
05/26/2017 01:00:00 AM,0,0,0
05/26/2017 02:00:00 AM,1,1,0
05/26/2017 03:00:00 AM,0,0,0
05/26/2017 04:00:00 AM,2,2,0
05/26/2017 05:00:00 AM,7,1,6
05/26/2017 06:00:00 AM,40,14,26
05/26/2017 07:00:00 AM,94,53,41
05/26/2017 08:00:00 AM,138,77,61
05/26/2017 09:00:00 AM,75,45,30
05/26/2017 10:00:00 AM,32,12,20
05/26/2017 11:00:00 AM,34,21,13
05/26/2017 12:00:00 PM,39,15,24
05/26/2017 01:00:00 PM,57,23,34
05/26/2017 02:00:00 PM,67,42,25
05/26/2017 03:00:00 PM,90,47,43
05/26/2017 04:00:00 PM,129,82,47
05/26/2017 05:00:00 PM,141,82,59
05/26/2017 06:00:00 PM,61,37,24
05/26/2017 07:00:00 PM,22,10,12
05/26/2017 08:00:00 PM,21,13,8
05/26/2017 09:00:00 PM,10,8,2
05/26/2017 10:00:00 PM,9,5,4
05/26/2017 11:00:00 PM,7,3,4
05/27/2017 12:00:00 AM,5,2,3
05/27/2017 01:00:00 AM,1,1,0
05/27/2017 02:00:00 AM,1,0,1
05/27/2017 03:00:00 AM,0,0,0
05/27/2017 04:00:00 AM,0,0,0
05/27/2017 05:00:00 AM,1,1,0
05/27/2017 06:00:00 AM,7,4,3
05/27/2017 07:00:00 AM,5,1,4
05/27/2017 08:00:00 AM,16,8,8
05/27/2017 09:00:00 AM,14,8,6
05/27/2017 10:00:00 AM,47,30,17
05/27/2017 11:00:00 AM,74,63,11
05/27/2017 12:00:00 PM,39,26,13
05/27/2017 01:00:00 PM,29,9,20
05/27/2017 02:00:00 PM,72,19,53
05/27/2017 03:00:00 PM,25,17,8
05/27/2017 04:00:00 PM,26,11,15
05/27/2017 05:00:00 PM,28,16,12
05/27/2017 06:00:00 PM,27,13,14
05/27/2017 07:00:00 PM,17,15,2
05/27/2017 08:00:00 PM,10,7,3
05/27/2017 09:00:00 PM,10,7,3
05/27/2017 10:00:00 PM,6,4,2
05/27/2017 11:00:00 PM,4,2,2
05/28/2017 12:00:00 AM,2,0,2
05/28/2017 01:00:00 AM,2,1,1
05/28/2017 02:00:00 AM,0,0,0
05/28/2017 03:00:00 AM,3,2,1
05/28/2017 04:00:00 AM,3,3,0
05/28/2017 05:00:00 AM,66,57,9
05/28/2017 06:00:00 AM,236,203,33
05/28/2017 07:00:00 AM,77,62,15
05/28/2017 08:00:00 AM,47,5,42
05/28/2017 09:00:00 AM,98,16,82
05/28/2017 10:00:00 AM,113,8,105
05/28/2017 11:00:00 AM,55,15,40
05/28/2017 12:00:00 PM,41,14,27
05/28/2017 01:00:00 PM,27,20,7
05/28/2017 02:00:00 PM,33,16,17
05/28/2017 03:00:00 PM,23,11,12
05/28/2017 04:00:00 PM,10,3,7
05/28/2017 05:00:00 PM,28,15,13
05/28/2017 06:00:00 PM,18,10,8
05/28/2017 07:00:00 PM,15,11,4
05/28/2017 08:00:00 PM,11,6,5
05/28/2017 09:00:00 PM,4,1,3
05/28/2017 10:00:00 PM,8,4,4
05/28/2017 11:00:00 PM,3,3,0
05/29/2017 12:00:00 AM,1,1,0
05/29/2017 01:00:00 AM,2,1,1
05/29/2017 02:00:00 AM,0,0,0
05/29/2017 03:00:00 AM,0,0,0
05/29/2017 04:00:00 AM,0,0,0
05/29/2017 05:00:00 AM,0,0,0
05/29/2017 06:00:00 AM,2,1,1
05/29/2017 07:00:00 AM,8,4,4
05/29/2017 08:00:00 AM,11,6,5
05/29/2017 09:00:00 AM,11,5,6
05/29/2017 10:00:00 AM,6,5,1
05/29/2017 11:00:00 AM,17,6,11
05/29/2017 12:00:00 PM,23,11,12
05/29/2017 01:00:00 PM,21,13,8
05/29/2017 02:00:00 PM,31,13,18
05/29/2017 03:00:00 PM,43,21,22
05/29/2017 04:00:00 PM,20,6,14
05/29/2017 05:00:00 PM,22,11,11
05/29/2017 06:00:00 PM,16,5,11
05/29/2017 07:00:00 PM,20,10,10
05/29/2017 08:00:00 PM,11,5,6
05/29/2017 09:00:00 PM,7,3,4
05/29/2017 10:00:00 PM,6,2,4
05/29/2017 11:00:00 PM,9,3,6
05/30/2017 12:00:00 AM,1,0,1
05/30/2017 01:00:00 AM,1,1,0
05/30/2017 02:00:00 AM,0,0,0
05/30/2017 03:00:00 AM,1,0,1
05/30/2017 04:00:00 AM,3,1,2
05/30/2017 05:00:00 AM,5,2,3
05/30/2017 06:00:00 AM,43,20,23
05/30/2017 07:00:00 AM,89,39,50
05/30/2017 08:00:00 AM,126,73,53
05/30/2017 09:00:00 AM,68,39,29
05/30/2017 10:00:00 AM,27,10,17
05/30/2017 11:00:00 AM,19,9,10
05/30/2017 12:00:00 PM,26,11,15
05/30/2017 01:00:00 PM,32,17,15
05/30/2017 02:00:00 PM,27,11,16
05/30/2017 03:00:00 PM,43,28,15
05/30/2017 04:00:00 PM,111,79,32
05/30/2017 05:00:00 PM,179,121,58
05/30/2017 06:00:00 PM,89,53,36
05/30/2017 07:00:00 PM,34,18,16
05/30/2017 08:00:00 PM,11,8,3
05/30/2017 09:00:00 PM,8,3,5
05/30/2017 10:00:00 PM,8,5,3
05/30/2017 11:00:00 PM,3,3,0
05/31/2017 12:00:00 AM,2,1,1
05/31/2017 01:00:00 AM,0,0,0
05/31/2017 02:00:00 AM,0,0,0
05/31/2017 03:00:00 AM,0,0,0
05/31/2017 04:00:00 AM,1,1,0
05/31/2017 05:00:00 AM,8,2,6
05/31/2017 06:00:00 AM,53,24,29
05/31/2017 07:00:00 AM,103,50,53
05/31/2017 08:00:00 AM,152,85,67
05/31/2017 09:00:00 AM,90,45,45
05/31/2017 10:00:00 AM,35,15,20
05/31/2017 11:00:00 AM,26,11,15
05/31/2017 12:00:00 PM,23,12,11
05/31/2017 01:00:00 PM,26,10,16
05/31/2017 02:00:00 PM,38,17,21
05/31/2017 03:00:00 PM,72,48,24
05/31/2017 04:00:00 PM,149,114,35
05/31/2017 05:00:00 PM,187,120,67
05/31/2017 06:00:00 PM,121,79,42
05/31/2017 07:00:00 PM,52,29,23
05/31/2017 08:00:00 PM,24,16,8
05/31/2017 09:00:00 PM,7,4,3
05/31/2017 10:00:00 PM,11,5,6
05/31/2017 11:00:00 PM,4,2,2
06/01/2017 12:00:00 AM,3,1,2
06/01/2017 01:00:00 AM,0,0,0
06/01/2017 02:00:00 AM,0,0,0
06/01/2017 03:00:00 AM,0,0,0
06/01/2017 04:00:00 AM,0,0,0
06/01/2017 05:00:00 AM,11,7,4
06/01/2017 06:00:00 AM,45,28,17
06/01/2017 07:00:00 AM,90,48,42
06/01/2017 08:00:00 AM,122,51,71
06/01/2017 09:00:00 AM,65,32,33
06/01/2017 10:00:00 AM,36,10,26
06/01/2017 11:00:00 AM,29,18,11
06/01/2017 12:00:00 PM,41,20,21
06/01/2017 01:00:00 PM,24,9,15
06/01/2017 02:00:00 PM,23,7,16
06/01/2017 03:00:00 PM,65,26,39
06/01/2017 04:00:00 PM,105,30,75
06/01/2017 05:00:00 PM,175,57,118
06/01/2017 06:00:00 PM,91,31,60
06/01/2017 07:00:00 PM,36,17,19
06/01/2017 08:00:00 PM,31,13,18
06/01/2017 09:00:00 PM,25,16,9
06/01/2017 10:00:00 PM,8,4,4
06/01/2017 11:00:00 PM,6,2,4
06/02/2017 12:00:00 AM,1,1,0
06/02/2017 01:00:00 AM,2,1,1
06/02/2017 02:00:00 AM,0,0,0
06/02/2017 03:00:00 AM,1,0,1
06/02/2017 04:00:00 AM,1,1,0
06/02/2017 05:00:00 AM,7,3,4
06/02/2017 06:00:00 AM,34,20,14
06/02/2017 07:00:00 AM,81,42,39
06/02/2017 08:00:00 AM,119,51,68
06/02/2017 09:00:00 AM,76,39,37
06/02/2017 10:00:00 AM,25,10,15
06/02/2017 11:00:00 AM,28,17,11
06/02/2017 12:00:00 PM,28,14,14
06/02/2017 01:00:00 PM,40,20,20
06/02/2017 02:00:00 PM,32,13,19
06/02/2017 03:00:00 PM,68,24,44
06/02/2017 04:00:00 PM,136,45,91
06/02/2017 05:00:00 PM,164,60,104
06/02/2017 06:00:00 PM,91,25,66
06/02/2017 07:00:00 PM,46,22,24
06/02/2017 08:00:00 PM,19,7,12
06/02/2017 09:00:00 PM,12,7,5
06/02/2017 10:00:00 PM,8,6,2
06/02/2017 11:00:00 PM,7,3,4
06/03/2017 12:00:00 AM,2,2,0
06/03/2017 01:00:00 AM,3,2,1
06/03/2017 02:00:00 AM,9,6,3
06/03/2017 03:00:00 AM,1,1,0
06/03/2017 04:00:00 AM,0,0,0
06/03/2017 05:00:00 AM,5,2,3
06/03/2017 06:00:00 AM,3,2,1
06/03/2017 07:00:00 AM,6,5,1
06/03/2017 08:00:00 AM,11,2,9
06/03/2017 09:00:00 AM,13,5,8
06/03/2017 10:00:00 AM,21,8,13
06/03/2017 11:00:00 AM,26,13,13
06/03/2017 12:00:00 PM,19,8,11
06/03/2017 01:00:00 PM,27,13,14
06/03/2017 02:00:00 PM,24,11,13
06/03/2017 03:00:00 PM,27,14,13
06/03/2017 04:00:00 PM,30,8,22
06/03/2017 05:00:00 PM,19,8,11
06/03/2017 06:00:00 PM,19,8,11
06/03/2017 07:00:00 PM,16,6,10
06/03/2017 08:00:00 PM,9,6,3
06/03/2017 09:00:00 PM,9,6,3
06/03/2017 10:00:00 PM,5,2,3
06/03/2017 11:00:00 PM,6,5,1
06/04/2017 12:00:00 AM,7,3,4
06/04/2017 01:00:00 AM,2,1,1
06/04/2017 02:00:00 AM,6,3,3
06/04/2017 03:00:00 AM,3,2,1
06/04/2017 04:00:00 AM,0,0,0
06/04/2017 05:00:00 AM,0,0,0
06/04/2017 06:00:00 AM,2,0,2
06/04/2017 07:00:00 AM,10,7,3
06/04/2017 08:00:00 AM,12,4,8
06/04/2017 09:00:00 AM,23,11,12
06/04/2017 10:00:00 AM,13,7,6
06/04/2017 11:00:00 AM,18,11,7
06/04/2017 12:00:00 PM,32,18,14
06/04/2017 01:00:00 PM,37,19,18
06/04/2017 02:00:00 PM,25,10,15
06/04/2017 03:00:00 PM,35,22,13
06/04/2017 04:00:00 PM,31,16,15
06/04/2017 05:00:00 PM,23,11,12
06/04/2017 06:00:00 PM,31,13,18
06/04/2017 07:00:00 PM,16,10,6
06/04/2017 08:00:00 PM,8,8,0
06/04/2017 09:00:00 PM,22,15,7
06/04/2017 10:00:00 PM,8,5,3
06/04/2017 11:00:00 PM,2,2,0
06/05/2017 12:00:00 AM,2,1,1
06/05/2017 01:00:00 AM,0,0,0
06/05/2017 02:00:00 AM,0,0,0
06/05/2017 03:00:00 AM,1,0,1
06/05/2017 04:00:00 AM,3,1,2
06/05/2017 05:00:00 AM,15,11,4
06/05/2017 06:00:00 AM,48,28,20
06/05/2017 07:00:00 AM,90,44,46
06/05/2017 08:00:00 AM,160,75,85
06/05/2017 09:00:00 AM,100,48,52
06/05/2017 10:00:00 AM,27,12,15
06/05/2017 11:00:00 AM,21,11,10
06/05/2017 12:00:00 PM,36,22,14
06/05/2017 01:00:00 PM,37,18,19
06/05/2017 02:00:00 PM,28,13,15
06/05/2017 03:00:00 PM,52,13,39
06/05/2017 04:00:00 PM,150,53,97
06/05/2017 05:00:00 PM,215,58,157
06/05/2017 06:00:00 PM,125,42,83
06/05/2017 07:00:00 PM,45,16,29
06/05/2017 08:00:00 PM,21,7,14
06/05/2017 09:00:00 PM,8,5,3
06/05/2017 10:00:00 PM,9,4,5
06/05/2017 11:00:00 PM,5,1,4
06/06/2017 12:00:00 AM,4,1,3
06/06/2017 01:00:00 AM,0,0,0
06/06/2017 02:00:00 AM,2,1,1
06/06/2017 03:00:00 AM,4,3,1
06/06/2017 04:00:00 AM,2,0,2
06/06/2017 05:00:00 AM,20,12,8
06/06/2017 06:00:00 AM,57,29,28
06/06/2017 07:00:00 AM,114,63,51
06/06/2017 08:00:00 AM,169,71,98
06/06/2017 09:00:00 AM,108,44,64
06/06/2017 10:00:00 AM,40,16,24
06/06/2017 11:00:00 AM,25,10,15
06/06/2017 12:00:00 PM,37,17,20
06/06/2017 01:00:00 PM,29,14,15
06/06/2017 02:00:00 PM,45,23,22
06/06/2017 03:00:00 PM,71,33,38
06/06/2017 04:00:00 PM,152,47,105
06/06/2017 05:00:00 PM,244,61,183
06/06/2017 06:00:00 PM,139,51,88
06/06/2017 07:00:00 PM,54,16,38
06/06/2017 08:00:00 PM,28,12,16
06/06/2017 09:00:00 PM,8,2,6
06/06/2017 10:00:00 PM,22,17,5
06/06/2017 11:00:00 PM,6,4,2
06/07/2017 12:00:00 AM,1,1,0
06/07/2017 01:00:00 AM,2,2,0
06/07/2017 02:00:00 AM,3,2,1
06/07/2017 03:00:00 AM,0,0,0
06/07/2017 04:00:00 AM,1,1,0
06/07/2017 05:00:00 AM,16,12,4
06/07/2017 06:00:00 AM,51,28,23
06/07/2017 07:00:00 AM,96,59,37
06/07/2017 08:00:00 AM,187,84,103
06/07/2017 09:00:00 AM,98,35,63
06/07/2017 10:00:00 AM,69,19,50
06/07/2017 11:00:00 AM,28,12,16
06/07/2017 12:00:00 PM,38,21,17
06/07/2017 01:00:00 PM,37,22,15
06/07/2017 02:00:00 PM,32,13,19
06/07/2017 03:00:00 PM,63,17,46
06/07/2017 04:00:00 PM,154,42,112
06/07/2017 05:00:00 PM,259,84,175
06/07/2017 06:00:00 PM,134,47,87
06/07/2017 07:00:00 PM,41,19,22
06/07/2017 08:00:00 PM,24,11,13
06/07/2017 09:00:00 PM,12,5,7
06/07/2017 10:00:00 PM,22,16,6
06/07/2017 11:00:00 PM,8,6,2
06/08/2017 12:00:00 AM,2,1,1
06/08/2017 01:00:00 AM,0,0,0
06/08/2017 02:00:00 AM,0,0,0
06/08/2017 03:00:00 AM,0,0,0
06/08/2017 04:00:00 AM,1,0,1
06/08/2017 05:00:00 AM,9,8,1
06/08/2017 06:00:00 AM,29,17,12
06/08/2017 07:00:00 AM,60,31,29
06/08/2017 08:00:00 AM,65,19,46
06/08/2017 09:00:00 AM,40,14,26
06/08/2017 10:00:00 AM,19,11,8
06/08/2017 11:00:00 AM,12,8,4
06/08/2017 12:00:00 PM,16,13,3
06/08/2017 01:00:00 PM,19,10,9
06/08/2017 02:00:00 PM,16,8,8
06/08/2017 03:00:00 PM,45,14,31
06/08/2017 04:00:00 PM,75,19,56
06/08/2017 05:00:00 PM,125,36,89
06/08/2017 06:00:00 PM,69,26,43
06/08/2017 07:00:00 PM,29,11,18
06/08/2017 08:00:00 PM,15,7,8
06/08/2017 09:00:00 PM,17,6,11
06/08/2017 10:00:00 PM,15,11,4
06/08/2017 11:00:00 PM,5,3,2
06/09/2017 12:00:00 AM,4,2,2
06/09/2017 01:00:00 AM,0,0,0
06/09/2017 02:00:00 AM,0,0,0
06/09/2017 03:00:00 AM,1,0,1
06/09/2017 04:00:00 AM,2,1,1
06/09/2017 05:00:00 AM,9,6,3
06/09/2017 06:00:00 AM,39,27,12
06/09/2017 07:00:00 AM,78,41,37
06/09/2017 08:00:00 AM,110,44,66
06/09/2017 09:00:00 AM,66,29,37
06/09/2017 10:00:00 AM,23,10,13
06/09/2017 11:00:00 AM,36,23,13
06/09/2017 12:00:00 PM,29,9,20
06/09/2017 01:00:00 PM,31,16,15
06/09/2017 02:00:00 PM,36,16,20
06/09/2017 03:00:00 PM,58,16,42
06/09/2017 04:00:00 PM,122,43,79
06/09/2017 05:00:00 PM,146,52,94
06/09/2017 06:00:00 PM,80,25,55
06/09/2017 07:00:00 PM,33,15,18
06/09/2017 08:00:00 PM,17,8,9
06/09/2017 09:00:00 PM,9,5,4
06/09/2017 10:00:00 PM,14,9,5
06/09/2017 11:00:00 PM,9,4,5
06/10/2017 12:00:00 AM,2,1,1
06/10/2017 01:00:00 AM,2,0,2
06/10/2017 02:00:00 AM,3,0,3
06/10/2017 03:00:00 AM,0,0,0
06/10/2017 04:00:00 AM,0,0,0
06/10/2017 05:00:00 AM,0,0,0
06/10/2017 06:00:00 AM,3,3,0
06/10/2017 07:00:00 AM,9,4,5
06/10/2017 08:00:00 AM,16,8,8
06/10/2017 09:00:00 AM,12,3,9
06/10/2017 10:00:00 AM,16,4,12
06/10/2017 11:00:00 AM,33,21,12
06/10/2017 12:00:00 PM,29,19,10
06/10/2017 01:00:00 PM,45,31,14
06/10/2017 02:00:00 PM,30,13,17
06/10/2017 03:00:00 PM,34,14,20
06/10/2017 04:00:00 PM,47,25,22
06/10/2017 05:00:00 PM,30,14,16
06/10/2017 06:00:00 PM,30,12,18
06/10/2017 07:00:00 PM,20,8,12
06/10/2017 08:00:00 PM,11,6,5
06/10/2017 09:00:00 PM,6,4,2
06/10/2017 10:00:00 PM,17,9,8
06/10/2017 11:00:00 PM,9,6,3
06/11/2017 12:00:00 AM,2,2,0
06/11/2017 01:00:00 AM,1,1,0
06/11/2017 02:00:00 AM,1,1,0
06/11/2017 03:00:00 AM,0,0,0
06/11/2017 04:00:00 AM,0,0,0
06/11/2017 05:00:00 AM,1,1,0
06/11/2017 06:00:00 AM,4,1,3
06/11/2017 07:00:00 AM,7,3,4
06/11/2017 08:00:00 AM,11,7,4
06/11/2017 09:00:00 AM,18,3,15
06/11/2017 10:00:00 AM,25,11,14
06/11/2017 11:00:00 AM,18,7,11
06/11/2017 12:00:00 PM,29,12,17
06/11/2017 01:00:00 PM,25,9,16
06/11/2017 02:00:00 PM,20,12,8
06/11/2017 03:00:00 PM,41,28,13
06/11/2017 04:00:00 PM,33,16,17
06/11/2017 05:00:00 PM,20,14,6
06/11/2017 06:00:00 PM,22,13,9
06/11/2017 07:00:00 PM,11,7,4
06/11/2017 08:00:00 PM,8,6,2
06/11/2017 09:00:00 PM,7,6,1
06/11/2017 10:00:00 PM,5,2,3
06/11/2017 11:00:00 PM,3,1,2
06/12/2017 12:00:00 AM,4,2,2
06/12/2017 01:00:00 AM,1,1,0
06/12/2017 02:00:00 AM,1,0,1
06/12/2017 03:00:00 AM,0,0,0
06/12/2017 04:00:00 AM,0,0,0
06/12/2017 05:00:00 AM,14,8,6
06/12/2017 06:00:00 AM,31,16,15
06/12/2017 07:00:00 AM,102,45,57
06/12/2017 08:00:00 AM,140,66,74
06/12/2017 09:00:00 AM,87,47,40
06/12/2017 10:00:00 AM,31,20,11
06/12/2017 11:00:00 AM,28,16,12
06/12/2017 12:00:00 PM,39,20,19
06/12/2017 01:00:00 PM,17,9,8
06/12/2017 02:00:00 PM,30,12,18
06/12/2017 03:00:00 PM,50,12,38
06/12/2017 04:00:00 PM,128,33,95
06/12/2017 05:00:00 PM,188,64,124
06/12/2017 06:00:00 PM,101,36,65
06/12/2017 07:00:00 PM,27,13,14
06/12/2017 08:00:00 PM,17,9,8
06/12/2017 09:00:00 PM,8,4,4
06/12/2017 10:00:00 PM,1,0,1
06/12/2017 11:00:00 PM,3,0,3
06/13/2017 12:00:00 AM,1,0,1
06/13/2017 01:00:00 AM,1,1,0
06/13/2017 02:00:00 AM,0,0,0
06/13/2017 03:00:00 AM,0,0,0
06/13/2017 04:00:00 AM,3,1,2
06/13/2017 05:00:00 AM,15,12,3
06/13/2017 06:00:00 AM,31,17,14
06/13/2017 07:00:00 AM,92,47,45
06/13/2017 08:00:00 AM,116,50,66
06/13/2017 09:00:00 AM,70,34,36
06/13/2017 10:00:00 AM,27,14,13
06/13/2017 11:00:00 AM,25,15,10
06/13/2017 12:00:00 PM,31,18,13
06/13/2017 01:00:00 PM,32,12,20
06/13/2017 02:00:00 PM,34,11,23
06/13/2017 03:00:00 PM,47,18,29
06/13/2017 04:00:00 PM,134,50,84
06/13/2017 05:00:00 PM,172,52,120
06/13/2017 06:00:00 PM,76,29,47
06/13/2017 07:00:00 PM,39,18,21
06/13/2017 08:00:00 PM,12,6,6
06/13/2017 09:00:00 PM,8,5,3
06/13/2017 10:00:00 PM,7,2,5
06/13/2017 11:00:00 PM,2,0,2
06/14/2017 12:00:00 AM,1,1,0
06/14/2017 01:00:00 AM,5,4,1
06/14/2017 02:00:00 AM,1,0,1
06/14/2017 03:00:00 AM,1,1,0
06/14/2017 04:00:00 AM,2,1,1
06/14/2017 05:00:00 AM,14,11,3
06/14/2017 06:00:00 AM,44,28,16
06/14/2017 07:00:00 AM,124,61,63
06/14/2017 08:00:00 AM,140,64,76
06/14/2017 09:00:00 AM,78,41,37
06/14/2017 10:00:00 AM,37,21,16
06/14/2017 11:00:00 AM,22,10,12
06/14/2017 12:00:00 PM,22,13,9
06/14/2017 01:00:00 PM,28,14,14
06/14/2017 02:00:00 PM,42,21,21
06/14/2017 03:00:00 PM,68,19,49
06/14/2017 04:00:00 PM,150,41,109
06/14/2017 05:00:00 PM,183,62,121
06/14/2017 06:00:00 PM,115,48,67
06/14/2017 07:00:00 PM,42,14,28
06/14/2017 08:00:00 PM,24,7,17
06/14/2017 09:00:00 PM,22,8,14
06/14/2017 10:00:00 PM,8,7,1
06/14/2017 11:00:00 PM,1,0,1
06/15/2017 12:00:00 AM,3,0,3
06/15/2017 01:00:00 AM,3,2,1
06/15/2017 02:00:00 AM,0,0,0
06/15/2017 03:00:00 AM,1,0,1
06/15/2017 04:00:00 AM,1,0,1
06/15/2017 05:00:00 AM,7,5,2
06/15/2017 06:00:00 AM,29,18,11
06/15/2017 07:00:00 AM,57,36,21
06/15/2017 08:00:00 AM,73,36,37
06/15/2017 09:00:00 AM,48,21,27
06/15/2017 10:00:00 AM,16,10,6
06/15/2017 11:00:00 AM,12,5,7
06/15/2017 12:00:00 PM,9,6,3
06/15/2017 01:00:00 PM,19,8,11
06/15/2017 02:00:00 PM,24,15,9
06/15/2017 03:00:00 PM,38,16,22
06/15/2017 04:00:00 PM,77,24,53
06/15/2017 05:00:00 PM,99,33,66
06/15/2017 06:00:00 PM,60,14,46
06/15/2017 07:00:00 PM,17,6,11
06/15/2017 08:00:00 PM,5,1,4
06/15/2017 09:00:00 PM,5,1,4
06/15/2017 10:00:00 PM,3,1,2
06/15/2017 11:00:00 PM,1,1,0
06/16/2017 12:00:00 AM,0,0,0
06/16/2017 01:00:00 AM,2,1,1
06/16/2017 02:00:00 AM,0,0,0
06/16/2017 03:00:00 AM,1,1,0
06/16/2017 04:00:00 AM,0,0,0
06/16/2017 05:00:00 AM,6,6,0
06/16/2017 06:00:00 AM,34,21,13
06/16/2017 07:00:00 AM,70,33,37
06/16/2017 08:00:00 AM,99,43,56
06/16/2017 09:00:00 AM,66,28,38
06/16/2017 10:00:00 AM,24,10,14
06/16/2017 11:00:00 AM,37,25,12
06/16/2017 12:00:00 PM,27,8,19
06/16/2017 01:00:00 PM,44,25,19
06/16/2017 02:00:00 PM,41,18,23
06/16/2017 03:00:00 PM,68,14,54
06/16/2017 04:00:00 PM,116,37,79
06/16/2017 05:00:00 PM,161,52,109
06/16/2017 06:00:00 PM,66,31,35
06/16/2017 07:00:00 PM,28,14,14
06/16/2017 08:00:00 PM,15,4,11
06/16/2017 09:00:00 PM,10,5,5
06/16/2017 10:00:00 PM,7,1,6
06/16/2017 11:00:00 PM,5,3,2
06/17/2017 12:00:00 AM,0,0,0
06/17/2017 01:00:00 AM,3,2,1
06/17/2017 02:00:00 AM,0,0,0
06/17/2017 03:00:00 AM,1,1,0
06/17/2017 04:00:00 AM,1,0,1
06/17/2017 05:00:00 AM,0,0,0
06/17/2017 06:00:00 AM,2,2,0
06/17/2017 07:00:00 AM,9,6,3
06/17/2017 08:00:00 AM,36,10,26
06/17/2017 09:00:00 AM,12,0,12
06/17/2017 10:00:00 AM,23,15,8
06/17/2017 11:00:00 AM,45,31,14
06/17/2017 12:00:00 PM,28,16,12
06/17/2017 01:00:00 PM,50,41,9
06/17/2017 02:00:00 PM,33,10,23
06/17/2017 03:00:00 PM,20,7,13
06/17/2017 04:00:00 PM,32,15,17
06/17/2017 05:00:00 PM,23,9,14
06/17/2017 06:00:00 PM,21,11,10
06/17/2017 07:00:00 PM,12,4,8
06/17/2017 08:00:00 PM,10,5,5
06/17/2017 09:00:00 PM,7,3,4
06/17/2017 10:00:00 PM,6,5,1
06/17/2017 11:00:00 PM,2,2,0
06/18/2017 12:00:00 AM,4,1,3
06/18/2017 01:00:00 AM,0,0,0
06/18/2017 02:00:00 AM,1,1,0
06/18/2017 03:00:00 AM,1,0,1
06/18/2017 04:00:00 AM,0,0,0
06/18/2017 05:00:00 AM,2,1,1
06/18/2017 06:00:00 AM,3,0,3
06/18/2017 07:00:00 AM,7,5,2
06/18/2017 08:00:00 AM,17,6,11
06/18/2017 09:00:00 AM,13,5,8
06/18/2017 10:00:00 AM,16,6,10
06/18/2017 11:00:00 AM,22,13,9
06/18/2017 12:00:00 PM,22,15,7
06/18/2017 01:00:00 PM,19,8,11
06/18/2017 02:00:00 PM,24,10,14
06/18/2017 03:00:00 PM,15,5,10
06/18/2017 04:00:00 PM,9,4,5
06/18/2017 05:00:00 PM,19,10,9
06/18/2017 06:00:00 PM,22,9,13
06/18/2017 07:00:00 PM,18,9,9
06/18/2017 08:00:00 PM,7,2,5
06/18/2017 09:00:00 PM,12,6,6
06/18/2017 10:00:00 PM,7,6,1
06/18/2017 11:00:00 PM,2,0,2
06/19/2017 12:00:00 AM,0,0,0
06/19/2017 01:00:00 AM,0,0,0
06/19/2017 02:00:00 AM,0,0,0
06/19/2017 03:00:00 AM,1,0,1
06/19/2017 04:00:00 AM,1,0,1
06/19/2017 05:00:00 AM,15,11,4
06/19/2017 06:00:00 AM,35,17,18
06/19/2017 07:00:00 AM,89,43,46
06/19/2017 08:00:00 AM,128,68,60
06/19/2017 09:00:00 AM,80,36,44
06/19/2017 10:00:00 AM,24,14,10
06/19/2017 11:00:00 AM,26,15,11
06/19/2017 12:00:00 PM,23,11,12
06/19/2017 01:00:00 PM,32,19,13
06/19/2017 02:00:00 PM,24,8,16
06/19/2017 03:00:00 PM,57,17,40
06/19/2017 04:00:00 PM,135,35,100
06/19/2017 05:00:00 PM,220,68,152
06/19/2017 06:00:00 PM,102,32,70
06/19/2017 07:00:00 PM,34,11,23
06/19/2017 08:00:00 PM,11,5,6
06/19/2017 09:00:00 PM,6,3,3
06/19/2017 10:00:00 PM,8,5,3
06/19/2017 11:00:00 PM,6,3,3
06/20/2017 12:00:00 AM,2,2,0
06/20/2017 01:00:00 AM,2,2,0
06/20/2017 02:00:00 AM,0,0,0
06/20/2017 03:00:00 AM,0,0,0
06/20/2017 04:00:00 AM,3,0,3
06/20/2017 05:00:00 AM,11,9,2
06/20/2017 06:00:00 AM,51,29,22
06/20/2017 07:00:00 AM,89,52,37
06/20/2017 08:00:00 AM,103,42,61
06/20/2017 09:00:00 AM,78,30,48
06/20/2017 10:00:00 AM,26,11,15
06/20/2017 11:00:00 AM,27,16,11
06/20/2017 12:00:00 PM,27,15,12
06/20/2017 01:00:00 PM,21,8,13
06/20/2017 02:00:00 PM,34,11,23
06/20/2017 03:00:00 PM,57,14,43
06/20/2017 04:00:00 PM,131,50,81
06/20/2017 05:00:00 PM,175,48,127
06/20/2017 06:00:00 PM,83,35,48
06/20/2017 07:00:00 PM,39,15,24
06/20/2017 08:00:00 PM,9,2,7
06/20/2017 09:00:00 PM,8,2,6
06/20/2017 10:00:00 PM,9,2,7
06/20/2017 11:00:00 PM,4,1,3
06/21/2017 12:00:00 AM,0,0,0
06/21/2017 01:00:00 AM,0,0,0
06/21/2017 02:00:00 AM,0,0,0
06/21/2017 03:00:00 AM,1,0,1
06/21/2017 04:00:00 AM,1,0,1
06/21/2017 05:00:00 AM,13,11,2
06/21/2017 06:00:00 AM,49,29,20
06/21/2017 07:00:00 AM,92,43,49
06/21/2017 08:00:00 AM,131,67,64
06/21/2017 09:00:00 AM,93,39,54
06/21/2017 10:00:00 AM,48,26,22
06/21/2017 11:00:00 AM,26,13,13
06/21/2017 12:00:00 PM,34,13,21
06/21/2017 01:00:00 PM,31,15,16
06/21/2017 02:00:00 PM,38,15,23
06/21/2017 03:00:00 PM,81,17,64
06/21/2017 04:00:00 PM,149,44,105
06/21/2017 05:00:00 PM,236,68,168
06/21/2017 06:00:00 PM,123,36,87
06/21/2017 07:00:00 PM,60,16,44
06/21/2017 08:00:00 PM,13,8,5
06/21/2017 09:00:00 PM,34,25,9
06/21/2017 10:00:00 PM,15,11,4
06/21/2017 11:00:00 PM,5,2,3
06/22/2017 12:00:00 AM,2,1,1
06/22/2017 01:00:00 AM,0,0,0
06/22/2017 02:00:00 AM,0,0,0
06/22/2017 03:00:00 AM,1,1,0
06/22/2017 04:00:00 AM,1,0,1
06/22/2017 05:00:00 AM,11,8,3
06/22/2017 06:00:00 AM,50,29,21
06/22/2017 07:00:00 AM,107,48,59
06/22/2017 08:00:00 AM,148,58,90
06/22/2017 09:00:00 AM,95,42,53
06/22/2017 10:00:00 AM,26,11,15
06/22/2017 11:00:00 AM,26,12,14
06/22/2017 12:00:00 PM,52,29,23
06/22/2017 01:00:00 PM,38,17,21
06/22/2017 02:00:00 PM,39,15,24
06/22/2017 03:00:00 PM,74,24,50
06/22/2017 04:00:00 PM,147,44,103
06/22/2017 05:00:00 PM,191,67,124
06/22/2017 06:00:00 PM,103,34,69
06/22/2017 07:00:00 PM,53,23,30
06/22/2017 08:00:00 PM,32,18,14
06/22/2017 09:00:00 PM,10,3,7
06/22/2017 10:00:00 PM,17,12,5
06/22/2017 11:00:00 PM,3,3,0
06/23/2017 12:00:00 AM,1,0,1
06/23/2017 01:00:00 AM,2,2,0
06/23/2017 02:00:00 AM,1,0,1
06/23/2017 03:00:00 AM,0,0,0
06/23/2017 04:00:00 AM,2,0,2
06/23/2017 05:00:00 AM,13,9,4
06/23/2017 06:00:00 AM,33,21,12
06/23/2017 07:00:00 AM,92,43,49
06/23/2017 08:00:00 AM,108,42,66
06/23/2017 09:00:00 AM,66,34,32
06/23/2017 10:00:00 AM,34,18,16
06/23/2017 11:00:00 AM,37,18,19
06/23/2017 12:00:00 PM,35,16,19
06/23/2017 01:00:00 PM,36,14,22
06/23/2017 02:00:00 PM,48,12,36
06/23/2017 03:00:00 PM,99,43,56
06/23/2017 04:00:00 PM,130,44,86
06/23/2017 05:00:00 PM,169,57,112
06/23/2017 06:00:00 PM,69,11,58
06/23/2017 07:00:00 PM,48,21,27
06/23/2017 08:00:00 PM,12,8,4
06/23/2017 09:00:00 PM,14,7,7
06/23/2017 10:00:00 PM,8,2,6
06/23/2017 11:00:00 PM,6,3,3
06/24/2017 12:00:00 AM,4,3,1
06/24/2017 01:00:00 AM,3,1,2
06/24/2017 02:00:00 AM,2,2,0
06/24/2017 03:00:00 AM,2,1,1
06/24/2017 04:00:00 AM,0,0,0
06/24/2017 05:00:00 AM,0,0,0
06/24/2017 06:00:00 AM,6,3,3
06/24/2017 07:00:00 AM,11,3,8
06/24/2017 08:00:00 AM,16,3,13
06/24/2017 09:00:00 AM,26,7,19
06/24/2017 10:00:00 AM,44,11,33
06/24/2017 11:00:00 AM,32,11,21
06/24/2017 12:00:00 PM,38,16,22
06/24/2017 01:00:00 PM,31,19,12
06/24/2017 02:00:00 PM,38,15,23
06/24/2017 03:00:00 PM,24,11,13
06/24/2017 04:00:00 PM,35,15,20
06/24/2017 05:00:00 PM,23,10,13
06/24/2017 06:00:00 PM,21,8,13
06/24/2017 07:00:00 PM,16,8,8
06/24/2017 08:00:00 PM,8,4,4
06/24/2017 09:00:00 PM,6,4,2
06/24/2017 10:00:00 PM,10,7,3
06/24/2017 11:00:00 PM,9,6,3
06/25/2017 12:00:00 AM,3,2,1
06/25/2017 01:00:00 AM,3,2,1
06/25/2017 02:00:00 AM,2,2,0
06/25/2017 03:00:00 AM,0,0,0
06/25/2017 04:00:00 AM,1,1,0
06/25/2017 05:00:00 AM,1,1,0
06/25/2017 06:00:00 AM,2,0,2
06/25/2017 07:00:00 AM,9,4,5
06/25/2017 08:00:00 AM,11,6,5
06/25/2017 09:00:00 AM,12,4,8
06/25/2017 10:00:00 AM,19,10,9
06/25/2017 11:00:00 AM,21,13,8
06/25/2017 12:00:00 PM,20,14,6
06/25/2017 01:00:00 PM,36,21,15
06/25/2017 02:00:00 PM,28,13,15
06/25/2017 03:00:00 PM,10,5,5
06/25/2017 04:00:00 PM,21,10,11
06/25/2017 05:00:00 PM,39,23,16
06/25/2017 06:00:00 PM,22,14,8
06/25/2017 07:00:00 PM,9,4,5
06/25/2017 08:00:00 PM,12,7,5
06/25/2017 09:00:00 PM,11,8,3
06/25/2017 10:00:00 PM,17,13,4
06/25/2017 11:00:00 PM,5,2,3
06/26/2017 12:00:00 AM,2,0,2
06/26/2017 01:00:00 AM,0,0,0
06/26/2017 02:00:00 AM,1,1,0
06/26/2017 03:00:00 AM,0,0,0
06/26/2017 04:00:00 AM,2,1,1
06/26/2017 05:00:00 AM,14,11,3
06/26/2017 06:00:00 AM,49,27,22
06/26/2017 07:00:00 AM,96,39,57
06/26/2017 08:00:00 AM,140,63,77
06/26/2017 09:00:00 AM,85,31,54
06/26/2017 10:00:00 AM,19,8,11
06/26/2017 11:00:00 AM,30,18,12
06/26/2017 12:00:00 PM,26,13,13
06/26/2017 01:00:00 PM,28,11,17
06/26/2017 02:00:00 PM,41,19,22
06/26/2017 03:00:00 PM,67,23,44
06/26/2017 04:00:00 PM,144,38,106
06/26/2017 05:00:00 PM,195,67,128
06/26/2017 06:00:00 PM,89,32,57
06/26/2017 07:00:00 PM,31,16,15
06/26/2017 08:00:00 PM,16,7,9
06/26/2017 09:00:00 PM,8,2,6
06/26/2017 10:00:00 PM,3,1,2
06/26/2017 11:00:00 PM,5,3,2
06/27/2017 12:00:00 AM,1,1,0
06/27/2017 01:00:00 AM,0,0,0
06/27/2017 02:00:00 AM,0,0,0
06/27/2017 03:00:00 AM,1,0,1
06/27/2017 04:00:00 AM,1,0,1
06/27/2017 05:00:00 AM,10,8,2
06/27/2017 06:00:00 AM,45,26,19
06/27/2017 07:00:00 AM,107,48,59
06/27/2017 08:00:00 AM,152,66,86
06/27/2017 09:00:00 AM,89,45,44
06/27/2017 10:00:00 AM,26,12,14
06/27/2017 11:00:00 AM,40,23,17
06/27/2017 12:00:00 PM,23,12,11
06/27/2017 01:00:00 PM,24,6,18
06/27/2017 02:00:00 PM,35,13,22
06/27/2017 03:00:00 PM,72,17,55
06/27/2017 04:00:00 PM,129,35,94
06/27/2017 05:00:00 PM,223,67,156
06/27/2017 06:00:00 PM,125,44,81
06/27/2017 07:00:00 PM,56,12,44
06/27/2017 08:00:00 PM,30,19,11
06/27/2017 09:00:00 PM,13,6,7
06/27/2017 10:00:00 PM,12,9,3
06/27/2017 11:00:00 PM,5,5,0
06/28/2017 12:00:00 AM,2,0,2
06/28/2017 01:00:00 AM,3,2,1
06/28/2017 02:00:00 AM,1,0,1
06/28/2017 03:00:00 AM,0,0,0
06/28/2017 04:00:00 AM,3,2,1
06/28/2017 05:00:00 AM,15,10,5
06/28/2017 06:00:00 AM,42,23,19
06/28/2017 07:00:00 AM,86,39,47
06/28/2017 08:00:00 AM,124,50,74
06/28/2017 09:00:00 AM,88,40,48
06/28/2017 10:00:00 AM,41,22,19
06/28/2017 11:00:00 AM,31,16,15
06/28/2017 12:00:00 PM,62,24,38
06/28/2017 01:00:00 PM,33,17,16
06/28/2017 02:00:00 PM,37,17,20
06/28/2017 03:00:00 PM,77,30,47
06/28/2017 04:00:00 PM,132,42,90
06/28/2017 05:00:00 PM,211,62,149
06/28/2017 06:00:00 PM,139,49,90
06/28/2017 07:00:00 PM,33,16,17
06/28/2017 08:00:00 PM,26,12,14
06/28/2017 09:00:00 PM,9,6,3
06/28/2017 10:00:00 PM,6,3,3
06/28/2017 11:00:00 PM,5,4,1
06/29/2017 12:00:00 AM,0,0,0
06/29/2017 01:00:00 AM,1,0,1
06/29/2017 02:00:00 AM,4,2,2
06/29/2017 03:00:00 AM,1,0,1
06/29/2017 04:00:00 AM,2,1,1
06/29/2017 05:00:00 AM,11,6,5
06/29/2017 06:00:00 AM,35,20,15
06/29/2017 07:00:00 AM,92,40,52
06/29/2017 08:00:00 AM,123,57,66
06/29/2017 09:00:00 AM,80,36,44
06/29/2017 10:00:00 AM,35,16,19
06/29/2017 11:00:00 AM,41,22,19
06/29/2017 12:00:00 PM,39,19,20
06/29/2017 01:00:00 PM,35,17,18
06/29/2017 02:00:00 PM,47,19,28
06/29/2017 03:00:00 PM,67,19,48
06/29/2017 04:00:00 PM,156,47,109
06/29/2017 05:00:00 PM,198,78,120
06/29/2017 06:00:00 PM,96,28,68
06/29/2017 07:00:00 PM,43,17,26
06/29/2017 08:00:00 PM,21,10,11
06/29/2017 09:00:00 PM,14,6,8
06/29/2017 10:00:00 PM,5,1,4
06/29/2017 11:00:00 PM,8,2,6
06/30/2017 12:00:00 AM,2,1,1
06/30/2017 01:00:00 AM,0,0,0
06/30/2017 02:00:00 AM,1,0,1
06/30/2017 03:00:00 AM,0,0,0
06/30/2017 04:00:00 AM,1,1,0
06/30/2017 05:00:00 AM,12,6,6
06/30/2017 06:00:00 AM,28,18,10
06/30/2017 07:00:00 AM,76,43,33
06/30/2017 08:00:00 AM,130,54,76
06/30/2017 09:00:00 AM,75,32,43
06/30/2017 10:00:00 AM,32,21,11
06/30/2017 11:00:00 AM,44,22,22
06/30/2017 12:00:00 PM,42,19,23
06/30/2017 01:00:00 PM,52,21,31
06/30/2017 02:00:00 PM,60,29,31
06/30/2017 03:00:00 PM,91,32,59
06/30/2017 04:00:00 PM,116,32,84
06/30/2017 05:00:00 PM,147,58,89
06/30/2017 06:00:00 PM,74,30,44
06/30/2017 07:00:00 PM,35,14,21
06/30/2017 08:00:00 PM,15,6,9
06/30/2017 09:00:00 PM,17,9,8
06/30/2017 10:00:00 PM,4,2,2
06/30/2017 11:00:00 PM,3,1,2
07/01/2017 12:00:00 AM,5,4,1
07/01/2017 01:00:00 AM,7,3,4
07/01/2017 02:00:00 AM,3,2,1
07/01/2017 03:00:00 AM,0,0,0
07/01/2017 04:00:00 AM,0,0,0
07/01/2017 05:00:00 AM,1,1,0
07/01/2017 06:00:00 AM,8,5,3
07/01/2017 07:00:00 AM,11,9,2
07/01/2017 08:00:00 AM,17,4,13
07/01/2017 09:00:00 AM,15,10,5
07/01/2017 10:00:00 AM,18,5,13
07/01/2017 11:00:00 AM,17,7,10
07/01/2017 12:00:00 PM,27,15,12
07/01/2017 01:00:00 PM,39,19,20
07/01/2017 02:00:00 PM,20,11,9
07/01/2017 03:00:00 PM,32,15,17
07/01/2017 04:00:00 PM,40,25,15
07/01/2017 05:00:00 PM,27,15,12
07/01/2017 06:00:00 PM,18,7,11
07/01/2017 07:00:00 PM,13,7,6
07/01/2017 08:00:00 PM,13,9,4
07/01/2017 09:00:00 PM,11,6,5
07/01/2017 10:00:00 PM,6,3,3
07/01/2017 11:00:00 PM,6,2,4
07/02/2017 12:00:00 AM,4,3,1
07/02/2017 01:00:00 AM,1,1,0
07/02/2017 02:00:00 AM,0,0,0
07/02/2017 03:00:00 AM,0,0,0
07/02/2017 04:00:00 AM,1,1,0
07/02/2017 05:00:00 AM,1,0,1
07/02/2017 06:00:00 AM,1,1,0
07/02/2017 07:00:00 AM,5,3,2
07/02/2017 08:00:00 AM,6,1,5
07/02/2017 09:00:00 AM,10,2,8
07/02/2017 10:00:00 AM,17,8,9
07/02/2017 11:00:00 AM,24,11,13
07/02/2017 12:00:00 PM,20,14,6
07/02/2017 01:00:00 PM,17,10,7
07/02/2017 02:00:00 PM,22,11,11
07/02/2017 03:00:00 PM,27,12,15
07/02/2017 04:00:00 PM,25,11,14
07/02/2017 05:00:00 PM,20,11,9
07/02/2017 06:00:00 PM,19,12,7
07/02/2017 07:00:00 PM,17,7,10
07/02/2017 08:00:00 PM,8,2,6
07/02/2017 09:00:00 PM,8,6,2
07/02/2017 10:00:00 PM,7,4,3
07/02/2017 11:00:00 PM,7,4,3
07/03/2017 12:00:00 AM,4,4,0
07/03/2017 01:00:00 AM,2,1,1
07/03/2017 02:00:00 AM,0,0,0
07/03/2017 03:00:00 AM,1,0,1
07/03/2017 04:00:00 AM,0,0,0
07/03/2017 05:00:00 AM,6,6,0
07/03/2017 06:00:00 AM,10,5,5
07/03/2017 07:00:00 AM,39,22,17
07/03/2017 08:00:00 AM,65,25,40
07/03/2017 09:00:00 AM,42,16,26
07/03/2017 10:00:00 AM,31,11,20
07/03/2017 11:00:00 AM,17,11,6
07/03/2017 12:00:00 PM,27,9,18
07/03/2017 01:00:00 PM,31,11,20
07/03/2017 02:00:00 PM,49,18,31
07/03/2017 03:00:00 PM,53,17,36
07/03/2017 04:00:00 PM,65,19,46
07/03/2017 05:00:00 PM,76,29,47
07/03/2017 06:00:00 PM,48,18,30
07/03/2017 07:00:00 PM,17,5,12
07/03/2017 08:00:00 PM,28,16,12
07/03/2017 09:00:00 PM,7,2,5
07/03/2017 10:00:00 PM,16,10,6
07/03/2017 11:00:00 PM,5,3,2
07/04/2017 12:00:00 AM,7,1,6
07/04/2017 01:00:00 AM,1,0,1
07/04/2017 02:00:00 AM,0,0,0
07/04/2017 03:00:00 AM,0,0,0
07/04/2017 04:00:00 AM,1,1,0
07/04/2017 05:00:00 AM,1,0,1
07/04/2017 06:00:00 AM,7,5,2
07/04/2017 07:00:00 AM,4,2,2
07/04/2017 08:00:00 AM,14,6,8
07/04/2017 09:00:00 AM,11,5,6
07/04/2017 10:00:00 AM,28,12,16
07/04/2017 11:00:00 AM,16,5,11
07/04/2017 12:00:00 PM,24,8,16
07/04/2017 01:00:00 PM,35,12,23
07/04/2017 02:00:00 PM,39,11,28
07/04/2017 03:00:00 PM,32,14,18
07/04/2017 04:00:00 PM,18,7,11
07/04/2017 05:00:00 PM,10,5,5
07/04/2017 06:00:00 PM,18,11,7
07/04/2017 07:00:00 PM,18,13,5
07/04/2017 08:00:00 PM,16,10,6
07/04/2017 09:00:00 PM,6,4,2
07/04/2017 10:00:00 PM,7,4,3
07/04/2017 11:00:00 PM,13,1,12
07/05/2017 12:00:00 AM,7,2,5
07/05/2017 01:00:00 AM,1,0,1
07/05/2017 02:00:00 AM,0,0,0
07/05/2017 03:00:00 AM,2,1,1
07/05/2017 04:00:00 AM,2,1,1
07/05/2017 05:00:00 AM,14,10,4
07/05/2017 06:00:00 AM,26,13,13
07/05/2017 07:00:00 AM,76,40,36
07/05/2017 08:00:00 AM,124,52,72
07/05/2017 09:00:00 AM,69,26,43
07/05/2017 10:00:00 AM,26,14,12
07/05/2017 11:00:00 AM,28,11,17
07/05/2017 12:00:00 PM,33,13,20
07/05/2017 01:00:00 PM,33,19,14
07/05/2017 02:00:00 PM,38,18,20
07/05/2017 03:00:00 PM,47,18,29
07/05/2017 04:00:00 PM,127,44,83
07/05/2017 05:00:00 PM,167,58,109
07/05/2017 06:00:00 PM,105,40,65
07/05/2017 07:00:00 PM,29,16,13
07/05/2017 08:00:00 PM,20,9,11
07/05/2017 09:00:00 PM,10,7,3
07/05/2017 10:00:00 PM,9,7,2
07/05/2017 11:00:00 PM,6,5,1
07/06/2017 12:00:00 AM,3,2,1
07/06/2017 01:00:00 AM,0,0,0
07/06/2017 02:00:00 AM,1,1,0
07/06/2017 03:00:00 AM,0,0,0
07/06/2017 04:00:00 AM,1,0,1
07/06/2017 05:00:00 AM,10,6,4
07/06/2017 06:00:00 AM,40,25,15
07/06/2017 07:00:00 AM,88,47,41
07/06/2017 08:00:00 AM,151,69,82
07/06/2017 09:00:00 AM,81,35,46
07/06/2017 10:00:00 AM,29,13,16
07/06/2017 11:00:00 AM,38,20,18
07/06/2017 12:00:00 PM,24,9,15
07/06/2017 01:00:00 PM,38,16,22
07/06/2017 02:00:00 PM,40,19,21
07/06/2017 03:00:00 PM,79,24,55
07/06/2017 04:00:00 PM,137,44,93
07/06/2017 05:00:00 PM,205,66,139
07/06/2017 06:00:00 PM,134,47,87
07/06/2017 07:00:00 PM,51,22,29
07/06/2017 08:00:00 PM,21,11,10
07/06/2017 09:00:00 PM,14,4,10
07/06/2017 10:00:00 PM,15,9,6
07/06/2017 11:00:00 PM,2,1,1
07/07/2017 12:00:00 AM,6,1,5
07/07/2017 01:00:00 AM,3,2,1
07/07/2017 02:00:00 AM,2,0,2
07/07/2017 03:00:00 AM,0,0,0
07/07/2017 04:00:00 AM,2,1,1
07/07/2017 05:00:00 AM,8,4,4
07/07/2017 06:00:00 AM,41,22,19
07/07/2017 07:00:00 AM,75,48,27
07/07/2017 08:00:00 AM,123,43,80
07/07/2017 09:00:00 AM,80,42,38
07/07/2017 10:00:00 AM,23,13,10
07/07/2017 11:00:00 AM,37,12,25
07/07/2017 12:00:00 PM,40,21,19
07/07/2017 01:00:00 PM,43,21,22
07/07/2017 02:00:00 PM,37,14,23
07/07/2017 03:00:00 PM,75,28,47
07/07/2017 04:00:00 PM,129,42,87
07/07/2017 05:00:00 PM,159,52,107
07/07/2017 06:00:00 PM,113,44,69
07/07/2017 07:00:00 PM,35,17,18
07/07/2017 08:00:00 PM,28,13,15
07/07/2017 09:00:00 PM,13,9,4
07/07/2017 10:00:00 PM,11,10,1
07/07/2017 11:00:00 PM,5,5,0
07/08/2017 12:00:00 AM,1,0,1
07/08/2017 01:00:00 AM,2,1,1
07/08/2017 02:00:00 AM,1,0,1
07/08/2017 03:00:00 AM,0,0,0
07/08/2017 04:00:00 AM,0,0,0
07/08/2017 05:00:00 AM,0,0,0
07/08/2017 06:00:00 AM,1,1,0
07/08/2017 07:00:00 AM,20,9,11
07/08/2017 08:00:00 AM,10,5,5
07/08/2017 09:00:00 AM,14,5,9
07/08/2017 10:00:00 AM,27,3,24
07/08/2017 11:00:00 AM,43,6,37
07/08/2017 12:00:00 PM,33,11,22
07/08/2017 01:00:00 PM,33,15,18
07/08/2017 02:00:00 PM,45,30,15
07/08/2017 03:00:00 PM,48,31,17
07/08/2017 04:00:00 PM,44,28,16
07/08/2017 05:00:00 PM,29,17,12
07/08/2017 06:00:00 PM,25,12,13
07/08/2017 07:00:00 PM,15,9,6
07/08/2017 08:00:00 PM,24,15,9
07/08/2017 09:00:00 PM,14,5,9
07/08/2017 10:00:00 PM,6,4,2
07/08/2017 11:00:00 PM,6,2,4
07/09/2017 12:00:00 AM,2,1,1
07/09/2017 01:00:00 AM,0,0,0
07/09/2017 02:00:00 AM,0,0,0
07/09/2017 03:00:00 AM,1,0,1
07/09/2017 04:00:00 AM,0,0,0
07/09/2017 05:00:00 AM,0,0,0
07/09/2017 06:00:00 AM,3,0,3
07/09/2017 07:00:00 AM,7,4,3
07/09/2017 08:00:00 AM,10,7,3
07/09/2017 09:00:00 AM,18,6,12
07/09/2017 10:00:00 AM,12,4,8
07/09/2017 11:00:00 AM,25,8,17
07/09/2017 12:00:00 PM,27,9,18
07/09/2017 01:00:00 PM,31,15,16
07/09/2017 02:00:00 PM,25,10,15
07/09/2017 03:00:00 PM,22,6,16
07/09/2017 04:00:00 PM,33,23,10
07/09/2017 05:00:00 PM,25,15,10
07/09/2017 06:00:00 PM,18,10,8
07/09/2017 07:00:00 PM,16,12,4
07/09/2017 08:00:00 PM,8,4,4
07/09/2017 09:00:00 PM,8,8,0
07/09/2017 10:00:00 PM,6,2,4
07/09/2017 11:00:00 PM,3,3,0
07/10/2017 12:00:00 AM,3,1,2
07/10/2017 01:00:00 AM,0,0,0
07/10/2017 02:00:00 AM,0,0,0
07/10/2017 03:00:00 AM,2,0,2
07/10/2017 04:00:00 AM,2,0,2
07/10/2017 05:00:00 AM,9,6,3
07/10/2017 06:00:00 AM,44,31,13
07/10/2017 07:00:00 AM,91,41,50
07/10/2017 08:00:00 AM,149,66,83
07/10/2017 09:00:00 AM,90,51,39
07/10/2017 10:00:00 AM,25,12,13
07/10/2017 11:00:00 AM,44,20,24
07/10/2017 12:00:00 PM,16,13,3
07/10/2017 01:00:00 PM,34,16,18
07/10/2017 02:00:00 PM,31,11,20
07/10/2017 03:00:00 PM,51,18,33
07/10/2017 04:00:00 PM,156,55,101
07/10/2017 05:00:00 PM,225,69,156
07/10/2017 06:00:00 PM,102,37,65
07/10/2017 07:00:00 PM,38,16,22
07/10/2017 08:00:00 PM,25,14,11
07/10/2017 09:00:00 PM,11,4,7
07/10/2017 10:00:00 PM,2,0,2
07/10/2017 11:00:00 PM,3,3,0
07/11/2017 12:00:00 AM,2,1,1
07/11/2017 01:00:00 AM,2,2,0
07/11/2017 02:00:00 AM,0,0,0
07/11/2017 03:00:00 AM,2,1,1
07/11/2017 04:00:00 AM,2,1,1
07/11/2017 05:00:00 AM,12,10,2
07/11/2017 06:00:00 AM,40,19,21
07/11/2017 07:00:00 AM,103,66,37
07/11/2017 08:00:00 AM,168,68,100
07/11/2017 09:00:00 AM,88,36,52
07/11/2017 10:00:00 AM,19,8,11
07/11/2017 11:00:00 AM,29,11,18
07/11/2017 12:00:00 PM,44,25,19
07/11/2017 01:00:00 PM,27,15,12
07/11/2017 02:00:00 PM,47,24,23
07/11/2017 03:00:00 PM,75,29,46
07/11/2017 04:00:00 PM,151,39,112
07/11/2017 05:00:00 PM,226,72,154
07/11/2017 06:00:00 PM,109,36,73
07/11/2017 07:00:00 PM,52,17,35
07/11/2017 08:00:00 PM,26,11,15
07/11/2017 09:00:00 PM,10,3,7
07/11/2017 10:00:00 PM,15,6,9
07/11/2017 11:00:00 PM,2,0,2
07/12/2017 12:00:00 AM,4,2,2
07/12/2017 01:00:00 AM,2,2,0
07/12/2017 02:00:00 AM,0,0,0
07/12/2017 03:00:00 AM,1,0,1
07/12/2017 04:00:00 AM,1,0,1
07/12/2017 05:00:00 AM,13,7,6
07/12/2017 06:00:00 AM,49,26,23
07/12/2017 07:00:00 AM,96,51,45
07/12/2017 08:00:00 AM,176,78,98
07/12/2017 09:00:00 AM,91,44,47
07/12/2017 10:00:00 AM,35,20,15
07/12/2017 11:00:00 AM,33,12,21
07/12/2017 12:00:00 PM,36,16,20
07/12/2017 01:00:00 PM,44,19,25
07/12/2017 02:00:00 PM,43,21,22
07/12/2017 03:00:00 PM,82,35,47
07/12/2017 04:00:00 PM,182,48,134
07/12/2017 05:00:00 PM,214,67,147
07/12/2017 06:00:00 PM,122,38,84
07/12/2017 07:00:00 PM,59,15,44
07/12/2017 08:00:00 PM,30,11,19
07/12/2017 09:00:00 PM,12,5,7
07/12/2017 10:00:00 PM,11,8,3
07/12/2017 11:00:00 PM,5,2,3
07/13/2017 12:00:00 AM,1,1,0
07/13/2017 01:00:00 AM,1,0,1
07/13/2017 02:00:00 AM,0,0,0
07/13/2017 03:00:00 AM,0,0,0
07/13/2017 04:00:00 AM,1,1,0
07/13/2017 05:00:00 AM,10,6,4
07/13/2017 06:00:00 AM,41,21,20
07/13/2017 07:00:00 AM,98,48,50
07/13/2017 08:00:00 AM,153,70,83
07/13/2017 09:00:00 AM,70,27,43
07/13/2017 10:00:00 AM,45,17,28
07/13/2017 11:00:00 AM,32,17,15
07/13/2017 12:00:00 PM,51,26,25
07/13/2017 01:00:00 PM,43,22,21
07/13/2017 02:00:00 PM,30,12,18
07/13/2017 03:00:00 PM,71,16,55
07/13/2017 04:00:00 PM,133,46,87
07/13/2017 05:00:00 PM,170,56,114
07/13/2017 06:00:00 PM,115,34,81
07/13/2017 07:00:00 PM,47,19,28
07/13/2017 08:00:00 PM,31,9,22
07/13/2017 09:00:00 PM,17,9,8
07/13/2017 10:00:00 PM,10,6,4
07/13/2017 11:00:00 PM,5,1,4
07/14/2017 12:00:00 AM,2,2,0
07/14/2017 01:00:00 AM,0,0,0
07/14/2017 02:00:00 AM,0,0,0
07/14/2017 03:00:00 AM,1,0,1
07/14/2017 04:00:00 AM,2,1,1
07/14/2017 05:00:00 AM,10,7,3
07/14/2017 06:00:00 AM,36,22,14
07/14/2017 07:00:00 AM,91,40,51
07/14/2017 08:00:00 AM,125,63,62
07/14/2017 09:00:00 AM,80,36,44
07/14/2017 10:00:00 AM,30,14,16
07/14/2017 11:00:00 AM,38,18,20
07/14/2017 12:00:00 PM,46,21,25
07/14/2017 01:00:00 PM,42,14,28
07/14/2017 02:00:00 PM,50,21,29
07/14/2017 03:00:00 PM,79,23,56
07/14/2017 04:00:00 PM,151,55,96
07/14/2017 05:00:00 PM,144,47,97
07/14/2017 06:00:00 PM,92,28,64
07/14/2017 07:00:00 PM,29,13,16
07/14/2017 08:00:00 PM,17,8,9
07/14/2017 09:00:00 PM,10,6,4
07/14/2017 10:00:00 PM,13,6,7
07/14/2017 11:00:00 PM,3,3,0
07/15/2017 12:00:00 AM,3,1,2
07/15/2017 01:00:00 AM,2,2,0
07/15/2017 02:00:00 AM,2,2,0
07/15/2017 03:00:00 AM,1,0,1
07/15/2017 04:00:00 AM,0,0,0
07/15/2017 05:00:00 AM,0,0,0
07/15/2017 06:00:00 AM,3,1,2
07/15/2017 07:00:00 AM,19,9,10
07/15/2017 08:00:00 AM,26,6,20
07/15/2017 09:00:00 AM,18,11,7
07/15/2017 10:00:00 AM,13,4,9
07/15/2017 11:00:00 AM,29,4,25
07/15/2017 12:00:00 PM,36,19,17
07/15/2017 01:00:00 PM,32,17,15
07/15/2017 02:00:00 PM,23,11,12
07/15/2017 03:00:00 PM,40,17,23
07/15/2017 04:00:00 PM,51,31,20
07/15/2017 05:00:00 PM,31,21,10
07/15/2017 06:00:00 PM,16,6,10
07/15/2017 07:00:00 PM,19,13,6
07/15/2017 08:00:00 PM,10,3,7
07/15/2017 09:00:00 PM,4,2,2
07/15/2017 10:00:00 PM,5,0,5
07/15/2017 11:00:00 PM,6,1,5
07/16/2017 12:00:00 AM,2,1,1
07/16/2017 01:00:00 AM,3,2,1
07/16/2017 02:00:00 AM,6,5,1
07/16/2017 03:00:00 AM,0,0,0
07/16/2017 04:00:00 AM,2,1,1
07/16/2017 05:00:00 AM,0,0,0
07/16/2017 06:00:00 AM,2,0,2
07/16/2017 07:00:00 AM,4,3,1
07/16/2017 08:00:00 AM,7,4,3
07/16/2017 09:00:00 AM,11,5,6
07/16/2017 10:00:00 AM,15,7,8
07/16/2017 11:00:00 AM,30,11,19
07/16/2017 12:00:00 PM,27,6,21
07/16/2017 01:00:00 PM,25,9,16
07/16/2017 02:00:00 PM,22,17,5
07/16/2017 03:00:00 PM,25,14,11
07/16/2017 04:00:00 PM,30,12,18
07/16/2017 05:00:00 PM,16,9,7
07/16/2017 06:00:00 PM,22,12,10
07/16/2017 07:00:00 PM,17,10,7
07/16/2017 08:00:00 PM,8,5,3
07/16/2017 09:00:00 PM,9,4,5
07/16/2017 10:00:00 PM,5,3,2
07/16/2017 11:00:00 PM,0,0,0
07/17/2017 12:00:00 AM,6,3,3
07/17/2017 01:00:00 AM,1,1,0
07/17/2017 02:00:00 AM,0,0,0
07/17/2017 03:00:00 AM,2,1,1
07/17/2017 04:00:00 AM,1,0,1
07/17/2017 05:00:00 AM,12,10,2
07/17/2017 06:00:00 AM,37,21,16
07/17/2017 07:00:00 AM,104,54,50
07/17/2017 08:00:00 AM,138,61,77
07/17/2017 09:00:00 AM,89,42,47
07/17/2017 10:00:00 AM,32,16,16
07/17/2017 11:00:00 AM,38,19,19
07/17/2017 12:00:00 PM,39,21,18
07/17/2017 01:00:00 PM,42,21,21
07/17/2017 02:00:00 PM,18,10,8
07/17/2017 03:00:00 PM,61,18,43
07/17/2017 04:00:00 PM,152,45,107
07/17/2017 05:00:00 PM,221,67,154
07/17/2017 06:00:00 PM,119,44,75
07/17/2017 07:00:00 PM,40,17,23
07/17/2017 08:00:00 PM,21,12,9
07/17/2017 09:00:00 PM,12,2,10
07/17/2017 10:00:00 PM,9,3,6
07/17/2017 11:00:00 PM,5,1,4
07/18/2017 12:00:00 AM,2,1,1
07/18/2017 01:00:00 AM,0,0,0
07/18/2017 02:00:00 AM,4,0,4
07/18/2017 03:00:00 AM,1,0,1
07/18/2017 04:00:00 AM,3,3,0
07/18/2017 05:00:00 AM,16,13,3
07/18/2017 06:00:00 AM,43,24,19
07/18/2017 07:00:00 AM,112,57,55
07/18/2017 08:00:00 AM,148,60,88
07/18/2017 09:00:00 AM,103,38,65
07/18/2017 10:00:00 AM,39,23,16
07/18/2017 11:00:00 AM,32,15,17
07/18/2017 12:00:00 PM,31,18,13
07/18/2017 01:00:00 PM,34,15,19
07/18/2017 02:00:00 PM,38,22,16
07/18/2017 03:00:00 PM,70,15,55
07/18/2017 04:00:00 PM,164,44,120
07/18/2017 05:00:00 PM,248,82,166
07/18/2017 06:00:00 PM,139,46,93
07/18/2017 07:00:00 PM,45,18,27
07/18/2017 08:00:00 PM,35,19,16
07/18/2017 09:00:00 PM,19,12,7
07/18/2017 10:00:00 PM,12,6,6
07/18/2017 11:00:00 PM,4,1,3
07/19/2017 12:00:00 AM,4,2,2
07/19/2017 01:00:00 AM,0,0,0
07/19/2017 02:00:00 AM,2,2,0
07/19/2017 03:00:00 AM,0,0,0
07/19/2017 04:00:00 AM,1,0,1
07/19/2017 05:00:00 AM,18,11,7
07/19/2017 06:00:00 AM,36,25,11
07/19/2017 07:00:00 AM,95,46,49
07/19/2017 08:00:00 AM,138,68,70
07/19/2017 09:00:00 AM,95,47,48
07/19/2017 10:00:00 AM,34,18,16
07/19/2017 11:00:00 AM,27,12,15
07/19/2017 12:00:00 PM,47,23,24
07/19/2017 01:00:00 PM,23,10,13
07/19/2017 02:00:00 PM,41,16,25
07/19/2017 03:00:00 PM,67,18,49
07/19/2017 04:00:00 PM,161,46,115
07/19/2017 05:00:00 PM,237,73,164
07/19/2017 06:00:00 PM,157,47,110
07/19/2017 07:00:00 PM,69,14,55
07/19/2017 08:00:00 PM,22,14,8
07/19/2017 09:00:00 PM,37,28,9
07/19/2017 10:00:00 PM,19,16,3
07/19/2017 11:00:00 PM,7,4,3
07/20/2017 12:00:00 AM,1,0,1
07/20/2017 01:00:00 AM,0,0,0
07/20/2017 02:00:00 AM,2,1,1
07/20/2017 03:00:00 AM,1,1,0
07/20/2017 04:00:00 AM,2,0,2
07/20/2017 05:00:00 AM,7,5,2
07/20/2017 06:00:00 AM,36,20,16
07/20/2017 07:00:00 AM,105,58,47
07/20/2017 08:00:00 AM,133,64,69
07/20/2017 09:00:00 AM,79,38,41
07/20/2017 10:00:00 AM,36,15,21
07/20/2017 11:00:00 AM,30,16,14
07/20/2017 12:00:00 PM,42,19,23
07/20/2017 01:00:00 PM,35,22,13
07/20/2017 02:00:00 PM,33,13,20
07/20/2017 03:00:00 PM,54,21,33
07/20/2017 04:00:00 PM,129,31,98
07/20/2017 05:00:00 PM,217,72,145
07/20/2017 06:00:00 PM,108,30,78
07/20/2017 07:00:00 PM,43,16,27
07/20/2017 08:00:00 PM,45,22,23
07/20/2017 09:00:00 PM,17,10,7
07/20/2017 10:00:00 PM,17,7,10
07/20/2017 11:00:00 PM,13,9,4
07/21/2017 12:00:00 AM,4,3,1
07/21/2017 01:00:00 AM,0,0,0
07/21/2017 02:00:00 AM,0,0,0
07/21/2017 03:00:00 AM,0,0,0
07/21/2017 04:00:00 AM,2,1,1
07/21/2017 05:00:00 AM,7,5,2
07/21/2017 06:00:00 AM,37,21,16
07/21/2017 07:00:00 AM,76,32,44
07/21/2017 08:00:00 AM,111,54,57
07/21/2017 09:00:00 AM,95,43,52
07/21/2017 10:00:00 AM,30,14,16
07/21/2017 11:00:00 AM,79,66,13
07/21/2017 12:00:00 PM,42,18,24
07/21/2017 01:00:00 PM,47,29,18
07/21/2017 02:00:00 PM,51,18,33
07/21/2017 03:00:00 PM,74,27,47
07/21/2017 04:00:00 PM,143,52,91
07/21/2017 05:00:00 PM,144,55,89
07/21/2017 06:00:00 PM,81,19,62
07/21/2017 07:00:00 PM,39,12,27
07/21/2017 08:00:00 PM,26,7,19
07/21/2017 09:00:00 PM,14,5,9
07/21/2017 10:00:00 PM,13,8,5
07/21/2017 11:00:00 PM,3,2,1
07/22/2017 12:00:00 AM,5,2,3
07/22/2017 01:00:00 AM,4,1,3
07/22/2017 02:00:00 AM,4,3,1
07/22/2017 03:00:00 AM,0,0,0
07/22/2017 04:00:00 AM,0,0,0
07/22/2017 05:00:00 AM,2,2,0
07/22/2017 06:00:00 AM,6,3,3
07/22/2017 07:00:00 AM,17,9,8
07/22/2017 08:00:00 AM,21,9,12
07/22/2017 09:00:00 AM,12,6,6
07/22/2017 10:00:00 AM,14,5,9
07/22/2017 11:00:00 AM,22,8,14
07/22/2017 12:00:00 PM,30,8,22
07/22/2017 01:00:00 PM,36,22,14
07/22/2017 02:00:00 PM,41,15,26
07/22/2017 03:00:00 PM,34,17,17
07/22/2017 04:00:00 PM,33,12,21
07/22/2017 05:00:00 PM,27,8,19
07/22/2017 06:00:00 PM,24,12,12
07/22/2017 07:00:00 PM,15,9,6
07/22/2017 08:00:00 PM,17,11,6
07/22/2017 09:00:00 PM,16,9,7
07/22/2017 10:00:00 PM,12,10,2
07/22/2017 11:00:00 PM,5,3,2
07/23/2017 12:00:00 AM,12,9,3
07/23/2017 01:00:00 AM,1,1,0
07/23/2017 02:00:00 AM,6,3,3
07/23/2017 03:00:00 AM,2,1,1
07/23/2017 04:00:00 AM,5,3,2
07/23/2017 05:00:00 AM,1,1,0
07/23/2017 06:00:00 AM,2,1,1
07/23/2017 07:00:00 AM,7,5,2
07/23/2017 08:00:00 AM,11,6,5
07/23/2017 09:00:00 AM,11,3,8
07/23/2017 10:00:00 AM,19,9,10
07/23/2017 11:00:00 AM,24,9,15
07/23/2017 12:00:00 PM,25,6,19
07/23/2017 01:00:00 PM,35,13,22
07/23/2017 02:00:00 PM,35,20,15
07/23/2017 03:00:00 PM,26,10,16
07/23/2017 04:00:00 PM,42,17,25
07/23/2017 05:00:00 PM,28,16,12
07/23/2017 06:00:00 PM,27,4,23
07/23/2017 07:00:00 PM,31,12,19
07/23/2017 08:00:00 PM,8,6,2
07/23/2017 09:00:00 PM,25,22,3
07/23/2017 10:00:00 PM,8,7,1
07/23/2017 11:00:00 PM,6,3,3
07/24/2017 12:00:00 AM,3,3,0
07/24/2017 01:00:00 AM,0,0,0
07/24/2017 02:00:00 AM,0,0,0
07/24/2017 03:00:00 AM,0,0,0
07/24/2017 04:00:00 AM,3,2,1
07/24/2017 05:00:00 AM,12,8,4
07/24/2017 06:00:00 AM,53,33,20
07/24/2017 07:00:00 AM,112,53,59
07/24/2017 08:00:00 AM,121,58,63
07/24/2017 09:00:00 AM,98,54,44
07/24/2017 10:00:00 AM,45,22,23
07/24/2017 11:00:00 AM,28,17,11
07/24/2017 12:00:00 PM,53,22,31
07/24/2017 01:00:00 PM,22,9,13
07/24/2017 02:00:00 PM,32,16,16
07/24/2017 03:00:00 PM,64,23,41
07/24/2017 04:00:00 PM,187,54,133
07/24/2017 05:00:00 PM,221,57,164
07/24/2017 06:00:00 PM,115,30,85
07/24/2017 07:00:00 PM,44,17,27
07/24/2017 08:00:00 PM,20,11,9
07/24/2017 09:00:00 PM,8,4,4
07/24/2017 10:00:00 PM,13,10,3
07/24/2017 11:00:00 PM,6,3,3
07/25/2017 12:00:00 AM,2,1,1
07/25/2017 01:00:00 AM,1,0,1
07/25/2017 02:00:00 AM,1,1,0
07/25/2017 03:00:00 AM,1,0,1
07/25/2017 04:00:00 AM,1,0,1
07/25/2017 05:00:00 AM,15,11,4
07/25/2017 06:00:00 AM,47,25,22
07/25/2017 07:00:00 AM,117,66,51
07/25/2017 08:00:00 AM,165,67,98
07/25/2017 09:00:00 AM,99,48,51
07/25/2017 10:00:00 AM,25,14,11
07/25/2017 11:00:00 AM,38,15,23
07/25/2017 12:00:00 PM,22,7,15
07/25/2017 01:00:00 PM,34,16,18
07/25/2017 02:00:00 PM,38,16,22
07/25/2017 03:00:00 PM,79,23,56
07/25/2017 04:00:00 PM,195,61,134
07/25/2017 05:00:00 PM,232,71,161
07/25/2017 06:00:00 PM,158,36,122
07/25/2017 07:00:00 PM,50,21,29
07/25/2017 08:00:00 PM,18,9,9
07/25/2017 09:00:00 PM,12,7,5
07/25/2017 10:00:00 PM,10,7,3
07/25/2017 11:00:00 PM,4,0,4
07/26/2017 12:00:00 AM,8,6,2
07/26/2017 01:00:00 AM,1,1,0
07/26/2017 02:00:00 AM,1,1,0
07/26/2017 03:00:00 AM,0,0,0
07/26/2017 04:00:00 AM,6,5,1
07/26/2017 05:00:00 AM,10,6,4
07/26/2017 06:00:00 AM,57,33,24
07/26/2017 07:00:00 AM,103,50,53
07/26/2017 08:00:00 AM,120,69,51
07/26/2017 09:00:00 AM,70,44,26
07/26/2017 10:00:00 AM,38,20,18
07/26/2017 11:00:00 AM,42,20,22
07/26/2017 12:00:00 PM,57,27,30
07/26/2017 01:00:00 PM,33,15,18
07/26/2017 02:00:00 PM,45,17,28
07/26/2017 03:00:00 PM,75,30,45
07/26/2017 04:00:00 PM,171,67,104
07/26/2017 05:00:00 PM,234,78,156
07/26/2017 06:00:00 PM,110,35,75
07/26/2017 07:00:00 PM,56,27,29
07/26/2017 08:00:00 PM,22,10,12
07/26/2017 09:00:00 PM,22,11,11
07/26/2017 10:00:00 PM,8,5,3
07/26/2017 11:00:00 PM,6,2,4
07/27/2017 12:00:00 AM,2,2,0
07/27/2017 01:00:00 AM,1,1,0
07/27/2017 02:00:00 AM,0,0,0
07/27/2017 03:00:00 AM,0,0,0
07/27/2017 04:00:00 AM,2,1,1
07/27/2017 05:00:00 AM,11,7,4
07/27/2017 06:00:00 AM,43,21,22
07/27/2017 07:00:00 AM,83,50,33
07/27/2017 08:00:00 AM,108,52,56
07/27/2017 09:00:00 AM,75,38,37
07/27/2017 10:00:00 AM,41,21,20
07/27/2017 11:00:00 AM,32,22,10
07/27/2017 12:00:00 PM,38,25,13
07/27/2017 01:00:00 PM,29,18,11
07/27/2017 02:00:00 PM,43,17,26
07/27/2017 03:00:00 PM,79,20,59
07/27/2017 04:00:00 PM,156,41,115
07/27/2017 05:00:00 PM,199,64,135
07/27/2017 06:00:00 PM,100,25,75
07/27/2017 07:00:00 PM,51,19,32
07/27/2017 08:00:00 PM,17,8,9
07/27/2017 09:00:00 PM,26,15,11
07/27/2017 10:00:00 PM,11,7,4
07/27/2017 11:00:00 PM,0,0,0
07/28/2017 12:00:00 AM,3,1,2
07/28/2017 01:00:00 AM,0,0,0
07/28/2017 02:00:00 AM,1,1,0
07/28/2017 03:00:00 AM,1,1,0
07/28/2017 04:00:00 AM,4,2,2
07/28/2017 05:00:00 AM,12,10,2
07/28/2017 06:00:00 AM,40,22,18
07/28/2017 07:00:00 AM,88,41,47
07/28/2017 08:00:00 AM,120,62,58
07/28/2017 09:00:00 AM,82,40,42
07/28/2017 10:00:00 AM,43,24,19
07/28/2017 11:00:00 AM,36,21,15
07/28/2017 12:00:00 PM,42,23,19
07/28/2017 01:00:00 PM,45,18,27
07/28/2017 02:00:00 PM,46,18,28
07/28/2017 03:00:00 PM,69,24,45
07/28/2017 04:00:00 PM,128,44,84
07/28/2017 05:00:00 PM,177,61,116
07/28/2017 06:00:00 PM,102,30,72
07/28/2017 07:00:00 PM,28,12,16
07/28/2017 08:00:00 PM,23,8,15
07/28/2017 09:00:00 PM,21,8,13
07/28/2017 10:00:00 PM,4,4,0
07/28/2017 11:00:00 PM,9,6,3
07/29/2017 12:00:00 AM,4,2,2
07/29/2017 01:00:00 AM,4,1,3
07/29/2017 02:00:00 AM,4,0,4
07/29/2017 03:00:00 AM,2,0,2
07/29/2017 04:00:00 AM,0,0,0
07/29/2017 05:00:00 AM,2,2,0
07/29/2017 06:00:00 AM,4,1,3
07/29/2017 07:00:00 AM,19,8,11
07/29/2017 08:00:00 AM,17,8,9
07/29/2017 09:00:00 AM,21,8,13
07/29/2017 10:00:00 AM,21,6,15
07/29/2017 11:00:00 AM,32,15,17
07/29/2017 12:00:00 PM,41,10,31
07/29/2017 01:00:00 PM,35,17,18
07/29/2017 02:00:00 PM,36,11,25
07/29/2017 03:00:00 PM,25,8,17
07/29/2017 04:00:00 PM,57,33,24
07/29/2017 05:00:00 PM,22,16,6
07/29/2017 06:00:00 PM,28,10,18
07/29/2017 07:00:00 PM,11,4,7
07/29/2017 08:00:00 PM,8,5,3
07/29/2017 09:00:00 PM,15,12,3
07/29/2017 10:00:00 PM,17,3,14
07/29/2017 11:00:00 PM,5,2,3
07/30/2017 12:00:00 AM,7,3,4
07/30/2017 01:00:00 AM,1,1,0
07/30/2017 02:00:00 AM,1,0,1
07/30/2017 03:00:00 AM,1,1,0
07/30/2017 04:00:00 AM,0,0,0
07/30/2017 05:00:00 AM,0,0,0
07/30/2017 06:00:00 AM,3,1,2
07/30/2017 07:00:00 AM,11,7,4
07/30/2017 08:00:00 AM,15,7,8
07/30/2017 09:00:00 AM,16,6,10
07/30/2017 10:00:00 AM,19,10,9
07/30/2017 11:00:00 AM,26,9,17
07/30/2017 12:00:00 PM,48,20,28
07/30/2017 01:00:00 PM,33,12,21
07/30/2017 02:00:00 PM,28,19,9
07/30/2017 03:00:00 PM,27,11,16
07/30/2017 04:00:00 PM,41,30,11
07/30/2017 05:00:00 PM,33,14,19
07/30/2017 06:00:00 PM,17,9,8
07/30/2017 07:00:00 PM,12,4,8
07/30/2017 08:00:00 PM,8,5,3
07/30/2017 09:00:00 PM,10,5,5
07/30/2017 10:00:00 PM,10,6,4
07/30/2017 11:00:00 PM,3,3,0
07/31/2017 12:00:00 AM,2,1,1
07/31/2017 01:00:00 AM,0,0,0
07/31/2017 02:00:00 AM,0,0,0
07/31/2017 03:00:00 AM,1,0,1
07/31/2017 04:00:00 AM,1,0,1
07/31/2017 05:00:00 AM,14,11,3
07/31/2017 06:00:00 AM,36,21,15
07/31/2017 07:00:00 AM,109,61,48
07/31/2017 08:00:00 AM,151,65,86
07/31/2017 09:00:00 AM,92,40,52
07/31/2017 10:00:00 AM,38,17,21
07/31/2017 11:00:00 AM,44,23,21
07/31/2017 12:00:00 PM,24,14,10
07/31/2017 01:00:00 PM,45,19,26
07/31/2017 02:00:00 PM,37,15,22
07/31/2017 03:00:00 PM,74,13,61
07/31/2017 04:00:00 PM,156,48,108
07/31/2017 05:00:00 PM,215,67,148
07/31/2017 06:00:00 PM,131,45,86
07/31/2017 07:00:00 PM,36,12,24
07/31/2017 08:00:00 PM,19,13,6
07/31/2017 09:00:00 PM,5,1,4
07/31/2017 10:00:00 PM,8,7,1
07/31/2017 11:00:00 PM,1,0,1
08/01/2017 12:00:00 AM,1,0,1
08/01/2017 01:00:00 AM,0,0,0
08/01/2017 02:00:00 AM,2,2,0
08/01/2017 03:00:00 AM,1,0,1
08/01/2017 04:00:00 AM,0,0,0
08/01/2017 05:00:00 AM,6,6,0
08/01/2017 06:00:00 AM,51,31,20
08/01/2017 07:00:00 AM,124,63,61
08/01/2017 08:00:00 AM,164,72,92
08/01/2017 09:00:00 AM,94,50,44
08/01/2017 10:00:00 AM,40,15,25
08/01/2017 11:00:00 AM,36,18,18
08/01/2017 12:00:00 PM,35,16,19
08/01/2017 01:00:00 PM,27,17,10
08/01/2017 02:00:00 PM,22,4,18
08/01/2017 03:00:00 PM,74,24,50
08/01/2017 04:00:00 PM,172,42,130
08/01/2017 05:00:00 PM,227,85,142
08/01/2017 06:00:00 PM,114,37,77
08/01/2017 07:00:00 PM,39,16,23
08/01/2017 08:00:00 PM,28,12,16
08/01/2017 09:00:00 PM,7,2,5
08/01/2017 10:00:00 PM,6,3,3
08/01/2017 11:00:00 PM,5,3,2
08/02/2017 12:00:00 AM,2,1,1
08/02/2017 01:00:00 AM,2,0,2
08/02/2017 02:00:00 AM,1,0,1
08/02/2017 03:00:00 AM,3,2,1
08/02/2017 04:00:00 AM,1,0,1
08/02/2017 05:00:00 AM,14,12,2
08/02/2017 06:00:00 AM,46,25,21
08/02/2017 07:00:00 AM,116,58,58
08/02/2017 08:00:00 AM,147,64,83
08/02/2017 09:00:00 AM,92,46,46
08/02/2017 10:00:00 AM,41,21,20
08/02/2017 11:00:00 AM,42,26,16
08/02/2017 12:00:00 PM,33,15,18
08/02/2017 01:00:00 PM,52,24,28
08/02/2017 02:00:00 PM,43,20,23
08/02/2017 03:00:00 PM,74,25,49
08/02/2017 04:00:00 PM,164,58,106
08/02/2017 05:00:00 PM,221,67,154
08/02/2017 06:00:00 PM,110,38,72
08/02/2017 07:00:00 PM,40,22,18
08/02/2017 08:00:00 PM,22,11,11
08/02/2017 09:00:00 PM,14,7,7
08/02/2017 10:00:00 PM,9,5,4
08/02/2017 11:00:00 PM,5,4,1
08/03/2017 12:00:00 AM,0,0,0
08/03/2017 01:00:00 AM,1,1,0
08/03/2017 02:00:00 AM,1,0,1
08/03/2017 03:00:00 AM,0,0,0
08/03/2017 04:00:00 AM,2,1,1
08/03/2017 05:00:00 AM,12,9,3
08/03/2017 06:00:00 AM,29,15,14
08/03/2017 07:00:00 AM,104,50,54
08/03/2017 08:00:00 AM,115,49,66
08/03/2017 09:00:00 AM,92,40,52
08/03/2017 10:00:00 AM,44,18,26
08/03/2017 11:00:00 AM,28,8,20
08/03/2017 12:00:00 PM,49,34,15
08/03/2017 01:00:00 PM,47,18,29
08/03/2017 02:00:00 PM,42,14,28
08/03/2017 03:00:00 PM,67,16,51
08/03/2017 04:00:00 PM,131,46,85
08/03/2017 05:00:00 PM,194,61,133
08/03/2017 06:00:00 PM,106,33,73
08/03/2017 07:00:00 PM,67,32,35
08/03/2017 08:00:00 PM,32,19,13
08/03/2017 09:00:00 PM,22,13,9
08/03/2017 10:00:00 PM,15,9,6
08/03/2017 11:00:00 PM,8,7,1
08/04/2017 12:00:00 AM,3,0,3
08/04/2017 01:00:00 AM,1,0,1
08/04/2017 02:00:00 AM,0,0,0
08/04/2017 03:00:00 AM,0,0,0
08/04/2017 04:00:00 AM,2,2,0
08/04/2017 05:00:00 AM,13,10,3
08/04/2017 06:00:00 AM,20,10,10
08/04/2017 07:00:00 AM,71,30,41
08/04/2017 08:00:00 AM,94,46,48
08/04/2017 09:00:00 AM,79,28,51
08/04/2017 10:00:00 AM,43,19,24
08/04/2017 11:00:00 AM,56,24,32
08/04/2017 12:00:00 PM,37,17,20
08/04/2017 01:00:00 PM,36,16,20
08/04/2017 02:00:00 PM,29,10,19
08/04/2017 03:00:00 PM,74,32,42
08/04/2017 04:00:00 PM,111,38,73
08/04/2017 05:00:00 PM,130,47,83
08/04/2017 06:00:00 PM,84,40,44
08/04/2017 07:00:00 PM,29,13,16
08/04/2017 08:00:00 PM,21,8,13
08/04/2017 09:00:00 PM,14,7,7
08/04/2017 10:00:00 PM,11,8,3
08/04/2017 11:00:00 PM,4,2,2
08/05/2017 12:00:00 AM,4,3,1
08/05/2017 01:00:00 AM,0,0,0
08/05/2017 02:00:00 AM,2,0,2
08/05/2017 03:00:00 AM,0,0,0
08/05/2017 04:00:00 AM,0,0,0
08/05/2017 05:00:00 AM,1,1,0
08/05/2017 06:00:00 AM,3,2,1
08/05/2017 07:00:00 AM,6,5,1
08/05/2017 08:00:00 AM,14,7,7
08/05/2017 09:00:00 AM,13,6,7
08/05/2017 10:00:00 AM,18,6,12
08/05/2017 11:00:00 AM,26,8,18
08/05/2017 12:00:00 PM,27,9,18
08/05/2017 01:00:00 PM,51,29,22
08/05/2017 02:00:00 PM,39,22,17
08/05/2017 03:00:00 PM,41,25,16
08/05/2017 04:00:00 PM,56,39,17
08/05/2017 05:00:00 PM,60,33,27
08/05/2017 06:00:00 PM,80,26,54
08/05/2017 07:00:00 PM,18,6,12
08/05/2017 08:00:00 PM,23,15,8
08/05/2017 09:00:00 PM,25,15,10
08/05/2017 10:00:00 PM,5,4,1
08/05/2017 11:00:00 PM,11,7,4
08/06/2017 12:00:00 AM,3,2,1
08/06/2017 01:00:00 AM,8,8,0
08/06/2017 02:00:00 AM,6,3,3
08/06/2017 03:00:00 AM,1,1,0
08/06/2017 04:00:00 AM,1,1,0
08/06/2017 05:00:00 AM,1,1,0
08/06/2017 06:00:00 AM,1,1,0
08/06/2017 07:00:00 AM,5,2,3
08/06/2017 08:00:00 AM,7,4,3
08/06/2017 09:00:00 AM,20,4,16
08/06/2017 10:00:00 AM,13,10,3
08/06/2017 11:00:00 AM,33,8,25
08/06/2017 12:00:00 PM,48,12,36
08/06/2017 01:00:00 PM,33,15,18
08/06/2017 02:00:00 PM,19,8,11
08/06/2017 03:00:00 PM,32,19,13
08/06/2017 04:00:00 PM,29,14,15
08/06/2017 05:00:00 PM,23,10,13
08/06/2017 06:00:00 PM,24,11,13
08/06/2017 07:00:00 PM,19,10,9
08/06/2017 08:00:00 PM,15,9,6
08/06/2017 09:00:00 PM,3,2,1
08/06/2017 10:00:00 PM,7,4,3
08/06/2017 11:00:00 PM,1,1,0
08/07/2017 12:00:00 AM,0,0,0
08/07/2017 01:00:00 AM,3,0,3
08/07/2017 02:00:00 AM,1,1,0
08/07/2017 03:00:00 AM,1,0,1
08/07/2017 04:00:00 AM,2,2,0
08/07/2017 05:00:00 AM,18,13,5
08/07/2017 06:00:00 AM,38,21,17
08/07/2017 07:00:00 AM,98,43,55
08/07/2017 08:00:00 AM,126,60,66
08/07/2017 09:00:00 AM,98,49,49
08/07/2017 10:00:00 AM,33,18,15
08/07/2017 11:00:00 AM,46,27,19
08/07/2017 12:00:00 PM,36,20,16
08/07/2017 01:00:00 PM,32,15,17
08/07/2017 02:00:00 PM,39,12,27
08/07/2017 03:00:00 PM,71,17,54
08/07/2017 04:00:00 PM,152,50,102
08/07/2017 05:00:00 PM,213,69,144
08/07/2017 06:00:00 PM,105,34,71
08/07/2017 07:00:00 PM,32,16,16
08/07/2017 08:00:00 PM,19,7,12
08/07/2017 09:00:00 PM,7,2,5
08/07/2017 10:00:00 PM,8,3,5
08/07/2017 11:00:00 PM,6,3,3
08/08/2017 12:00:00 AM,5,2,3
08/08/2017 01:00:00 AM,1,1,0
08/08/2017 02:00:00 AM,1,1,0
08/08/2017 03:00:00 AM,1,0,1
08/08/2017 04:00:00 AM,1,0,1
08/08/2017 05:00:00 AM,13,8,5
08/08/2017 06:00:00 AM,50,26,24
08/08/2017 07:00:00 AM,92,42,50
08/08/2017 08:00:00 AM,147,65,82
08/08/2017 09:00:00 AM,88,38,50
08/08/2017 10:00:00 AM,35,17,18
08/08/2017 11:00:00 AM,35,20,15
08/08/2017 12:00:00 PM,46,22,24
08/08/2017 01:00:00 PM,38,16,22
08/08/2017 02:00:00 PM,50,18,32
08/08/2017 03:00:00 PM,72,29,43
08/08/2017 04:00:00 PM,176,58,118
08/08/2017 05:00:00 PM,213,74,139
08/08/2017 06:00:00 PM,113,41,72
08/08/2017 07:00:00 PM,36,19,17
08/08/2017 08:00:00 PM,36,18,18
08/08/2017 09:00:00 PM,14,4,10
08/08/2017 10:00:00 PM,10,3,7
08/08/2017 11:00:00 PM,8,2,6
08/09/2017 12:00:00 AM,1,1,0
08/09/2017 01:00:00 AM,0,0,0
08/09/2017 02:00:00 AM,2,2,0
08/09/2017 03:00:00 AM,2,0,2
08/09/2017 04:00:00 AM,3,1,2
08/09/2017 05:00:00 AM,8,7,1
08/09/2017 06:00:00 AM,43,22,21
08/09/2017 07:00:00 AM,94,47,47
08/09/2017 08:00:00 AM,134,49,85
08/09/2017 09:00:00 AM,102,48,54
08/09/2017 10:00:00 AM,31,16,15
08/09/2017 11:00:00 AM,34,12,22
08/09/2017 12:00:00 PM,46,20,26
08/09/2017 01:00:00 PM,39,21,18
08/09/2017 02:00:00 PM,44,17,27
08/09/2017 03:00:00 PM,57,20,37
08/09/2017 04:00:00 PM,136,46,90
08/09/2017 05:00:00 PM,220,72,148
08/09/2017 06:00:00 PM,131,42,89
08/09/2017 07:00:00 PM,50,19,31
08/09/2017 08:00:00 PM,29,13,16
08/09/2017 09:00:00 PM,12,2,10
08/09/2017 10:00:00 PM,14,3,11
08/09/2017 11:00:00 PM,13,10,3
08/10/2017 12:00:00 AM,14,8,6
08/10/2017 01:00:00 AM,1,0,1
08/10/2017 02:00:00 AM,1,1,0
08/10/2017 03:00:00 AM,1,1,0
08/10/2017 04:00:00 AM,2,1,1
08/10/2017 05:00:00 AM,12,8,4
08/10/2017 06:00:00 AM,37,21,16
08/10/2017 07:00:00 AM,89,40,49
08/10/2017 08:00:00 AM,117,44,73
08/10/2017 09:00:00 AM,84,40,44
08/10/2017 10:00:00 AM,29,13,16
08/10/2017 11:00:00 AM,36,22,14
08/10/2017 12:00:00 PM,46,27,19
08/10/2017 01:00:00 PM,40,19,21
08/10/2017 02:00:00 PM,47,19,28
08/10/2017 03:00:00 PM,70,26,44
08/10/2017 04:00:00 PM,134,35,99
08/10/2017 05:00:00 PM,172,51,121
08/10/2017 06:00:00 PM,117,33,84
08/10/2017 07:00:00 PM,42,20,22
08/10/2017 08:00:00 PM,19,9,10
08/10/2017 09:00:00 PM,20,10,10
08/10/2017 10:00:00 PM,17,10,7
08/10/2017 11:00:00 PM,5,3,2
08/11/2017 12:00:00 AM,6,2,4
08/11/2017 01:00:00 AM,1,1,0
08/11/2017 02:00:00 AM,3,1,2
08/11/2017 03:00:00 AM,0,0,0
08/11/2017 04:00:00 AM,2,1,1
08/11/2017 05:00:00 AM,11,7,4
08/11/2017 06:00:00 AM,31,19,12
08/11/2017 07:00:00 AM,74,36,38
08/11/2017 08:00:00 AM,92,33,59
08/11/2017 09:00:00 AM,82,37,45
08/11/2017 10:00:00 AM,27,6,21
08/11/2017 11:00:00 AM,43,26,17
08/11/2017 12:00:00 PM,34,14,20
08/11/2017 01:00:00 PM,49,22,27
08/11/2017 02:00:00 PM,60,29,31
08/11/2017 03:00:00 PM,71,25,46
08/11/2017 04:00:00 PM,136,42,94
08/11/2017 05:00:00 PM,147,62,85
08/11/2017 06:00:00 PM,81,28,53
08/11/2017 07:00:00 PM,37,12,25
08/11/2017 08:00:00 PM,19,4,15
08/11/2017 09:00:00 PM,11,3,8
08/11/2017 10:00:00 PM,16,12,4
08/11/2017 11:00:00 PM,6,4,2
08/12/2017 12:00:00 AM,8,5,3
08/12/2017 01:00:00 AM,6,5,1
08/12/2017 02:00:00 AM,3,0,3
08/12/2017 03:00:00 AM,0,0,0
08/12/2017 04:00:00 AM,1,1,0
08/12/2017 05:00:00 AM,2,1,1
08/12/2017 06:00:00 AM,6,6,0
08/12/2017 07:00:00 AM,13,5,8
08/12/2017 08:00:00 AM,18,6,12
08/12/2017 09:00:00 AM,20,4,16
08/12/2017 10:00:00 AM,21,6,15
08/12/2017 11:00:00 AM,38,18,20
08/12/2017 12:00:00 PM,58,8,50
08/12/2017 01:00:00 PM,41,17,24
08/12/2017 02:00:00 PM,31,11,20
08/12/2017 03:00:00 PM,57,48,9
08/12/2017 04:00:00 PM,54,33,21
08/12/2017 05:00:00 PM,23,12,11
08/12/2017 06:00:00 PM,20,12,8
08/12/2017 07:00:00 PM,25,10,15
08/12/2017 08:00:00 PM,14,2,12
08/12/2017 09:00:00 PM,9,6,3
08/12/2017 10:00:00 PM,11,7,4
08/12/2017 11:00:00 PM,2,2,0
08/13/2017 12:00:00 AM,3,2,1
08/13/2017 01:00:00 AM,0,0,0
08/13/2017 02:00:00 AM,2,1,1
08/13/2017 03:00:00 AM,2,2,0
08/13/2017 04:00:00 AM,2,2,0
08/13/2017 05:00:00 AM,2,1,1
08/13/2017 06:00:00 AM,2,0,2
08/13/2017 07:00:00 AM,7,6,1
08/13/2017 08:00:00 AM,7,4,3
08/13/2017 09:00:00 AM,10,3,7
08/13/2017 10:00:00 AM,13,6,7
08/13/2017 11:00:00 AM,31,11,20
08/13/2017 12:00:00 PM,34,10,24
08/13/2017 01:00:00 PM,33,15,18
08/13/2017 02:00:00 PM,18,7,11
08/13/2017 03:00:00 PM,25,13,12
08/13/2017 04:00:00 PM,26,10,16
08/13/2017 05:00:00 PM,33,20,13
08/13/2017 06:00:00 PM,18,5,13
08/13/2017 07:00:00 PM,13,9,4
08/13/2017 08:00:00 PM,8,1,7
08/13/2017 09:00:00 PM,3,1,2
08/13/2017 10:00:00 PM,8,5,3
08/13/2017 11:00:00 PM,5,1,4
08/14/2017 12:00:00 AM,0,0,0
08/14/2017 01:00:00 AM,1,0,1
08/14/2017 02:00:00 AM,1,0,1
08/14/2017 03:00:00 AM,0,0,0
08/14/2017 04:00:00 AM,3,2,1
08/14/2017 05:00:00 AM,10,7,3
08/14/2017 06:00:00 AM,36,19,17
08/14/2017 07:00:00 AM,73,33,40
08/14/2017 08:00:00 AM,157,67,90
08/14/2017 09:00:00 AM,102,55,47
08/14/2017 10:00:00 AM,36,16,20
08/14/2017 11:00:00 AM,25,10,15
08/14/2017 12:00:00 PM,33,12,21
08/14/2017 01:00:00 PM,36,17,19
08/14/2017 02:00:00 PM,32,14,18
08/14/2017 03:00:00 PM,69,20,49
08/14/2017 04:00:00 PM,150,46,104
08/14/2017 05:00:00 PM,221,65,156
08/14/2017 06:00:00 PM,113,40,73
08/14/2017 07:00:00 PM,44,15,29
08/14/2017 08:00:00 PM,22,7,15
08/14/2017 09:00:00 PM,15,8,7
08/14/2017 10:00:00 PM,17,13,4
08/14/2017 11:00:00 PM,4,1,3
08/15/2017 12:00:00 AM,1,1,0
08/15/2017 01:00:00 AM,0,0,0
08/15/2017 02:00:00 AM,0,0,0
08/15/2017 03:00:00 AM,0,0,0
08/15/2017 04:00:00 AM,3,3,0
08/15/2017 05:00:00 AM,12,8,4
08/15/2017 06:00:00 AM,49,22,27
08/15/2017 07:00:00 AM,96,43,53
08/15/2017 08:00:00 AM,158,66,92
08/15/2017 09:00:00 AM,97,36,61
08/15/2017 10:00:00 AM,37,14,23
08/15/2017 11:00:00 AM,23,10,13
08/15/2017 12:00:00 PM,37,20,17
08/15/2017 01:00:00 PM,33,16,17
08/15/2017 02:00:00 PM,40,12,28
08/15/2017 03:00:00 PM,74,21,53
08/15/2017 04:00:00 PM,145,47,98
08/15/2017 05:00:00 PM,224,78,146
08/15/2017 06:00:00 PM,133,41,92
08/15/2017 07:00:00 PM,42,22,20
08/15/2017 08:00:00 PM,20,7,13
08/15/2017 09:00:00 PM,19,12,7
08/15/2017 10:00:00 PM,19,11,8
08/15/2017 11:00:00 PM,3,1,2
08/16/2017 12:00:00 AM,1,0,1
08/16/2017 01:00:00 AM,0,0,0
08/16/2017 02:00:00 AM,1,0,1
08/16/2017 03:00:00 AM,1,0,1
08/16/2017 04:00:00 AM,1,0,1
08/16/2017 05:00:00 AM,12,12,0
08/16/2017 06:00:00 AM,36,15,21
08/16/2017 07:00:00 AM,96,43,53
08/16/2017 08:00:00 AM,177,86,91
08/16/2017 09:00:00 AM,101,46,55
08/16/2017 10:00:00 AM,40,19,21
08/16/2017 11:00:00 AM,46,15,31
08/16/2017 12:00:00 PM,56,16,40
08/16/2017 01:00:00 PM,53,22,31
08/16/2017 02:00:00 PM,35,13,22
08/16/2017 03:00:00 PM,69,23,46
08/16/2017 04:00:00 PM,153,68,85
08/16/2017 05:00:00 PM,226,69,157
08/16/2017 06:00:00 PM,119,42,77
08/16/2017 07:00:00 PM,41,18,23
08/16/2017 08:00:00 PM,29,10,19
08/16/2017 09:00:00 PM,12,3,9
08/16/2017 10:00:00 PM,6,4,2
08/16/2017 11:00:00 PM,5,3,2
08/17/2017 12:00:00 AM,2,2,0
08/17/2017 01:00:00 AM,2,2,0
08/17/2017 02:00:00 AM,1,1,0
08/17/2017 03:00:00 AM,3,1,2
08/17/2017 04:00:00 AM,1,0,1
08/17/2017 05:00:00 AM,9,8,1
08/17/2017 06:00:00 AM,41,19,22
08/17/2017 07:00:00 AM,92,40,52
08/17/2017 08:00:00 AM,151,59,92
08/17/2017 09:00:00 AM,86,42,44
08/17/2017 10:00:00 AM,33,16,17
08/17/2017 11:00:00 AM,32,19,13
08/17/2017 12:00:00 PM,47,29,18
08/17/2017 01:00:00 PM,40,20,20
08/17/2017 02:00:00 PM,40,18,22
08/17/2017 03:00:00 PM,68,23,45
08/17/2017 04:00:00 PM,133,50,83
08/17/2017 05:00:00 PM,206,65,141
08/17/2017 06:00:00 PM,116,40,76
08/17/2017 07:00:00 PM,42,18,24
08/17/2017 08:00:00 PM,24,12,12
08/17/2017 09:00:00 PM,12,4,8
08/17/2017 10:00:00 PM,16,9,7
08/17/2017 11:00:00 PM,3,2,1
08/18/2017 12:00:00 AM,5,5,0
08/18/2017 01:00:00 AM,1,0,1
08/18/2017 02:00:00 AM,1,1,0
08/18/2017 03:00:00 AM,0,0,0
08/18/2017 04:00:00 AM,1,1,0
08/18/2017 05:00:00 AM,11,7,4
08/18/2017 06:00:00 AM,27,18,9
08/18/2017 07:00:00 AM,72,33,39
08/18/2017 08:00:00 AM,114,50,64
08/18/2017 09:00:00 AM,82,35,47
08/18/2017 10:00:00 AM,32,11,21
08/18/2017 11:00:00 AM,31,17,14
08/18/2017 12:00:00 PM,50,32,18
08/18/2017 01:00:00 PM,44,17,27
08/18/2017 02:00:00 PM,55,22,33
08/18/2017 03:00:00 PM,69,23,46
08/18/2017 04:00:00 PM,142,53,89
08/18/2017 05:00:00 PM,165,53,112
08/18/2017 06:00:00 PM,87,33,54
08/18/2017 07:00:00 PM,49,23,26
08/18/2017 08:00:00 PM,17,8,9
08/18/2017 09:00:00 PM,20,12,8
08/18/2017 10:00:00 PM,19,10,9
08/18/2017 11:00:00 PM,16,11,5
08/19/2017 12:00:00 AM,6,4,2
08/19/2017 01:00:00 AM,0,0,0
08/19/2017 02:00:00 AM,1,1,0
08/19/2017 03:00:00 AM,0,0,0
08/19/2017 04:00:00 AM,0,0,0
08/19/2017 05:00:00 AM,1,0,1
08/19/2017 06:00:00 AM,4,2,2
08/19/2017 07:00:00 AM,12,9,3
08/19/2017 08:00:00 AM,9,4,5
08/19/2017 09:00:00 AM,15,11,4
08/19/2017 10:00:00 AM,16,5,11
08/19/2017 11:00:00 AM,21,10,11
08/19/2017 12:00:00 PM,15,6,9
08/19/2017 01:00:00 PM,44,18,26
08/19/2017 02:00:00 PM,27,17,10
08/19/2017 03:00:00 PM,32,17,15
08/19/2017 04:00:00 PM,31,18,13
08/19/2017 05:00:00 PM,27,16,11
08/19/2017 06:00:00 PM,32,8,24
08/19/2017 07:00:00 PM,16,9,7
08/19/2017 08:00:00 PM,17,7,10
08/19/2017 09:00:00 PM,8,6,2
08/19/2017 10:00:00 PM,6,5,1
08/19/2017 11:00:00 PM,10,10,0
08/20/2017 12:00:00 AM,11,5,6
08/20/2017 01:00:00 AM,4,4,0
08/20/2017 02:00:00 AM,0,0,0
08/20/2017 03:00:00 AM,2,0,2
08/20/2017 04:00:00 AM,0,0,0
08/20/2017 05:00:00 AM,0,0,0
08/20/2017 06:00:00 AM,1,0,1
08/20/2017 07:00:00 AM,10,7,3
08/20/2017 08:00:00 AM,10,5,5
08/20/2017 09:00:00 AM,16,12,4
08/20/2017 10:00:00 AM,12,6,6
08/20/2017 11:00:00 AM,18,4,14
08/20/2017 12:00:00 PM,21,11,10
08/20/2017 01:00:00 PM,23,12,11
08/20/2017 02:00:00 PM,33,14,19
08/20/2017 03:00:00 PM,25,9,16
08/20/2017 04:00:00 PM,27,15,12
08/20/2017 05:00:00 PM,42,19,23
08/20/2017 06:00:00 PM,41,12,29
08/20/2017 07:00:00 PM,19,3,16
08/20/2017 08:00:00 PM,13,6,7
08/20/2017 09:00:00 PM,38,35,3
08/20/2017 10:00:00 PM,5,5,0
08/20/2017 11:00:00 PM,5,3,2
08/21/2017 12:00:00 AM,0,0,0
08/21/2017 01:00:00 AM,1,1,0
08/21/2017 02:00:00 AM,4,0,4
08/21/2017 03:00:00 AM,2,2,0
08/21/2017 04:00:00 AM,1,0,1
08/21/2017 05:00:00 AM,10,8,2
08/21/2017 06:00:00 AM,39,17,22
08/21/2017 07:00:00 AM,85,37,48
08/21/2017 08:00:00 AM,93,37,56
08/21/2017 09:00:00 AM,57,27,30
08/21/2017 10:00:00 AM,32,15,17
08/21/2017 11:00:00 AM,39,19,20
08/21/2017 12:00:00 PM,40,18,22
08/21/2017 01:00:00 PM,26,14,12
08/21/2017 02:00:00 PM,36,19,17
08/21/2017 03:00:00 PM,59,19,40
08/21/2017 04:00:00 PM,106,34,72
08/21/2017 05:00:00 PM,155,55,100
08/21/2017 06:00:00 PM,84,29,55
08/21/2017 07:00:00 PM,23,12,11
08/21/2017 08:00:00 PM,14,8,6
08/21/2017 09:00:00 PM,7,3,4
08/21/2017 10:00:00 PM,4,1,3
08/21/2017 11:00:00 PM,0,0,0
08/22/2017 12:00:00 AM,2,1,1
08/22/2017 01:00:00 AM,0,0,0
08/22/2017 02:00:00 AM,1,0,1
08/22/2017 03:00:00 AM,1,1,0
08/22/2017 04:00:00 AM,1,0,1
08/22/2017 05:00:00 AM,10,8,2
08/22/2017 06:00:00 AM,44,22,22
08/22/2017 07:00:00 AM,98,42,56
08/22/2017 08:00:00 AM,150,56,94
08/22/2017 09:00:00 AM,86,36,50
08/22/2017 10:00:00 AM,38,14,24
08/22/2017 11:00:00 AM,31,12,19
08/22/2017 12:00:00 PM,41,16,25
08/22/2017 01:00:00 PM,46,27,19
08/22/2017 02:00:00 PM,30,14,16
08/22/2017 03:00:00 PM,42,11,31
08/22/2017 04:00:00 PM,152,39,113
08/22/2017 05:00:00 PM,197,70,127
08/22/2017 06:00:00 PM,101,40,61
08/22/2017 07:00:00 PM,49,20,29
08/22/2017 08:00:00 PM,21,11,10
08/22/2017 09:00:00 PM,12,4,8
08/22/2017 10:00:00 PM,9,7,2
08/22/2017 11:00:00 PM,4,2,2
08/23/2017 12:00:00 AM,1,1,0
08/23/2017 01:00:00 AM,1,0,1
08/23/2017 02:00:00 AM,1,0,1
08/23/2017 03:00:00 AM,0,0,0
08/23/2017 04:00:00 AM,5,4,1
08/23/2017 05:00:00 AM,10,7,3
08/23/2017 06:00:00 AM,44,25,19
08/23/2017 07:00:00 AM,97,41,56
08/23/2017 08:00:00 AM,134,53,81
08/23/2017 09:00:00 AM,92,45,47
08/23/2017 10:00:00 AM,27,9,18
08/23/2017 11:00:00 AM,28,12,16
08/23/2017 12:00:00 PM,50,24,26
08/23/2017 01:00:00 PM,28,18,10
08/23/2017 02:00:00 PM,30,15,15
08/23/2017 03:00:00 PM,64,18,46
08/23/2017 04:00:00 PM,152,50,102
08/23/2017 05:00:00 PM,191,73,118
08/23/2017 06:00:00 PM,121,51,70
08/23/2017 07:00:00 PM,40,18,22
08/23/2017 08:00:00 PM,21,6,15
08/23/2017 09:00:00 PM,7,4,3
08/23/2017 10:00:00 PM,14,6,8
08/23/2017 11:00:00 PM,4,1,3
08/24/2017 12:00:00 AM,5,3,2
08/24/2017 01:00:00 AM,0,0,0
08/24/2017 02:00:00 AM,2,1,1
08/24/2017 03:00:00 AM,0,0,0
08/24/2017 04:00:00 AM,3,2,1
08/24/2017 05:00:00 AM,6,4,2
08/24/2017 06:00:00 AM,41,22,19
08/24/2017 07:00:00 AM,83,43,40
08/24/2017 08:00:00 AM,134,53,81
08/24/2017 09:00:00 AM,82,45,37
08/24/2017 10:00:00 AM,33,13,20
08/24/2017 11:00:00 AM,35,19,16
08/24/2017 12:00:00 PM,45,25,20
08/24/2017 01:00:00 PM,37,17,20
08/24/2017 02:00:00 PM,26,14,12
08/24/2017 03:00:00 PM,57,21,36
08/24/2017 04:00:00 PM,133,47,86
08/24/2017 05:00:00 PM,164,51,113
08/24/2017 06:00:00 PM,117,40,77
08/24/2017 07:00:00 PM,55,23,32
08/24/2017 08:00:00 PM,23,14,9
08/24/2017 09:00:00 PM,11,3,8
08/24/2017 10:00:00 PM,6,2,4
08/24/2017 11:00:00 PM,5,2,3
08/25/2017 12:00:00 AM,2,1,1
08/25/2017 01:00:00 AM,0,0,0
08/25/2017 02:00:00 AM,1,0,1
08/25/2017 03:00:00 AM,0,0,0
08/25/2017 04:00:00 AM,3,1,2
08/25/2017 05:00:00 AM,7,7,0
08/25/2017 06:00:00 AM,24,11,13
08/25/2017 07:00:00 AM,86,39,47
08/25/2017 08:00:00 AM,100,35,65
08/25/2017 09:00:00 AM,94,45,49
08/25/2017 10:00:00 AM,35,18,17
08/25/2017 11:00:00 AM,52,25,27
08/25/2017 12:00:00 PM,42,22,20
08/25/2017 01:00:00 PM,49,22,27
08/25/2017 02:00:00 PM,37,12,25
08/25/2017 03:00:00 PM,77,27,50
08/25/2017 04:00:00 PM,160,50,110
08/25/2017 05:00:00 PM,147,53,94
08/25/2017 06:00:00 PM,87,29,58
08/25/2017 07:00:00 PM,42,21,21
08/25/2017 08:00:00 PM,43,29,14
08/25/2017 09:00:00 PM,19,11,8
08/25/2017 10:00:00 PM,13,2,11
08/25/2017 11:00:00 PM,11,4,7
08/26/2017 12:00:00 AM,4,2,2
08/26/2017 01:00:00 AM,2,1,1
08/26/2017 02:00:00 AM,4,4,0
08/26/2017 03:00:00 AM,3,0,3
08/26/2017 04:00:00 AM,0,0,0
08/26/2017 05:00:00 AM,2,2,0
08/26/2017 06:00:00 AM,6,3,3
08/26/2017 07:00:00 AM,10,5,5
08/26/2017 08:00:00 AM,14,7,7
08/26/2017 09:00:00 AM,18,6,12
08/26/2017 10:00:00 AM,21,11,10
08/26/2017 11:00:00 AM,32,18,14
08/26/2017 12:00:00 PM,29,12,17
08/26/2017 01:00:00 PM,40,22,18
08/26/2017 02:00:00 PM,20,9,11
08/26/2017 03:00:00 PM,27,18,9
08/26/2017 04:00:00 PM,25,17,8
08/26/2017 05:00:00 PM,20,5,15
08/26/2017 06:00:00 PM,23,10,13
08/26/2017 07:00:00 PM,15,10,5
08/26/2017 08:00:00 PM,11,7,4
08/26/2017 09:00:00 PM,6,3,3
08/26/2017 10:00:00 PM,9,4,5
08/26/2017 11:00:00 PM,5,3,2
08/27/2017 12:00:00 AM,1,0,1
08/27/2017 01:00:00 AM,1,1,0
08/27/2017 02:00:00 AM,5,2,3
08/27/2017 03:00:00 AM,2,2,0
08/27/2017 04:00:00 AM,2,1,1
08/27/2017 05:00:00 AM,0,0,0
08/27/2017 06:00:00 AM,7,1,6
08/27/2017 07:00:00 AM,4,1,3
08/27/2017 08:00:00 AM,9,6,3
08/27/2017 09:00:00 AM,10,5,5
08/27/2017 10:00:00 AM,29,10,19
08/27/2017 11:00:00 AM,26,14,12
08/27/2017 12:00:00 PM,28,15,13
08/27/2017 01:00:00 PM,23,14,9
08/27/2017 02:00:00 PM,35,25,10
08/27/2017 03:00:00 PM,25,12,13
08/27/2017 04:00:00 PM,34,11,23
08/27/2017 05:00:00 PM,51,15,36
08/27/2017 06:00:00 PM,42,15,27
08/27/2017 07:00:00 PM,8,5,3
08/27/2017 08:00:00 PM,33,32,1
08/27/2017 09:00:00 PM,32,23,9
08/27/2017 10:00:00 PM,8,6,2
08/27/2017 11:00:00 PM,5,3,2
08/28/2017 12:00:00 AM,1,0,1
08/28/2017 01:00:00 AM,0,0,0
08/28/2017 02:00:00 AM,3,1,2
08/28/2017 03:00:00 AM,1,1,0
08/28/2017 04:00:00 AM,1,0,1
08/28/2017 05:00:00 AM,7,4,3
08/28/2017 06:00:00 AM,32,18,14
08/28/2017 07:00:00 AM,100,48,52
08/28/2017 08:00:00 AM,152,69,83
08/28/2017 09:00:00 AM,84,49,35
08/28/2017 10:00:00 AM,27,14,13
08/28/2017 11:00:00 AM,34,13,21
08/28/2017 12:00:00 PM,33,15,18
08/28/2017 01:00:00 PM,36,17,19
08/28/2017 02:00:00 PM,34,12,22
08/28/2017 03:00:00 PM,53,19,34
08/28/2017 04:00:00 PM,119,47,72
08/28/2017 05:00:00 PM,187,58,129
08/28/2017 06:00:00 PM,124,49,75
08/28/2017 07:00:00 PM,44,13,31
08/28/2017 08:00:00 PM,16,8,8
08/28/2017 09:00:00 PM,13,6,7
08/28/2017 10:00:00 PM,7,3,4
08/28/2017 11:00:00 PM,3,2,1
08/29/2017 12:00:00 AM,1,1,0
08/29/2017 01:00:00 AM,1,1,0
08/29/2017 02:00:00 AM,2,2,0
08/29/2017 03:00:00 AM,1,0,1
08/29/2017 04:00:00 AM,2,1,1
08/29/2017 05:00:00 AM,8,5,3
08/29/2017 06:00:00 AM,38,21,17
08/29/2017 07:00:00 AM,105,50,55
08/29/2017 08:00:00 AM,153,63,90
08/29/2017 09:00:00 AM,85,30,55
08/29/2017 10:00:00 AM,33,22,11
08/29/2017 11:00:00 AM,33,15,18
08/29/2017 12:00:00 PM,43,25,18
08/29/2017 01:00:00 PM,18,6,12
08/29/2017 02:00:00 PM,28,19,9
08/29/2017 03:00:00 PM,64,15,49
08/29/2017 04:00:00 PM,136,43,93
08/29/2017 05:00:00 PM,205,73,132
08/29/2017 06:00:00 PM,88,36,52
08/29/2017 07:00:00 PM,43,17,26
08/29/2017 08:00:00 PM,21,11,10
08/29/2017 09:00:00 PM,9,4,5
08/29/2017 10:00:00 PM,10,4,6
08/29/2017 11:00:00 PM,4,1,3
08/30/2017 12:00:00 AM,1,0,1
08/30/2017 01:00:00 AM,5,2,3
08/30/2017 02:00:00 AM,1,0,1
08/30/2017 03:00:00 AM,2,1,1
08/30/2017 04:00:00 AM,1,0,1
08/30/2017 05:00:00 AM,11,7,4
08/30/2017 06:00:00 AM,29,15,14
08/30/2017 07:00:00 AM,97,40,57
08/30/2017 08:00:00 AM,139,64,75
08/30/2017 09:00:00 AM,78,33,45
08/30/2017 10:00:00 AM,38,12,26
08/30/2017 11:00:00 AM,32,15,17
08/30/2017 12:00:00 PM,33,17,16
08/30/2017 01:00:00 PM,36,17,19
08/30/2017 02:00:00 PM,39,24,15
08/30/2017 03:00:00 PM,66,15,51
08/30/2017 04:00:00 PM,134,39,95
08/30/2017 05:00:00 PM,199,60,139
08/30/2017 06:00:00 PM,108,31,77
08/30/2017 07:00:00 PM,36,17,19
08/30/2017 08:00:00 PM,20,5,15
08/30/2017 09:00:00 PM,15,5,10
08/30/2017 10:00:00 PM,11,5,6
08/30/2017 11:00:00 PM,6,3,3
08/31/2017 12:00:00 AM,1,1,0
08/31/2017 01:00:00 AM,1,1,0
08/31/2017 02:00:00 AM,1,0,1
08/31/2017 03:00:00 AM,3,0,3
08/31/2017 04:00:00 AM,1,0,1
08/31/2017 05:00:00 AM,11,7,4
08/31/2017 06:00:00 AM,36,16,20
08/31/2017 07:00:00 AM,81,39,42
08/31/2017 08:00:00 AM,142,60,82
08/31/2017 09:00:00 AM,60,34,26
08/31/2017 10:00:00 AM,37,18,19
08/31/2017 11:00:00 AM,28,18,10
08/31/2017 12:00:00 PM,34,22,12
08/31/2017 01:00:00 PM,23,8,15
08/31/2017 02:00:00 PM,24,12,12
08/31/2017 03:00:00 PM,46,18,28
08/31/2017 04:00:00 PM,134,34,100
08/31/2017 05:00:00 PM,164,60,104
08/31/2017 06:00:00 PM,116,35,81
08/31/2017 07:00:00 PM,46,23,23
08/31/2017 08:00:00 PM,25,9,16
08/31/2017 09:00:00 PM,18,7,11
08/31/2017 10:00:00 PM,10,7,3
08/31/2017 11:00:00 PM,2,0,2
09/01/2017 12:00:00 AM,3,2,1
09/01/2017 01:00:00 AM,2,2,0
09/01/2017 02:00:00 AM,1,1,0
09/01/2017 03:00:00 AM,0,0,0
09/01/2017 04:00:00 AM,2,1,1
09/01/2017 05:00:00 AM,11,7,4
09/01/2017 06:00:00 AM,31,15,16
09/01/2017 07:00:00 AM,74,38,36
09/01/2017 08:00:00 AM,96,50,46
09/01/2017 09:00:00 AM,85,49,36
09/01/2017 10:00:00 AM,44,24,20
09/01/2017 11:00:00 AM,40,20,20
09/01/2017 12:00:00 PM,37,25,12
09/01/2017 01:00:00 PM,30,12,18
09/01/2017 02:00:00 PM,64,35,29
09/01/2017 03:00:00 PM,70,44,26
09/01/2017 04:00:00 PM,141,92,49
09/01/2017 05:00:00 PM,129,90,39
09/01/2017 06:00:00 PM,78,53,25
09/01/2017 07:00:00 PM,47,26,21
09/01/2017 08:00:00 PM,27,16,11
09/01/2017 09:00:00 PM,14,8,6
09/01/2017 10:00:00 PM,8,1,7
09/01/2017 11:00:00 PM,13,9,4
09/02/2017 12:00:00 AM,3,2,1
09/02/2017 01:00:00 AM,6,5,1
09/02/2017 02:00:00 AM,2,0,2
09/02/2017 03:00:00 AM,3,1,2
09/02/2017 04:00:00 AM,0,0,0
09/02/2017 05:00:00 AM,1,1,0
09/02/2017 06:00:00 AM,2,1,1
09/02/2017 07:00:00 AM,7,1,6
09/02/2017 08:00:00 AM,18,12,6
09/02/2017 09:00:00 AM,20,9,11
09/02/2017 10:00:00 AM,17,10,7
09/02/2017 11:00:00 AM,23,13,10
09/02/2017 12:00:00 PM,23,15,8
09/02/2017 01:00:00 PM,27,13,14
09/02/2017 02:00:00 PM,26,14,12
09/02/2017 03:00:00 PM,25,15,10
09/02/2017 04:00:00 PM,21,12,9
09/02/2017 05:00:00 PM,20,13,7
09/02/2017 06:00:00 PM,25,15,10
09/02/2017 07:00:00 PM,15,7,8
09/02/2017 08:00:00 PM,8,5,3
09/02/2017 09:00:00 PM,13,4,9
09/02/2017 10:00:00 PM,13,5,8
09/02/2017 11:00:00 PM,6,3,3
09/03/2017 12:00:00 AM,2,2,0
09/03/2017 01:00:00 AM,5,2,3
09/03/2017 02:00:00 AM,3,2,1
09/03/2017 03:00:00 AM,2,1,1
09/03/2017 04:00:00 AM,0,0,0
09/03/2017 05:00:00 AM,0,0,0
09/03/2017 06:00:00 AM,3,2,1
09/03/2017 07:00:00 AM,3,1,2
09/03/2017 08:00:00 AM,9,6,3
09/03/2017 09:00:00 AM,16,13,3
09/03/2017 10:00:00 AM,23,13,10
09/03/2017 11:00:00 AM,24,20,4
09/03/2017 12:00:00 PM,26,15,11
09/03/2017 01:00:00 PM,24,9,15
09/03/2017 02:00:00 PM,34,24,10
09/03/2017 03:00:00 PM,15,9,6
09/03/2017 04:00:00 PM,32,11,21
09/03/2017 05:00:00 PM,30,17,13
09/03/2017 06:00:00 PM,16,11,5
09/03/2017 07:00:00 PM,17,7,10
09/03/2017 08:00:00 PM,15,4,11
09/03/2017 09:00:00 PM,4,4,0
09/03/2017 10:00:00 PM,3,1,2
09/03/2017 11:00:00 PM,5,5,0
09/04/2017 12:00:00 AM,6,4,2
09/04/2017 01:00:00 AM,1,1,0
09/04/2017 02:00:00 AM,1,0,1
09/04/2017 03:00:00 AM,2,2,0
09/04/2017 04:00:00 AM,0,0,0
09/04/2017 05:00:00 AM,1,1,0
09/04/2017 06:00:00 AM,4,2,2
09/04/2017 07:00:00 AM,10,7,3
09/04/2017 08:00:00 AM,16,8,8
09/04/2017 09:00:00 AM,11,4,7
09/04/2017 10:00:00 AM,16,10,6
09/04/2017 11:00:00 AM,20,15,5
09/04/2017 12:00:00 PM,33,20,13
09/04/2017 01:00:00 PM,31,17,14
09/04/2017 02:00:00 PM,32,18,14
09/04/2017 03:00:00 PM,36,21,15
09/04/2017 04:00:00 PM,28,14,14
09/04/2017 05:00:00 PM,21,17,4
09/04/2017 06:00:00 PM,27,14,13
09/04/2017 07:00:00 PM,15,3,12
09/04/2017 08:00:00 PM,17,7,10
09/04/2017 09:00:00 PM,14,7,7
09/04/2017 10:00:00 PM,7,2,5
09/04/2017 11:00:00 PM,3,3,0
09/05/2017 12:00:00 AM,4,2,2
09/05/2017 01:00:00 AM,1,0,1
09/05/2017 02:00:00 AM,1,1,0
09/05/2017 03:00:00 AM,1,1,0
09/05/2017 04:00:00 AM,1,1,0
09/05/2017 05:00:00 AM,10,2,8
09/05/2017 06:00:00 AM,40,18,22
09/05/2017 07:00:00 AM,84,45,39
09/05/2017 08:00:00 AM,136,81,55
09/05/2017 09:00:00 AM,65,37,28
09/05/2017 10:00:00 AM,33,16,17
09/05/2017 11:00:00 AM,46,21,25
09/05/2017 12:00:00 PM,19,13,6
09/05/2017 01:00:00 PM,20,8,12
09/05/2017 02:00:00 PM,27,15,12
09/05/2017 03:00:00 PM,53,39,14
09/05/2017 04:00:00 PM,129,98,31
09/05/2017 05:00:00 PM,187,122,65
09/05/2017 06:00:00 PM,92,65,27
09/05/2017 07:00:00 PM,19,11,8
09/05/2017 08:00:00 PM,20,14,6
09/05/2017 09:00:00 PM,10,4,6
09/05/2017 10:00:00 PM,21,6,15
09/05/2017 11:00:00 PM,4,3,1
09/06/2017 12:00:00 AM,0,0,0
09/06/2017 01:00:00 AM,1,0,1
09/06/2017 02:00:00 AM,1,0,1
09/06/2017 03:00:00 AM,0,0,0
09/06/2017 04:00:00 AM,2,1,1
09/06/2017 05:00:00 AM,9,1,8
09/06/2017 06:00:00 AM,33,17,16
09/06/2017 07:00:00 AM,77,44,33
09/06/2017 08:00:00 AM,101,50,51
09/06/2017 09:00:00 AM,83,44,39
09/06/2017 10:00:00 AM,28,15,13
09/06/2017 11:00:00 AM,21,15,6
09/06/2017 12:00:00 PM,36,20,16
09/06/2017 01:00:00 PM,21,11,10
09/06/2017 02:00:00 PM,40,18,22
09/06/2017 03:00:00 PM,47,34,13
09/06/2017 04:00:00 PM,107,70,37
09/06/2017 05:00:00 PM,186,128,58
09/06/2017 06:00:00 PM,96,67,29
09/06/2017 07:00:00 PM,36,23,13
09/06/2017 08:00:00 PM,27,15,12
09/06/2017 09:00:00 PM,7,2,5
09/06/2017 10:00:00 PM,10,4,6
09/06/2017 11:00:00 PM,2,0,2
09/07/2017 12:00:00 AM,5,4,1
09/07/2017 01:00:00 AM,3,1,2
09/07/2017 02:00:00 AM,0,0,0
09/07/2017 03:00:00 AM,0,0,0
09/07/2017 04:00:00 AM,5,3,2
09/07/2017 05:00:00 AM,12,2,10
09/07/2017 06:00:00 AM,37,20,17
09/07/2017 07:00:00 AM,74,33,41
09/07/2017 08:00:00 AM,117,74,43
09/07/2017 09:00:00 AM,74,46,28
09/07/2017 10:00:00 AM,32,24,8
09/07/2017 11:00:00 AM,37,16,21
09/07/2017 12:00:00 PM,40,21,19
09/07/2017 01:00:00 PM,30,15,15
09/07/2017 02:00:00 PM,33,18,15
09/07/2017 03:00:00 PM,61,42,19
09/07/2017 04:00:00 PM,118,84,34
09/07/2017 05:00:00 PM,177,121,56
09/07/2017 06:00:00 PM,111,84,27
09/07/2017 07:00:00 PM,46,27,19
09/07/2017 08:00:00 PM,24,12,12
09/07/2017 09:00:00 PM,19,11,8
09/07/2017 10:00:00 PM,8,5,3
09/07/2017 11:00:00 PM,5,2,3
09/08/2017 12:00:00 AM,3,2,1
09/08/2017 01:00:00 AM,1,0,1
09/08/2017 02:00:00 AM,3,2,1
09/08/2017 03:00:00 AM,2,2,0
09/08/2017 04:00:00 AM,3,1,2
09/08/2017 05:00:00 AM,10,4,6
09/08/2017 06:00:00 AM,25,12,13
09/08/2017 07:00:00 AM,61,33,28
09/08/2017 08:00:00 AM,85,46,39
09/08/2017 09:00:00 AM,83,49,34
09/08/2017 10:00:00 AM,25,15,10
09/08/2017 11:00:00 AM,38,20,18
09/08/2017 12:00:00 PM,44,21,23
09/08/2017 01:00:00 PM,34,19,15
09/08/2017 02:00:00 PM,47,27,20
09/08/2017 03:00:00 PM,66,42,24
09/08/2017 04:00:00 PM,118,82,36
09/08/2017 05:00:00 PM,163,118,45
09/08/2017 06:00:00 PM,79,52,27
09/08/2017 07:00:00 PM,35,21,14
09/08/2017 08:00:00 PM,11,7,4
09/08/2017 09:00:00 PM,10,7,3
09/08/2017 10:00:00 PM,9,3,6
09/08/2017 11:00:00 PM,7,3,4
09/09/2017 12:00:00 AM,5,2,3
09/09/2017 01:00:00 AM,2,0,2
09/09/2017 02:00:00 AM,0,0,0
09/09/2017 03:00:00 AM,0,0,0
09/09/2017 04:00:00 AM,0,0,0
09/09/2017 05:00:00 AM,1,0,1
09/09/2017 06:00:00 AM,7,5,2
09/09/2017 07:00:00 AM,7,4,3
09/09/2017 08:00:00 AM,14,9,5
09/09/2017 09:00:00 AM,7,3,4
09/09/2017 10:00:00 AM,15,9,6
09/09/2017 11:00:00 AM,18,11,7
09/09/2017 12:00:00 PM,27,17,10
09/09/2017 01:00:00 PM,30,12,18
09/09/2017 02:00:00 PM,36,16,20
09/09/2017 03:00:00 PM,43,22,21
09/09/2017 04:00:00 PM,30,18,12
09/09/2017 05:00:00 PM,29,20,9
09/09/2017 06:00:00 PM,16,6,10
09/09/2017 07:00:00 PM,16,6,10
09/09/2017 08:00:00 PM,4,2,2
09/09/2017 09:00:00 PM,7,3,4
09/09/2017 10:00:00 PM,7,5,2
09/09/2017 11:00:00 PM,3,1,2
09/10/2017 12:00:00 AM,0,0,0
09/10/2017 01:00:00 AM,0,0,0
09/10/2017 02:00:00 AM,1,1,0
09/10/2017 03:00:00 AM,1,0,1
09/10/2017 04:00:00 AM,3,1,2
09/10/2017 05:00:00 AM,0,0,0
09/10/2017 06:00:00 AM,3,1,2
09/10/2017 07:00:00 AM,0,0,0
09/10/2017 08:00:00 AM,10,4,6
09/10/2017 09:00:00 AM,11,6,5
09/10/2017 10:00:00 AM,21,15,6
09/10/2017 11:00:00 AM,20,13,7
09/10/2017 12:00:00 PM,31,20,11
09/10/2017 01:00:00 PM,17,12,5
09/10/2017 02:00:00 PM,23,11,12
09/10/2017 03:00:00 PM,18,11,7
09/10/2017 04:00:00 PM,21,11,10
09/10/2017 05:00:00 PM,35,19,16
09/10/2017 06:00:00 PM,32,20,12
09/10/2017 07:00:00 PM,16,5,11
09/10/2017 08:00:00 PM,39,3,36
09/10/2017 09:00:00 PM,4,2,2
09/10/2017 10:00:00 PM,6,3,3
09/10/2017 11:00:00 PM,2,1,1
09/11/2017 12:00:00 AM,0,0,0
09/11/2017 01:00:00 AM,3,2,1
09/11/2017 02:00:00 AM,2,1,1
09/11/2017 03:00:00 AM,1,1,0
09/11/2017 04:00:00 AM,2,2,0
09/11/2017 05:00:00 AM,11,0,11
09/11/2017 06:00:00 AM,36,15,21
09/11/2017 07:00:00 AM,107,50,57
09/11/2017 08:00:00 AM,125,72,53
09/11/2017 09:00:00 AM,83,44,39
09/11/2017 10:00:00 AM,30,13,17
09/11/2017 11:00:00 AM,18,11,7
09/11/2017 12:00:00 PM,37,16,21
09/11/2017 01:00:00 PM,23,12,11
09/11/2017 02:00:00 PM,29,22,7
09/11/2017 03:00:00 PM,57,44,13
09/11/2017 04:00:00 PM,144,101,43
09/11/2017 05:00:00 PM,205,131,74
09/11/2017 06:00:00 PM,103,72,31
09/11/2017 07:00:00 PM,36,18,18
09/11/2017 08:00:00 PM,19,9,10
09/11/2017 09:00:00 PM,7,3,4
09/11/2017 10:00:00 PM,6,4,2
09/11/2017 11:00:00 PM,2,2,0
09/12/2017 12:00:00 AM,0,0,0
09/12/2017 01:00:00 AM,0,0,0
09/12/2017 02:00:00 AM,3,2,1
09/12/2017 03:00:00 AM,0,0,0
09/12/2017 04:00:00 AM,3,3,0
09/12/2017 05:00:00 AM,10,1,9
09/12/2017 06:00:00 AM,33,13,20
09/12/2017 07:00:00 AM,116,59,57
09/12/2017 08:00:00 AM,148,91,57
09/12/2017 09:00:00 AM,72,41,31
09/12/2017 10:00:00 AM,33,18,15
09/12/2017 11:00:00 AM,31,11,20
09/12/2017 12:00:00 PM,37,20,17
09/12/2017 01:00:00 PM,42,22,20
09/12/2017 02:00:00 PM,50,32,18
09/12/2017 03:00:00 PM,75,51,24
09/12/2017 04:00:00 PM,149,101,48
09/12/2017 05:00:00 PM,214,148,66
09/12/2017 06:00:00 PM,109,77,32
09/12/2017 07:00:00 PM,40,20,20
09/12/2017 08:00:00 PM,17,14,3
09/12/2017 09:00:00 PM,7,3,4
09/12/2017 10:00:00 PM,3,2,1
09/12/2017 11:00:00 PM,7,7,0
09/13/2017 12:00:00 AM,4,2,2
09/13/2017 01:00:00 AM,0,0,0
09/13/2017 02:00:00 AM,0,0,0
09/13/2017 03:00:00 AM,1,1,0
09/13/2017 04:00:00 AM,1,1,0
09/13/2017 05:00:00 AM,8,2,6
09/13/2017 06:00:00 AM,42,20,22
09/13/2017 07:00:00 AM,99,53,46
09/13/2017 08:00:00 AM,133,80,53
09/13/2017 09:00:00 AM,71,33,38
09/13/2017 10:00:00 AM,35,18,17
09/13/2017 11:00:00 AM,38,21,17
09/13/2017 12:00:00 PM,36,15,21
09/13/2017 01:00:00 PM,37,23,14
09/13/2017 02:00:00 PM,37,22,15
09/13/2017 03:00:00 PM,72,57,15
09/13/2017 04:00:00 PM,130,98,32
09/13/2017 05:00:00 PM,195,133,62
09/13/2017 06:00:00 PM,110,74,36
09/13/2017 07:00:00 PM,51,28,23
09/13/2017 08:00:00 PM,27,17,10
09/13/2017 09:00:00 PM,11,6,5
09/13/2017 10:00:00 PM,14,9,5
09/13/2017 11:00:00 PM,2,2,0
09/14/2017 12:00:00 AM,5,3,2
09/14/2017 01:00:00 AM,3,1,2
09/14/2017 02:00:00 AM,0,0,0
09/14/2017 03:00:00 AM,0,0,0
09/14/2017 04:00:00 AM,2,2,0
09/14/2017 05:00:00 AM,10,3,7
09/14/2017 06:00:00 AM,46,24,22
09/14/2017 07:00:00 AM,79,35,44
09/14/2017 08:00:00 AM,138,76,62
09/14/2017 09:00:00 AM,72,41,31
09/14/2017 10:00:00 AM,33,18,15
09/14/2017 11:00:00 AM,23,13,10
09/14/2017 12:00:00 PM,38,20,18
09/14/2017 01:00:00 PM,33,20,13
09/14/2017 02:00:00 PM,27,15,12
09/14/2017 03:00:00 PM,63,45,18
09/14/2017 04:00:00 PM,128,94,34
09/14/2017 05:00:00 PM,175,115,60
09/14/2017 06:00:00 PM,106,70,36
09/14/2017 07:00:00 PM,42,18,24
09/14/2017 08:00:00 PM,26,10,16
09/14/2017 09:00:00 PM,9,6,3
09/14/2017 10:00:00 PM,5,2,3
09/14/2017 11:00:00 PM,4,2,2
09/15/2017 12:00:00 AM,2,2,0
09/15/2017 01:00:00 AM,0,0,0
09/15/2017 02:00:00 AM,2,1,1
09/15/2017 03:00:00 AM,1,0,1
09/15/2017 04:00:00 AM,1,0,1
09/15/2017 05:00:00 AM,6,2,4
09/15/2017 06:00:00 AM,25,10,15
09/15/2017 07:00:00 AM,69,28,41
09/15/2017 08:00:00 AM,99,51,48
09/15/2017 09:00:00 AM,71,36,35
09/15/2017 10:00:00 AM,26,13,13
09/15/2017 11:00:00 AM,32,16,16
09/15/2017 12:00:00 PM,26,11,15
09/15/2017 01:00:00 PM,47,25,22
09/15/2017 02:00:00 PM,47,31,16
09/15/2017 03:00:00 PM,80,55,25
09/15/2017 04:00:00 PM,147,92,55
09/15/2017 05:00:00 PM,177,116,61
09/15/2017 06:00:00 PM,76,47,29
09/15/2017 07:00:00 PM,31,18,13
09/15/2017 08:00:00 PM,11,6,5
09/15/2017 09:00:00 PM,4,4,0
09/15/2017 10:00:00 PM,5,3,2
09/15/2017 11:00:00 PM,4,2,2
09/16/2017 12:00:00 AM,6,3,3
09/16/2017 01:00:00 AM,4,2,2
09/16/2017 02:00:00 AM,3,1,2
09/16/2017 03:00:00 AM,0,0,0
09/16/2017 04:00:00 AM,1,1,0
09/16/2017 05:00:00 AM,1,0,1
09/16/2017 06:00:00 AM,6,3,3
09/16/2017 07:00:00 AM,9,6,3
09/16/2017 08:00:00 AM,6,3,3
09/16/2017 09:00:00 AM,18,14,4
09/16/2017 10:00:00 AM,17,11,6
09/16/2017 11:00:00 AM,22,8,14
09/16/2017 12:00:00 PM,25,13,12
09/16/2017 01:00:00 PM,31,12,19
09/16/2017 02:00:00 PM,43,27,16
09/16/2017 03:00:00 PM,21,12,9
09/16/2017 04:00:00 PM,32,13,19
09/16/2017 05:00:00 PM,28,15,13
09/16/2017 06:00:00 PM,20,15,5
09/16/2017 07:00:00 PM,19,12,7
09/16/2017 08:00:00 PM,6,2,4
09/16/2017 09:00:00 PM,15,7,8
09/16/2017 10:00:00 PM,6,3,3
09/16/2017 11:00:00 PM,12,4,8
09/17/2017 12:00:00 AM,3,1,2
09/17/2017 01:00:00 AM,2,0,2
09/17/2017 02:00:00 AM,2,1,1
09/17/2017 03:00:00 AM,0,0,0
09/17/2017 04:00:00 AM,0,0,0
09/17/2017 05:00:00 AM,1,1,0
09/17/2017 06:00:00 AM,2,2,0
09/17/2017 07:00:00 AM,13,7,6
09/17/2017 08:00:00 AM,11,7,4
09/17/2017 09:00:00 AM,9,4,5
09/17/2017 10:00:00 AM,27,20,7
09/17/2017 11:00:00 AM,17,11,6
09/17/2017 12:00:00 PM,31,19,12
09/17/2017 01:00:00 PM,9,8,1
09/17/2017 02:00:00 PM,7,0,7
09/17/2017 03:00:00 PM,10,6,4
09/17/2017 04:00:00 PM,18,2,16
09/17/2017 05:00:00 PM,15,6,9
09/17/2017 06:00:00 PM,7,4,3
09/17/2017 07:00:00 PM,11,2,9
09/17/2017 08:00:00 PM,2,0,2
09/17/2017 09:00:00 PM,3,2,1
09/17/2017 10:00:00 PM,15,8,7
09/17/2017 11:00:00 PM,1,0,1
09/18/2017 12:00:00 AM,4,2,2
09/18/2017 01:00:00 AM,1,0,1
09/18/2017 02:00:00 AM,2,1,1
09/18/2017 03:00:00 AM,1,0,1
09/18/2017 04:00:00 AM,1,1,0
09/18/2017 05:00:00 AM,7,0,7
09/18/2017 06:00:00 AM,29,15,14
09/18/2017 07:00:00 AM,66,34,32
09/18/2017 08:00:00 AM,96,51,45
09/18/2017 09:00:00 AM,59,35,24
09/18/2017 10:00:00 AM,37,15,22
09/18/2017 11:00:00 AM,34,16,18
09/18/2017 12:00:00 PM,35,12,23
09/18/2017 01:00:00 PM,23,14,9
09/18/2017 02:00:00 PM,28,17,11
09/18/2017 03:00:00 PM,44,34,10
09/18/2017 04:00:00 PM,76,56,20
09/18/2017 05:00:00 PM,143,106,37
09/18/2017 06:00:00 PM,72,50,22
09/18/2017 07:00:00 PM,17,10,7
09/18/2017 08:00:00 PM,13,6,7
09/18/2017 09:00:00 PM,7,1,6
09/18/2017 10:00:00 PM,4,4,0
09/18/2017 11:00:00 PM,1,0,1
09/19/2017 12:00:00 AM,1,0,1
09/19/2017 01:00:00 AM,0,0,0
09/19/2017 02:00:00 AM,2,0,2
09/19/2017 03:00:00 AM,0,0,0
09/19/2017 04:00:00 AM,1,1,0
09/19/2017 05:00:00 AM,5,1,4
09/19/2017 06:00:00 AM,27,8,19
09/19/2017 07:00:00 AM,50,25,25
09/19/2017 08:00:00 AM,89,50,39
09/19/2017 09:00:00 AM,43,21,22
09/19/2017 10:00:00 AM,28,9,19
09/19/2017 11:00:00 AM,23,11,12
09/19/2017 12:00:00 PM,32,15,17
09/19/2017 01:00:00 PM,17,6,11
09/19/2017 02:00:00 PM,19,9,10
09/19/2017 03:00:00 PM,45,27,18
09/19/2017 04:00:00 PM,84,61,23
09/19/2017 05:00:00 PM,125,93,32
09/19/2017 06:00:00 PM,47,31,16
09/19/2017 07:00:00 PM,27,8,19
09/19/2017 08:00:00 PM,10,6,4
09/19/2017 09:00:00 PM,5,2,3
09/19/2017 10:00:00 PM,5,2,3
09/19/2017 11:00:00 PM,5,2,3
09/20/2017 12:00:00 AM,0,0,0
09/20/2017 01:00:00 AM,1,1,0
09/20/2017 02:00:00 AM,0,0,0
09/20/2017 03:00:00 AM,1,1,0
09/20/2017 04:00:00 AM,1,1,0
09/20/2017 05:00:00 AM,7,2,5
09/20/2017 06:00:00 AM,29,11,18
09/20/2017 07:00:00 AM,69,28,41
09/20/2017 08:00:00 AM,81,46,35
09/20/2017 09:00:00 AM,7,4,3
09/20/2017 10:00:00 AM,26,13,13
09/20/2017 11:00:00 AM,25,7,18
09/20/2017 12:00:00 PM,42,24,18
09/20/2017 01:00:00 PM,34,17,17
09/20/2017 02:00:00 PM,38,18,20
09/20/2017 03:00:00 PM,46,34,12
09/20/2017 04:00:00 PM,98,69,29
09/20/2017 05:00:00 PM,144,96,48
09/20/2017 06:00:00 PM,85,52,33
09/20/2017 07:00:00 PM,20,13,7
09/20/2017 08:00:00 PM,15,7,8
09/20/2017 09:00:00 PM,14,6,8
09/20/2017 10:00:00 PM,10,4,6
09/20/2017 11:00:00 PM,4,1,3
09/21/2017 12:00:00 AM,1,0,1
09/21/2017 01:00:00 AM,1,1,0
09/21/2017 02:00:00 AM,1,0,1
09/21/2017 03:00:00 AM,0,0,0
09/21/2017 04:00:00 AM,1,0,1
09/21/2017 05:00:00 AM,7,2,5
09/21/2017 06:00:00 AM,25,11,14
09/21/2017 07:00:00 AM,58,26,32
09/21/2017 08:00:00 AM,97,50,47
09/21/2017 09:00:00 AM,57,32,25
09/21/2017 10:00:00 AM,18,8,10
09/21/2017 11:00:00 AM,26,11,15
09/21/2017 12:00:00 PM,25,9,16
09/21/2017 01:00:00 PM,36,18,18
09/21/2017 02:00:00 PM,34,27,7
09/21/2017 03:00:00 PM,45,32,13
09/21/2017 04:00:00 PM,114,84,30
09/21/2017 05:00:00 PM,150,94,56
09/21/2017 06:00:00 PM,80,49,31
09/21/2017 07:00:00 PM,26,12,14
09/21/2017 08:00:00 PM,16,8,8
09/21/2017 09:00:00 PM,12,8,4
09/21/2017 10:00:00 PM,7,2,5
09/21/2017 11:00:00 PM,7,5,2
09/22/2017 12:00:00 AM,1,0,1
09/22/2017 01:00:00 AM,0,0,0
09/22/2017 02:00:00 AM,2,2,0
09/22/2017 03:00:00 AM,0,0,0
09/22/2017 04:00:00 AM,0,0,0
09/22/2017 05:00:00 AM,4,1,3
09/22/2017 06:00:00 AM,25,8,17
09/22/2017 07:00:00 AM,69,35,34
09/22/2017 08:00:00 AM,99,54,45
09/22/2017 09:00:00 AM,66,39,27
09/22/2017 10:00:00 AM,35,18,17
09/22/2017 11:00:00 AM,28,16,12
09/22/2017 12:00:00 PM,35,18,17
09/22/2017 01:00:00 PM,60,33,27
09/22/2017 02:00:00 PM,62,31,31
09/22/2017 03:00:00 PM,71,42,29
09/22/2017 04:00:00 PM,131,87,44
09/22/2017 05:00:00 PM,125,92,33
09/22/2017 06:00:00 PM,89,50,39
09/22/2017 07:00:00 PM,33,22,11
09/22/2017 08:00:00 PM,14,9,5
09/22/2017 09:00:00 PM,12,6,6
09/22/2017 10:00:00 PM,17,3,14
09/22/2017 11:00:00 PM,3,1,2
09/23/2017 12:00:00 AM,3,1,2
09/23/2017 01:00:00 AM,1,1,0
09/23/2017 02:00:00 AM,6,2,4
09/23/2017 03:00:00 AM,1,0,1
09/23/2017 04:00:00 AM,0,0,0
09/23/2017 05:00:00 AM,2,0,2
09/23/2017 06:00:00 AM,2,1,1
09/23/2017 07:00:00 AM,9,4,5
09/23/2017 08:00:00 AM,12,6,6
09/23/2017 09:00:00 AM,15,9,6
09/23/2017 10:00:00 AM,17,7,10
09/23/2017 11:00:00 AM,20,12,8
09/23/2017 12:00:00 PM,29,16,13
09/23/2017 01:00:00 PM,42,24,18
09/23/2017 02:00:00 PM,39,20,19
09/23/2017 03:00:00 PM,20,11,9
09/23/2017 04:00:00 PM,32,15,17
09/23/2017 05:00:00 PM,37,21,16
09/23/2017 06:00:00 PM,29,23,6
09/23/2017 07:00:00 PM,22,13,9
09/23/2017 08:00:00 PM,11,9,2
09/23/2017 09:00:00 PM,13,4,9
09/23/2017 10:00:00 PM,7,4,3
09/23/2017 11:00:00 PM,31,7,24
09/24/2017 12:00:00 AM,10,3,7
09/24/2017 01:00:00 AM,0,0,0
09/24/2017 02:00:00 AM,6,1,5
09/24/2017 03:00:00 AM,1,0,1
09/24/2017 04:00:00 AM,2,0,2
09/24/2017 05:00:00 AM,3,2,1
09/24/2017 06:00:00 AM,1,0,1
09/24/2017 07:00:00 AM,4,1,3
09/24/2017 08:00:00 AM,5,3,2
09/24/2017 09:00:00 AM,13,7,6
09/24/2017 10:00:00 AM,16,6,10
09/24/2017 11:00:00 AM,19,13,6
09/24/2017 12:00:00 PM,27,9,18
09/24/2017 01:00:00 PM,33,16,17
09/24/2017 02:00:00 PM,22,13,9
09/24/2017 03:00:00 PM,17,9,8
09/24/2017 04:00:00 PM,29,16,13
09/24/2017 05:00:00 PM,24,14,10
09/24/2017 06:00:00 PM,13,8,5
09/24/2017 07:00:00 PM,11,2,9
09/24/2017 08:00:00 PM,7,4,3
09/24/2017 09:00:00 PM,4,3,1
09/24/2017 10:00:00 PM,5,1,4
09/24/2017 11:00:00 PM,1,0,1
09/25/2017 12:00:00 AM,4,2,2
09/25/2017 01:00:00 AM,0,0,0
09/25/2017 02:00:00 AM,2,1,1
09/25/2017 03:00:00 AM,0,0,0
09/25/2017 04:00:00 AM,2,2,0
09/25/2017 05:00:00 AM,9,3,6
09/25/2017 06:00:00 AM,38,13,25
09/25/2017 07:00:00 AM,67,35,32
09/25/2017 08:00:00 AM,88,47,41
09/25/2017 09:00:00 AM,59,24,35
09/25/2017 10:00:00 AM,22,9,13
09/25/2017 11:00:00 AM,28,13,15
09/25/2017 12:00:00 PM,21,10,11
09/25/2017 01:00:00 PM,15,9,6
09/25/2017 02:00:00 PM,24,14,10
09/25/2017 03:00:00 PM,46,34,12
09/25/2017 04:00:00 PM,113,83,30
09/25/2017 05:00:00 PM,155,103,52
09/25/2017 06:00:00 PM,71,47,24
09/25/2017 07:00:00 PM,28,13,15
09/25/2017 08:00:00 PM,14,9,5
09/25/2017 09:00:00 PM,6,2,4
09/25/2017 10:00:00 PM,6,2,4
09/25/2017 11:00:00 PM,1,0,1
09/26/2017 12:00:00 AM,0,0,0
09/26/2017 01:00:00 AM,1,1,0
09/26/2017 02:00:00 AM,0,0,0
09/26/2017 03:00:00 AM,1,1,0
09/26/2017 04:00:00 AM,1,1,0
09/26/2017 05:00:00 AM,4,0,4
09/26/2017 06:00:00 AM,37,15,22
09/26/2017 07:00:00 AM,95,50,45
09/26/2017 08:00:00 AM,126,64,62
09/26/2017 09:00:00 AM,69,32,37
09/26/2017 10:00:00 AM,32,20,12
09/26/2017 11:00:00 AM,34,12,22
09/26/2017 12:00:00 PM,43,21,22
09/26/2017 01:00:00 PM,40,18,22
09/26/2017 02:00:00 PM,31,22,9
09/26/2017 03:00:00 PM,68,49,19
09/26/2017 04:00:00 PM,143,88,55
09/26/2017 05:00:00 PM,202,131,71
09/26/2017 06:00:00 PM,101,64,37
09/26/2017 07:00:00 PM,39,24,15
09/26/2017 08:00:00 PM,19,9,10
09/26/2017 09:00:00 PM,13,6,7
09/26/2017 10:00:00 PM,10,3,7
09/26/2017 11:00:00 PM,8,6,2
09/27/2017 12:00:00 AM,1,0,1
09/27/2017 01:00:00 AM,0,0,0
09/27/2017 02:00:00 AM,0,0,0
09/27/2017 03:00:00 AM,0,0,0
09/27/2017 04:00:00 AM,0,0,0
09/27/2017 05:00:00 AM,5,0,5
09/27/2017 06:00:00 AM,30,14,16
09/27/2017 07:00:00 AM,84,46,38
09/27/2017 08:00:00 AM,105,50,55
09/27/2017 09:00:00 AM,93,48,45
09/27/2017 10:00:00 AM,35,17,18
09/27/2017 11:00:00 AM,39,16,23
09/27/2017 12:00:00 PM,38,23,15
09/27/2017 01:00:00 PM,37,23,14
09/27/2017 02:00:00 PM,45,21,24
09/27/2017 03:00:00 PM,73,53,20
09/27/2017 04:00:00 PM,147,110,37
09/27/2017 05:00:00 PM,208,142,66
09/27/2017 06:00:00 PM,137,107,30
09/27/2017 07:00:00 PM,66,34,32
09/27/2017 08:00:00 PM,34,16,18
09/27/2017 09:00:00 PM,48,5,43
09/27/2017 10:00:00 PM,32,8,24
09/27/2017 11:00:00 PM,3,0,3
09/28/2017 12:00:00 AM,5,3,2
09/28/2017 01:00:00 AM,2,0,2
09/28/2017 02:00:00 AM,0,0,0
09/28/2017 03:00:00 AM,2,1,1
09/28/2017 04:00:00 AM,1,1,0
09/28/2017 05:00:00 AM,7,2,5
09/28/2017 06:00:00 AM,41,23,18
09/28/2017 07:00:00 AM,95,50,45
09/28/2017 08:00:00 AM,125,71,54
09/28/2017 09:00:00 AM,77,47,30
09/28/2017 10:00:00 AM,35,18,17
09/28/2017 11:00:00 AM,31,19,12
09/28/2017 12:00:00 PM,27,14,13
09/28/2017 01:00:00 PM,48,20,28
09/28/2017 02:00:00 PM,46,26,20
09/28/2017 03:00:00 PM,77,53,24
09/28/2017 04:00:00 PM,126,76,50
09/28/2017 05:00:00 PM,221,144,77
09/28/2017 06:00:00 PM,77,52,25
09/28/2017 07:00:00 PM,40,21,19
09/28/2017 08:00:00 PM,23,13,10
09/28/2017 09:00:00 PM,16,8,8
09/28/2017 10:00:00 PM,8,3,5
09/28/2017 11:00:00 PM,3,2,1
09/29/2017 12:00:00 AM,2,1,1
09/29/2017 01:00:00 AM,0,0,0
09/29/2017 02:00:00 AM,0,0,0
09/29/2017 03:00:00 AM,1,0,1
09/29/2017 04:00:00 AM,0,0,0
09/29/2017 05:00:00 AM,4,0,4
09/29/2017 06:00:00 AM,18,6,12
09/29/2017 07:00:00 AM,55,28,27
09/29/2017 08:00:00 AM,76,42,34
09/29/2017 09:00:00 AM,56,28,28
09/29/2017 10:00:00 AM,23,8,15
09/29/2017 11:00:00 AM,26,9,17
09/29/2017 12:00:00 PM,27,13,14
09/29/2017 01:00:00 PM,39,22,17
09/29/2017 02:00:00 PM,33,17,16
09/29/2017 03:00:00 PM,58,44,14
09/29/2017 04:00:00 PM,82,57,25
09/29/2017 05:00:00 PM,129,80,49
09/29/2017 06:00:00 PM,56,34,22
09/29/2017 07:00:00 PM,22,13,9
09/29/2017 08:00:00 PM,12,5,7
09/29/2017 09:00:00 PM,6,3,3
09/29/2017 10:00:00 PM,11,7,4
09/29/2017 11:00:00 PM,3,1,2
09/30/2017 12:00:00 AM,2,1,1
09/30/2017 01:00:00 AM,2,0,2
09/30/2017 02:00:00 AM,3,1,2
09/30/2017 03:00:00 AM,1,0,1
09/30/2017 04:00:00 AM,1,1,0
09/30/2017 05:00:00 AM,0,0,0
09/30/2017 06:00:00 AM,1,1,0
09/30/2017 07:00:00 AM,5,3,2
09/30/2017 08:00:00 AM,16,6,10
09/30/2017 09:00:00 AM,7,6,1
09/30/2017 10:00:00 AM,14,8,6
09/30/2017 11:00:00 AM,17,5,12
09/30/2017 12:00:00 PM,29,14,15
09/30/2017 01:00:00 PM,26,9,17
09/30/2017 02:00:00 PM,10,5,5
09/30/2017 03:00:00 PM,16,8,8
09/30/2017 04:00:00 PM,17,12,5
09/30/2017 05:00:00 PM,16,7,9
09/30/2017 06:00:00 PM,9,7,2
09/30/2017 07:00:00 PM,14,5,9
09/30/2017 08:00:00 PM,9,7,2
09/30/2017 09:00:00 PM,8,5,3
09/30/2017 10:00:00 PM,8,5,3
09/30/2017 11:00:00 PM,11,3,8
10/01/2017 12:00:00 AM,6,3,3
10/01/2017 01:00:00 AM,0,0,0
10/01/2017 02:00:00 AM,6,2,4
10/01/2017 03:00:00 AM,1,0,1
10/01/2017 04:00:00 AM,1,1,0
10/01/2017 05:00:00 AM,1,0,1
10/01/2017 06:00:00 AM,1,0,1
10/01/2017 07:00:00 AM,1,0,1
10/01/2017 08:00:00 AM,7,2,5
10/01/2017 09:00:00 AM,8,4,4
10/01/2017 10:00:00 AM,12,4,8
10/01/2017 11:00:00 AM,5,3,2
10/01/2017 12:00:00 PM,17,7,10
10/01/2017 01:00:00 PM,14,6,8
10/01/2017 02:00:00 PM,22,18,4
10/01/2017 03:00:00 PM,36,20,16
10/01/2017 04:00:00 PM,24,17,7
10/01/2017 05:00:00 PM,23,14,9
10/01/2017 06:00:00 PM,10,3,7
10/01/2017 07:00:00 PM,15,10,5
10/01/2017 08:00:00 PM,18,5,13
10/01/2017 09:00:00 PM,27,9,18
10/01/2017 10:00:00 PM,6,4,2
10/01/2017 11:00:00 PM,4,1,3
10/02/2017 12:00:00 AM,4,1,3
10/02/2017 01:00:00 AM,1,1,0
10/02/2017 02:00:00 AM,2,1,1
10/02/2017 03:00:00 AM,1,0,1
10/02/2017 04:00:00 AM,1,0,1
10/02/2017 05:00:00 AM,8,2,6
10/02/2017 06:00:00 AM,33,12,21
10/02/2017 07:00:00 AM,69,30,39
10/02/2017 08:00:00 AM,130,65,65
10/02/2017 09:00:00 AM,61,25,36
10/02/2017 10:00:00 AM,28,14,14
10/02/2017 11:00:00 AM,32,16,16
10/02/2017 12:00:00 PM,33,16,17
10/02/2017 01:00:00 PM,24,14,10
10/02/2017 02:00:00 PM,23,14,9
10/02/2017 03:00:00 PM,45,34,11
10/02/2017 04:00:00 PM,141,97,44
10/02/2017 05:00:00 PM,158,108,50
10/02/2017 06:00:00 PM,83,48,35
10/02/2017 07:00:00 PM,33,22,11
10/02/2017 08:00:00 PM,15,9,6
10/02/2017 09:00:00 PM,6,2,4
10/02/2017 10:00:00 PM,6,3,3
10/02/2017 11:00:00 PM,2,0,2
10/03/2017 12:00:00 AM,4,1,3
10/03/2017 01:00:00 AM,2,2,0
10/03/2017 02:00:00 AM,1,0,1
10/03/2017 03:00:00 AM,1,0,1
10/03/2017 04:00:00 AM,2,1,1
10/03/2017 05:00:00 AM,7,3,4
10/03/2017 06:00:00 AM,29,15,14
10/03/2017 07:00:00 AM,93,40,53
10/03/2017 08:00:00 AM,136,76,60
10/03/2017 09:00:00 AM,69,34,35
10/03/2017 10:00:00 AM,39,16,23
10/03/2017 11:00:00 AM,40,18,22
10/03/2017 12:00:00 PM,46,24,22
10/03/2017 01:00:00 PM,39,21,18
10/03/2017 02:00:00 PM,32,18,14
10/03/2017 03:00:00 PM,72,51,21
10/03/2017 04:00:00 PM,130,83,47
10/03/2017 05:00:00 PM,212,146,66
10/03/2017 06:00:00 PM,88,48,40
10/03/2017 07:00:00 PM,38,24,14
10/03/2017 08:00:00 PM,12,7,5
10/03/2017 09:00:00 PM,12,9,3
10/03/2017 10:00:00 PM,6,3,3
10/03/2017 11:00:00 PM,6,4,2
10/04/2017 12:00:00 AM,4,0,4
10/04/2017 01:00:00 AM,0,0,0
10/04/2017 02:00:00 AM,3,1,2
10/04/2017 03:00:00 AM,1,0,1
10/04/2017 04:00:00 AM,2,2,0
10/04/2017 05:00:00 AM,7,1,6
10/04/2017 06:00:00 AM,30,14,16
10/04/2017 07:00:00 AM,87,41,46
10/04/2017 08:00:00 AM,132,73,59
10/04/2017 09:00:00 AM,75,40,35
10/04/2017 10:00:00 AM,28,14,14
10/04/2017 11:00:00 AM,29,13,16
10/04/2017 12:00:00 PM,31,17,14
10/04/2017 01:00:00 PM,24,16,8
10/04/2017 02:00:00 PM,44,28,16
10/04/2017 03:00:00 PM,56,41,15
10/04/2017 04:00:00 PM,116,87,29
10/04/2017 05:00:00 PM,179,113,66
10/04/2017 06:00:00 PM,86,52,34
10/04/2017 07:00:00 PM,34,15,19
10/04/2017 08:00:00 PM,14,3,11
10/04/2017 09:00:00 PM,10,5,5
10/04/2017 10:00:00 PM,13,6,7
10/04/2017 11:00:00 PM,4,3,1
10/05/2017 12:00:00 AM,4,2,2
10/05/2017 01:00:00 AM,1,0,1
10/05/2017 02:00:00 AM,0,0,0
10/05/2017 03:00:00 AM,0,0,0
10/05/2017 04:00:00 AM,2,1,1
10/05/2017 05:00:00 AM,10,1,9
10/05/2017 06:00:00 AM,33,17,16
10/05/2017 07:00:00 AM,69,34,35
10/05/2017 08:00:00 AM,111,57,54
10/05/2017 09:00:00 AM,77,46,31
10/05/2017 10:00:00 AM,26,17,9
10/05/2017 11:00:00 AM,29,13,16
10/05/2017 12:00:00 PM,34,16,18
10/05/2017 01:00:00 PM,29,13,16
10/05/2017 02:00:00 PM,32,21,11
10/05/2017 03:00:00 PM,53,34,19
10/05/2017 04:00:00 PM,118,82,36
10/05/2017 05:00:00 PM,167,109,58
10/05/2017 06:00:00 PM,101,71,30
10/05/2017 07:00:00 PM,39,19,20
10/05/2017 08:00:00 PM,18,6,12
10/05/2017 09:00:00 PM,20,7,13
10/05/2017 10:00:00 PM,9,5,4
10/05/2017 11:00:00 PM,5,3,2
10/06/2017 12:00:00 AM,4,3,1
10/06/2017 01:00:00 AM,0,0,0
10/06/2017 02:00:00 AM,1,1,0
10/06/2017 03:00:00 AM,0,0,0
10/06/2017 04:00:00 AM,1,1,0
10/06/2017 05:00:00 AM,7,2,5
10/06/2017 06:00:00 AM,18,8,10
10/06/2017 07:00:00 AM,66,27,39
10/06/2017 08:00:00 AM,115,63,52
10/06/2017 09:00:00 AM,56,26,30
10/06/2017 10:00:00 AM,30,15,15
10/06/2017 11:00:00 AM,33,13,20
10/06/2017 12:00:00 PM,43,24,19
10/06/2017 01:00:00 PM,35,22,13
10/06/2017 02:00:00 PM,40,27,13
10/06/2017 03:00:00 PM,74,45,29
10/06/2017 04:00:00 PM,110,79,31
10/06/2017 05:00:00 PM,125,80,45
10/06/2017 06:00:00 PM,64,39,25
10/06/2017 07:00:00 PM,29,17,12
10/06/2017 08:00:00 PM,13,8,5
10/06/2017 09:00:00 PM,6,3,3
10/06/2017 10:00:00 PM,7,3,4
10/06/2017 11:00:00 PM,3,2,1
10/07/2017 12:00:00 AM,3,3,0
10/07/2017 01:00:00 AM,6,5,1
10/07/2017 02:00:00 AM,2,0,2
10/07/2017 03:00:00 AM,0,0,0
10/07/2017 04:00:00 AM,0,0,0
10/07/2017 05:00:00 AM,2,1,1
10/07/2017 06:00:00 AM,1,1,0
10/07/2017 07:00:00 AM,2,0,2
10/07/2017 08:00:00 AM,8,4,4
10/07/2017 09:00:00 AM,9,5,4
10/07/2017 10:00:00 AM,12,8,4
10/07/2017 11:00:00 AM,15,6,9
10/07/2017 12:00:00 PM,18,8,10
10/07/2017 01:00:00 PM,18,7,11
10/07/2017 02:00:00 PM,20,10,10
10/07/2017 03:00:00 PM,16,10,6
10/07/2017 04:00:00 PM,20,8,12
10/07/2017 05:00:00 PM,16,4,12
10/07/2017 06:00:00 PM,20,12,8
10/07/2017 07:00:00 PM,5,2,3
10/07/2017 08:00:00 PM,10,6,4
10/07/2017 09:00:00 PM,1,0,1
10/07/2017 10:00:00 PM,6,5,1
10/07/2017 11:00:00 PM,3,1,2
10/08/2017 12:00:00 AM,2,2,0
10/08/2017 01:00:00 AM,2,1,1
10/08/2017 02:00:00 AM,8,2,6
10/08/2017 03:00:00 AM,0,0,0
10/08/2017 04:00:00 AM,0,0,0
10/08/2017 05:00:00 AM,1,1,0
10/08/2017 06:00:00 AM,3,2,1
10/08/2017 07:00:00 AM,4,2,2
10/08/2017 08:00:00 AM,4,1,3
10/08/2017 09:00:00 AM,5,4,1
10/08/2017 10:00:00 AM,13,5,8
10/08/2017 11:00:00 AM,15,10,5
10/08/2017 12:00:00 PM,24,11,13
10/08/2017 01:00:00 PM,7,4,3
10/08/2017 02:00:00 PM,21,15,6
10/08/2017 03:00:00 PM,19,9,10
10/08/2017 04:00:00 PM,19,8,11
10/08/2017 05:00:00 PM,21,13,8
10/08/2017 06:00:00 PM,8,6,2
10/08/2017 07:00:00 PM,11,6,5
10/08/2017 08:00:00 PM,9,6,3
10/08/2017 09:00:00 PM,2,1,1
10/08/2017 10:00:00 PM,5,3,2
10/08/2017 11:00:00 PM,0,0,0
10/09/2017 12:00:00 AM,2,2,0
10/09/2017 01:00:00 AM,2,1,1
10/09/2017 02:00:00 AM,2,2,0
10/09/2017 03:00:00 AM,1,0,1
10/09/2017 04:00:00 AM,1,1,0
10/09/2017 05:00:00 AM,10,3,7
10/09/2017 06:00:00 AM,30,12,18
10/09/2017 07:00:00 AM,73,28,45
10/09/2017 08:00:00 AM,120,71,49
10/09/2017 09:00:00 AM,81,40,41
10/09/2017 10:00:00 AM,25,16,9
10/09/2017 11:00:00 AM,33,12,21
10/09/2017 12:00:00 PM,37,24,13
10/09/2017 01:00:00 PM,28,10,18
10/09/2017 02:00:00 PM,31,19,12
10/09/2017 03:00:00 PM,47,35,12
10/09/2017 04:00:00 PM,120,84,36
10/09/2017 05:00:00 PM,192,123,69
10/09/2017 06:00:00 PM,85,54,31
10/09/2017 07:00:00 PM,24,14,10
10/09/2017 08:00:00 PM,19,15,4
10/09/2017 09:00:00 PM,7,4,3
10/09/2017 10:00:00 PM,5,3,2
10/09/2017 11:00:00 PM,1,1,0
10/10/2017 12:00:00 AM,1,1,0
10/10/2017 01:00:00 AM,3,2,1
10/10/2017 02:00:00 AM,1,0,1
10/10/2017 03:00:00 AM,0,0,0
10/10/2017 04:00:00 AM,1,0,1
10/10/2017 05:00:00 AM,9,2,7
10/10/2017 06:00:00 AM,35,18,17
10/10/2017 07:00:00 AM,60,26,34
10/10/2017 08:00:00 AM,108,66,42
10/10/2017 09:00:00 AM,64,36,28
10/10/2017 10:00:00 AM,24,11,13
10/10/2017 11:00:00 AM,18,5,13
10/10/2017 12:00:00 PM,29,12,17
10/10/2017 01:00:00 PM,25,12,13
10/10/2017 02:00:00 PM,21,13,8
10/10/2017 03:00:00 PM,42,30,12
10/10/2017 04:00:00 PM,110,77,33
10/10/2017 05:00:00 PM,144,98,46
10/10/2017 06:00:00 PM,71,47,24
10/10/2017 07:00:00 PM,27,14,13
10/10/2017 08:00:00 PM,12,8,4
10/10/2017 09:00:00 PM,6,4,2
10/10/2017 10:00:00 PM,7,3,4
10/10/2017 11:00:00 PM,3,2,1
10/11/2017 12:00:00 AM,1,0,1
10/11/2017 01:00:00 AM,0,0,0
10/11/2017 02:00:00 AM,0,0,0
10/11/2017 03:00:00 AM,0,0,0
10/11/2017 04:00:00 AM,3,1,2
10/11/2017 05:00:00 AM,10,2,8
10/11/2017 06:00:00 AM,26,8,18
10/11/2017 07:00:00 AM,60,27,33
10/11/2017 08:00:00 AM,92,49,43
10/11/2017 09:00:00 AM,71,35,36
10/11/2017 10:00:00 AM,32,20,12
10/11/2017 11:00:00 AM,23,9,14
10/11/2017 12:00:00 PM,31,16,15
10/11/2017 01:00:00 PM,31,16,15
10/11/2017 02:00:00 PM,35,20,15
10/11/2017 03:00:00 PM,50,37,13
10/11/2017 04:00:00 PM,111,75,36
10/11/2017 05:00:00 PM,144,92,52
10/11/2017 06:00:00 PM,80,52,28
10/11/2017 07:00:00 PM,27,15,12
10/11/2017 08:00:00 PM,17,8,9
10/11/2017 09:00:00 PM,8,3,5
10/11/2017 10:00:00 PM,10,4,6
10/11/2017 11:00:00 PM,3,3,0
10/12/2017 12:00:00 AM,0,0,0
10/12/2017 01:00:00 AM,0,0,0
10/12/2017 02:00:00 AM,1,1,0
10/12/2017 03:00:00 AM,0,0,0
10/12/2017 04:00:00 AM,1,1,0
10/12/2017 05:00:00 AM,9,1,8
10/12/2017 06:00:00 AM,21,9,12
10/12/2017 07:00:00 AM,49,21,28
10/12/2017 08:00:00 AM,85,44,41
10/12/2017 09:00:00 AM,51,27,24
10/12/2017 10:00:00 AM,22,11,11
10/12/2017 11:00:00 AM,24,10,14
10/12/2017 12:00:00 PM,9,2,7
10/12/2017 01:00:00 PM,24,10,14
10/12/2017 02:00:00 PM,21,13,8
10/12/2017 03:00:00 PM,36,25,11
10/12/2017 04:00:00 PM,93,63,30
10/12/2017 05:00:00 PM,112,83,29
10/12/2017 06:00:00 PM,49,30,19
10/12/2017 07:00:00 PM,26,17,9
10/12/2017 08:00:00 PM,10,5,5
10/12/2017 09:00:00 PM,7,3,4
10/12/2017 10:00:00 PM,17,6,11
10/12/2017 11:00:00 PM,3,1,2
10/13/2017 12:00:00 AM,1,0,1
10/13/2017 01:00:00 AM,3,1,2
10/13/2017 02:00:00 AM,0,0,0
10/13/2017 03:00:00 AM,0,0,0
10/13/2017 04:00:00 AM,0,0,0
10/13/2017 05:00:00 AM,12,3,9
10/13/2017 06:00:00 AM,23,12,11
10/13/2017 07:00:00 AM,57,25,32
10/13/2017 08:00:00 AM,79,44,35
10/13/2017 09:00:00 AM,51,28,23
10/13/2017 10:00:00 AM,26,13,13
10/13/2017 11:00:00 AM,24,9,15
10/13/2017 12:00:00 PM,35,24,11
10/13/2017 01:00:00 PM,29,18,11
10/13/2017 02:00:00 PM,36,17,19
10/13/2017 03:00:00 PM,59,47,12
10/13/2017 04:00:00 PM,103,73,30
10/13/2017 05:00:00 PM,114,72,42
10/13/2017 06:00:00 PM,56,34,22
10/13/2017 07:00:00 PM,16,9,7
10/13/2017 08:00:00 PM,12,8,4
10/13/2017 09:00:00 PM,5,2,3
10/13/2017 10:00:00 PM,4,3,1
10/13/2017 11:00:00 PM,3,1,2
10/14/2017 12:00:00 AM,1,0,1
10/14/2017 01:00:00 AM,4,1,3
10/14/2017 02:00:00 AM,1,1,0
10/14/2017 03:00:00 AM,1,0,1
10/14/2017 04:00:00 AM,0,0,0
10/14/2017 05:00:00 AM,2,1,1
10/14/2017 06:00:00 AM,7,6,1
10/14/2017 07:00:00 AM,7,4,3
10/14/2017 08:00:00 AM,11,5,6
10/14/2017 09:00:00 AM,20,12,8
10/14/2017 10:00:00 AM,12,8,4
10/14/2017 11:00:00 AM,27,11,16
10/14/2017 12:00:00 PM,22,11,11
10/14/2017 01:00:00 PM,19,9,10
10/14/2017 02:00:00 PM,18,8,10
10/14/2017 03:00:00 PM,26,15,11
10/14/2017 04:00:00 PM,21,13,8
10/14/2017 05:00:00 PM,12,8,4
10/14/2017 06:00:00 PM,13,8,5
10/14/2017 07:00:00 PM,7,3,4
10/14/2017 08:00:00 PM,12,5,7
10/14/2017 09:00:00 PM,5,1,4
10/14/2017 10:00:00 PM,4,2,2
10/14/2017 11:00:00 PM,3,2,1
10/15/2017 12:00:00 AM,1,1,0
10/15/2017 01:00:00 AM,2,2,0
10/15/2017 02:00:00 AM,2,1,1
10/15/2017 03:00:00 AM,0,0,0
10/15/2017 04:00:00 AM,0,0,0
10/15/2017 05:00:00 AM,2,1,1
10/15/2017 06:00:00 AM,0,0,0
10/15/2017 07:00:00 AM,1,0,1
10/15/2017 08:00:00 AM,11,4,7
10/15/2017 09:00:00 AM,9,2,7
10/15/2017 10:00:00 AM,13,5,8
10/15/2017 11:00:00 AM,14,8,6
10/15/2017 12:00:00 PM,16,14,2
10/15/2017 01:00:00 PM,25,16,9
10/15/2017 02:00:00 PM,27,14,13
10/15/2017 03:00:00 PM,41,23,18
10/15/2017 04:00:00 PM,58,47,11
10/15/2017 05:00:00 PM,19,10,9
10/15/2017 06:00:00 PM,45,13,32
10/15/2017 07:00:00 PM,12,3,9
10/15/2017 08:00:00 PM,14,6,8
10/15/2017 09:00:00 PM,6,1,5
10/15/2017 10:00:00 PM,0,0,0
10/15/2017 11:00:00 PM,1,0,1
10/16/2017 12:00:00 AM,0,0,0
10/16/2017 01:00:00 AM,0,0,0
10/16/2017 02:00:00 AM,2,1,1
10/16/2017 03:00:00 AM,0,0,0
10/16/2017 04:00:00 AM,3,0,3
10/16/2017 05:00:00 AM,10,2,8
10/16/2017 06:00:00 AM,33,16,17
10/16/2017 07:00:00 AM,80,35,45
10/16/2017 08:00:00 AM,120,55,65
10/16/2017 09:00:00 AM,73,32,41
10/16/2017 10:00:00 AM,39,21,18
10/16/2017 11:00:00 AM,24,10,14
10/16/2017 12:00:00 PM,30,17,13
10/16/2017 01:00:00 PM,22,12,10
10/16/2017 02:00:00 PM,27,18,9
10/16/2017 03:00:00 PM,69,45,24
10/16/2017 04:00:00 PM,125,87,38
10/16/2017 05:00:00 PM,175,125,50
10/16/2017 06:00:00 PM,77,48,29
10/16/2017 07:00:00 PM,29,13,16
10/16/2017 08:00:00 PM,18,10,8
10/16/2017 09:00:00 PM,9,5,4
10/16/2017 10:00:00 PM,7,2,5
10/16/2017 11:00:00 PM,1,0,1
10/17/2017 12:00:00 AM,2,1,1
10/17/2017 01:00:00 AM,1,0,1
10/17/2017 02:00:00 AM,1,1,0
10/17/2017 03:00:00 AM,0,0,0
10/17/2017 04:00:00 AM,1,1,0
10/17/2017 05:00:00 AM,10,4,6
10/17/2017 06:00:00 AM,23,10,13
10/17/2017 07:00:00 AM,66,29,37
10/17/2017 08:00:00 AM,86,42,44
10/17/2017 09:00:00 AM,44,27,17
10/17/2017 10:00:00 AM,17,9,8
10/17/2017 11:00:00 AM,23,9,14
10/17/2017 12:00:00 PM,23,9,14
10/17/2017 01:00:00 PM,14,6,8
10/17/2017 02:00:00 PM,19,7,12
10/17/2017 03:00:00 PM,42,27,15
10/17/2017 04:00:00 PM,98,73,25
10/17/2017 05:00:00 PM,115,86,29
10/17/2017 06:00:00 PM,68,45,23
10/17/2017 07:00:00 PM,23,10,13
10/17/2017 08:00:00 PM,17,11,6
10/17/2017 09:00:00 PM,10,3,7
10/17/2017 10:00:00 PM,6,4,2
10/17/2017 11:00:00 PM,3,1,2
10/18/2017 12:00:00 AM,4,2,2
10/18/2017 01:00:00 AM,1,1,0
10/18/2017 02:00:00 AM,2,1,1
10/18/2017 03:00:00 AM,0,0,0
10/18/2017 04:00:00 AM,1,0,1
10/18/2017 05:00:00 AM,8,1,7
10/18/2017 06:00:00 AM,15,9,6
10/18/2017 07:00:00 AM,55,21,34
10/18/2017 08:00:00 AM,74,39,35
10/18/2017 09:00:00 AM,48,28,20
10/18/2017 10:00:00 AM,19,8,11
10/18/2017 11:00:00 AM,15,6,9
10/18/2017 12:00:00 PM,14,7,7
10/18/2017 01:00:00 PM,22,14,8
10/18/2017 02:00:00 PM,23,11,12
10/18/2017 03:00:00 PM,31,26,5
10/18/2017 04:00:00 PM,85,58,27
10/18/2017 05:00:00 PM,95,59,36
10/18/2017 06:00:00 PM,40,24,16
10/18/2017 07:00:00 PM,16,10,6
10/18/2017 08:00:00 PM,7,3,4
10/18/2017 09:00:00 PM,3,2,1
10/18/2017 10:00:00 PM,4,3,1
10/18/2017 11:00:00 PM,1,0,1
10/19/2017 12:00:00 AM,1,1,0
10/19/2017 01:00:00 AM,0,0,0
10/19/2017 02:00:00 AM,1,0,1
10/19/2017 03:00:00 AM,0,0,0
10/19/2017 04:00:00 AM,3,1,2
10/19/2017 05:00:00 AM,6,2,4
10/19/2017 06:00:00 AM,26,12,14
10/19/2017 07:00:00 AM,34,19,15
10/19/2017 08:00:00 AM,70,37,33
10/19/2017 09:00:00 AM,39,22,17
10/19/2017 10:00:00 AM,11,1,10
10/19/2017 11:00:00 AM,24,11,13
10/19/2017 12:00:00 PM,19,6,13
10/19/2017 01:00:00 PM,22,8,14
10/19/2017 02:00:00 PM,17,10,7
10/19/2017 03:00:00 PM,27,22,5
10/19/2017 04:00:00 PM,65,47,18
10/19/2017 05:00:00 PM,75,44,31
10/19/2017 06:00:00 PM,44,34,10
10/19/2017 07:00:00 PM,21,14,7
10/19/2017 08:00:00 PM,9,5,4
10/19/2017 09:00:00 PM,5,3,2
10/19/2017 10:00:00 PM,3,3,0
10/19/2017 11:00:00 PM,3,0,3
10/20/2017 12:00:00 AM,0,0,0
10/20/2017 01:00:00 AM,2,0,2
10/20/2017 02:00:00 AM,1,1,0
10/20/2017 03:00:00 AM,0,0,0
10/20/2017 04:00:00 AM,1,0,1
10/20/2017 05:00:00 AM,6,2,4
10/20/2017 06:00:00 AM,17,6,11
10/20/2017 07:00:00 AM,36,15,21
10/20/2017 08:00:00 AM,76,46,30
10/20/2017 09:00:00 AM,36,19,17
10/20/2017 10:00:00 AM,20,10,10
10/20/2017 11:00:00 AM,31,15,16
10/20/2017 12:00:00 PM,25,8,17
10/20/2017 01:00:00 PM,20,11,9
10/20/2017 02:00:00 PM,21,7,14
10/20/2017 03:00:00 PM,49,31,18
10/20/2017 04:00:00 PM,84,58,26
10/20/2017 05:00:00 PM,81,55,26
10/20/2017 06:00:00 PM,52,32,20
10/20/2017 07:00:00 PM,28,19,9
10/20/2017 08:00:00 PM,8,6,2
10/20/2017 09:00:00 PM,4,3,1
10/20/2017 10:00:00 PM,5,3,2
10/20/2017 11:00:00 PM,5,2,3
10/21/2017 12:00:00 AM,1,0,1
10/21/2017 01:00:00 AM,2,0,2
10/21/2017 02:00:00 AM,2,2,0
10/21/2017 03:00:00 AM,2,2,0
10/21/2017 04:00:00 AM,1,1,0
10/21/2017 05:00:00 AM,2,0,2
10/21/2017 06:00:00 AM,1,1,0
10/21/2017 07:00:00 AM,3,1,2
10/21/2017 08:00:00 AM,4,0,4
10/21/2017 09:00:00 AM,8,5,3
10/21/2017 10:00:00 AM,6,3,3
10/21/2017 11:00:00 AM,10,4,6
10/21/2017 12:00:00 PM,6,3,3
10/21/2017 01:00:00 PM,4,2,2
10/21/2017 02:00:00 PM,5,2,3
10/21/2017 03:00:00 PM,9,3,6
10/21/2017 04:00:00 PM,5,3,2
10/21/2017 05:00:00 PM,4,2,2
10/21/2017 06:00:00 PM,9,6,3
10/21/2017 07:00:00 PM,8,6,2
10/21/2017 08:00:00 PM,3,2,1
10/21/2017 09:00:00 PM,3,0,3
10/21/2017 10:00:00 PM,4,3,1
10/21/2017 11:00:00 PM,1,1,0
10/22/2017 12:00:00 AM,1,0,1
10/22/2017 01:00:00 AM,0,0,0
10/22/2017 02:00:00 AM,0,0,0
10/22/2017 03:00:00 AM,2,1,1
10/22/2017 04:00:00 AM,0,0,0
10/22/2017 05:00:00 AM,2,1,1
10/22/2017 06:00:00 AM,2,1,1
10/22/2017 07:00:00 AM,2,1,1
10/22/2017 08:00:00 AM,8,5,3
10/22/2017 09:00:00 AM,5,5,0
10/22/2017 10:00:00 AM,12,5,7
10/22/2017 11:00:00 AM,19,10,9
10/22/2017 12:00:00 PM,40,29,11
10/22/2017 01:00:00 PM,24,20,4
10/22/2017 02:00:00 PM,19,8,11
10/22/2017 03:00:00 PM,30,14,16
10/22/2017 04:00:00 PM,13,7,6
10/22/2017 05:00:00 PM,24,10,14
10/22/2017 06:00:00 PM,9,3,6
10/22/2017 07:00:00 PM,7,3,4
10/22/2017 08:00:00 PM,6,4,2
10/22/2017 09:00:00 PM,9,4,5
10/22/2017 10:00:00 PM,1,0,1
10/22/2017 11:00:00 PM,7,5,2
10/23/2017 12:00:00 AM,2,1,1
10/23/2017 01:00:00 AM,1,0,1
10/23/2017 02:00:00 AM,0,0,0
10/23/2017 03:00:00 AM,0,0,0
10/23/2017 04:00:00 AM,1,0,1
10/23/2017 05:00:00 AM,9,1,8
10/23/2017 06:00:00 AM,34,17,17
10/23/2017 07:00:00 AM,69,38,31
10/23/2017 08:00:00 AM,126,71,55
10/23/2017 09:00:00 AM,67,38,29
10/23/2017 10:00:00 AM,32,13,19
10/23/2017 11:00:00 AM,26,7,19
10/23/2017 12:00:00 PM,33,17,16
10/23/2017 01:00:00 PM,31,12,19
10/23/2017 02:00:00 PM,31,19,12
10/23/2017 03:00:00 PM,53,33,20
10/23/2017 04:00:00 PM,130,90,40
10/23/2017 05:00:00 PM,163,115,48
10/23/2017 06:00:00 PM,77,47,30
10/23/2017 07:00:00 PM,25,15,10
10/23/2017 08:00:00 PM,16,8,8
10/23/2017 09:00:00 PM,10,7,3
10/23/2017 10:00:00 PM,3,3,0
10/23/2017 11:00:00 PM,5,1,4
10/24/2017 12:00:00 AM,3,1,2
10/24/2017 01:00:00 AM,1,0,1
10/24/2017 02:00:00 AM,0,0,0
10/24/2017 03:00:00 AM,1,0,1
10/24/2017 04:00:00 AM,1,1,0
10/24/2017 05:00:00 AM,9,1,8
10/24/2017 06:00:00 AM,41,18,23
10/24/2017 07:00:00 AM,80,36,44
10/24/2017 08:00:00 AM,146,90,56
10/24/2017 09:00:00 AM,81,48,33
10/24/2017 10:00:00 AM,26,11,15
10/24/2017 11:00:00 AM,36,20,16
10/24/2017 12:00:00 PM,33,18,15
10/24/2017 01:00:00 PM,32,19,13
10/24/2017 02:00:00 PM,31,17,14
10/24/2017 03:00:00 PM,60,34,26
10/24/2017 04:00:00 PM,138,97,41
10/24/2017 05:00:00 PM,189,127,62
10/24/2017 06:00:00 PM,76,49,27
10/24/2017 07:00:00 PM,38,24,14
10/24/2017 08:00:00 PM,15,11,4
10/24/2017 09:00:00 PM,10,8,2
10/24/2017 10:00:00 PM,5,0,5
10/24/2017 11:00:00 PM,4,1,3
10/25/2017 12:00:00 AM,2,2,0
10/25/2017 01:00:00 AM,1,0,1
10/25/2017 02:00:00 AM,0,0,0
10/25/2017 03:00:00 AM,1,0,1
10/25/2017 04:00:00 AM,1,0,1
10/25/2017 05:00:00 AM,12,3,9
10/25/2017 06:00:00 AM,39,20,19
10/25/2017 07:00:00 AM,69,29,40
10/25/2017 08:00:00 AM,125,71,54
10/25/2017 09:00:00 AM,67,41,26
10/25/2017 10:00:00 AM,30,17,13
10/25/2017 11:00:00 AM,24,9,15
10/25/2017 12:00:00 PM,28,16,12
10/25/2017 01:00:00 PM,29,16,13
10/25/2017 02:00:00 PM,41,19,22
10/25/2017 03:00:00 PM,65,47,18
10/25/2017 04:00:00 PM,125,81,44
10/25/2017 05:00:00 PM,161,112,49
10/25/2017 06:00:00 PM,75,45,30
10/25/2017 07:00:00 PM,22,14,8
10/25/2017 08:00:00 PM,12,8,4
10/25/2017 09:00:00 PM,15,12,3
10/25/2017 10:00:00 PM,3,0,3
10/25/2017 11:00:00 PM,6,3,3
10/26/2017 12:00:00 AM,3,2,1
10/26/2017 01:00:00 AM,2,1,1
10/26/2017 02:00:00 AM,0,0,0
10/26/2017 03:00:00 AM,1,0,1
10/26/2017 04:00:00 AM,2,2,0
10/26/2017 05:00:00 AM,10,4,6
10/26/2017 06:00:00 AM,44,18,26
10/26/2017 07:00:00 AM,73,35,38
10/26/2017 08:00:00 AM,113,61,52
10/26/2017 09:00:00 AM,65,39,26
10/26/2017 10:00:00 AM,31,13,18
10/26/2017 11:00:00 AM,25,10,15
10/26/2017 12:00:00 PM,37,16,21
10/26/2017 01:00:00 PM,30,16,14
10/26/2017 02:00:00 PM,36,16,20
10/26/2017 03:00:00 PM,47,34,13
10/26/2017 04:00:00 PM,125,94,31
10/26/2017 05:00:00 PM,150,97,53
10/26/2017 06:00:00 PM,97,63,34
10/26/2017 07:00:00 PM,28,14,14
10/26/2017 08:00:00 PM,25,11,14
10/26/2017 09:00:00 PM,12,8,4
10/26/2017 10:00:00 PM,6,5,1
10/26/2017 11:00:00 PM,2,1,1
10/27/2017 12:00:00 AM,0,0,0
10/27/2017 01:00:00 AM,3,1,2
10/27/2017 02:00:00 AM,0,0,0
10/27/2017 03:00:00 AM,2,1,1
10/27/2017 04:00:00 AM,0,0,0
10/27/2017 05:00:00 AM,13,3,10
10/27/2017 06:00:00 AM,28,9,19
10/27/2017 07:00:00 AM,58,27,31
10/27/2017 08:00:00 AM,92,50,42
10/27/2017 09:00:00 AM,64,31,33
10/27/2017 10:00:00 AM,28,14,14
10/27/2017 11:00:00 AM,36,17,19
10/27/2017 12:00:00 PM,41,20,21
10/27/2017 01:00:00 PM,38,23,15
10/27/2017 02:00:00 PM,43,28,15
10/27/2017 03:00:00 PM,87,56,31
10/27/2017 04:00:00 PM,116,84,32
10/27/2017 05:00:00 PM,136,82,54
10/27/2017 06:00:00 PM,71,45,26
10/27/2017 07:00:00 PM,22,12,10
10/27/2017 08:00:00 PM,16,9,7
10/27/2017 09:00:00 PM,10,6,4
10/27/2017 10:00:00 PM,7,4,3
10/27/2017 11:00:00 PM,4,2,2
10/28/2017 12:00:00 AM,1,1,0
10/28/2017 01:00:00 AM,2,1,1
10/28/2017 02:00:00 AM,9,2,7
10/28/2017 03:00:00 AM,1,0,1
10/28/2017 04:00:00 AM,1,1,0
10/28/2017 05:00:00 AM,5,3,2
10/28/2017 06:00:00 AM,2,1,1
10/28/2017 07:00:00 AM,6,1,5
10/28/2017 08:00:00 AM,13,3,10
10/28/2017 09:00:00 AM,7,5,2
10/28/2017 10:00:00 AM,22,13,9
10/28/2017 11:00:00 AM,17,8,9
10/28/2017 12:00:00 PM,26,10,16
10/28/2017 01:00:00 PM,21,10,11
10/28/2017 02:00:00 PM,29,17,12
10/28/2017 03:00:00 PM,20,10,10
10/28/2017 04:00:00 PM,21,9,12
10/28/2017 05:00:00 PM,15,8,7
10/28/2017 06:00:00 PM,14,5,9
10/28/2017 07:00:00 PM,12,7,5
10/28/2017 08:00:00 PM,4,2,2
10/28/2017 09:00:00 PM,12,6,6
10/28/2017 10:00:00 PM,5,3,2
10/28/2017 11:00:00 PM,9,6,3
10/29/2017 12:00:00 AM,2,2,0
10/29/2017 01:00:00 AM,3,2,1
10/29/2017 02:00:00 AM,1,0,1
10/29/2017 03:00:00 AM,1,0,1
10/29/2017 04:00:00 AM,1,0,1
10/29/2017 05:00:00 AM,2,1,1
10/29/2017 06:00:00 AM,3,0,3
10/29/2017 07:00:00 AM,5,4,1
10/29/2017 08:00:00 AM,8,3,5
10/29/2017 09:00:00 AM,4,3,1
10/29/2017 10:00:00 AM,12,3,9
10/29/2017 11:00:00 AM,16,12,4
10/29/2017 12:00:00 PM,27,22,5
10/29/2017 01:00:00 PM,16,9,7
10/29/2017 02:00:00 PM,10,6,4
10/29/2017 03:00:00 PM,13,8,5
10/29/2017 04:00:00 PM,35,11,24
10/29/2017 05:00:00 PM,28,14,14
10/29/2017 06:00:00 PM,10,4,6
10/29/2017 07:00:00 PM,11,4,7
10/29/2017 08:00:00 PM,7,4,3
10/29/2017 09:00:00 PM,6,3,3
10/29/2017 10:00:00 PM,0,0,0
10/29/2017 11:00:00 PM,0,0,0
10/30/2017 12:00:00 AM,3,3,0
10/30/2017 01:00:00 AM,1,1,0
10/30/2017 02:00:00 AM,2,2,0
10/30/2017 03:00:00 AM,1,0,1
10/30/2017 04:00:00 AM,3,1,2
10/30/2017 05:00:00 AM,12,4,8
10/30/2017 06:00:00 AM,26,12,14
10/30/2017 07:00:00 AM,79,42,37
10/30/2017 08:00:00 AM,122,57,65
10/30/2017 09:00:00 AM,77,42,35
10/30/2017 10:00:00 AM,28,14,14
10/30/2017 11:00:00 AM,26,10,16
10/30/2017 12:00:00 PM,9,3,6
10/30/2017 01:00:00 PM,19,12,7
10/30/2017 02:00:00 PM,28,15,13
10/30/2017 03:00:00 PM,71,54,17
10/30/2017 04:00:00 PM,117,82,35
10/30/2017 05:00:00 PM,164,104,60
10/30/2017 06:00:00 PM,69,49,20
10/30/2017 07:00:00 PM,28,17,11
10/30/2017 08:00:00 PM,17,8,9
10/30/2017 09:00:00 PM,7,4,3
10/30/2017 10:00:00 PM,5,4,1
10/30/2017 11:00:00 PM,2,2,0
10/31/2017 12:00:00 AM,1,1,0
10/31/2017 01:00:00 AM,2,1,1
10/31/2017 02:00:00 AM,0,0,0
10/31/2017 03:00:00 AM,1,0,1
10/31/2017 04:00:00 AM,2,1,1
10/31/2017 05:00:00 AM,15,6,9
10/31/2017 06:00:00 AM,33,12,21
10/31/2017 07:00:00 AM,78,37,41
10/31/2017 08:00:00 AM,126,72,54
10/31/2017 09:00:00 AM,65,33,32
10/31/2017 10:00:00 AM,29,11,18
10/31/2017 11:00:00 AM,16,6,10
10/31/2017 12:00:00 PM,16,5,11
10/31/2017 01:00:00 PM,15,10,5
10/31/2017 02:00:00 PM,36,18,18
10/31/2017 03:00:00 PM,63,45,18
10/31/2017 04:00:00 PM,159,105,54
10/31/2017 05:00:00 PM,158,106,52
10/31/2017 06:00:00 PM,51,32,19
10/31/2017 07:00:00 PM,25,17,8
10/31/2017 08:00:00 PM,9,5,4
10/31/2017 09:00:00 PM,7,0,7
10/31/2017 10:00:00 PM,9,6,3
10/31/2017 11:00:00 PM,3,2,1
11/01/2017 12:00:00 AM,3,0,3
11/01/2017 01:00:00 AM,4,2,2
11/01/2017 02:00:00 AM,3,2,1
11/01/2017 03:00:00 AM,2,1,1
11/01/2017 04:00:00 AM,2,1,1
11/01/2017 05:00:00 AM,9,2,7
11/01/2017 06:00:00 AM,33,13,20
11/01/2017 07:00:00 AM,58,30,28
11/01/2017 08:00:00 AM,99,43,56
11/01/2017 09:00:00 AM,65,37,28
11/01/2017 10:00:00 AM,23,16,7
11/01/2017 11:00:00 AM,31,14,17
11/01/2017 12:00:00 PM,17,9,8
11/01/2017 01:00:00 PM,16,5,11
11/01/2017 02:00:00 PM,33,17,16
11/01/2017 03:00:00 PM,48,35,13
11/01/2017 04:00:00 PM,76,55,21
11/01/2017 05:00:00 PM,144,98,46
11/01/2017 06:00:00 PM,61,42,19
11/01/2017 07:00:00 PM,28,14,14
11/01/2017 08:00:00 PM,13,9,4
11/01/2017 09:00:00 PM,6,1,5
11/01/2017 10:00:00 PM,4,4,0
11/01/2017 11:00:00 PM,7,4,3
11/02/2017 12:00:00 AM,2,0,2
11/02/2017 01:00:00 AM,0,0,0
11/02/2017 02:00:00 AM,0,0,0
11/02/2017 03:00:00 AM,3,2,1
11/02/2017 04:00:00 AM,1,1,0
11/02/2017 05:00:00 AM,9,4,5
11/02/2017 06:00:00 AM,25,8,17
11/02/2017 07:00:00 AM,45,24,21
11/02/2017 08:00:00 AM,89,50,39
11/02/2017 09:00:00 AM,52,28,24
11/02/2017 10:00:00 AM,24,15,9
11/02/2017 11:00:00 AM,27,9,18
11/02/2017 12:00:00 PM,21,10,11
11/02/2017 01:00:00 PM,23,15,8
11/02/2017 02:00:00 PM,34,23,11
11/02/2017 03:00:00 PM,33,23,10
11/02/2017 04:00:00 PM,77,53,24
11/02/2017 05:00:00 PM,148,115,33
11/02/2017 06:00:00 PM,77,61,16
11/02/2017 07:00:00 PM,42,31,11
11/02/2017 08:00:00 PM,17,5,12
11/02/2017 09:00:00 PM,20,9,11
11/02/2017 10:00:00 PM,14,2,12
11/02/2017 11:00:00 PM,7,4,3
11/03/2017 12:00:00 AM,4,2,2
11/03/2017 01:00:00 AM,1,0,1
11/03/2017 02:00:00 AM,1,0,1
11/03/2017 03:00:00 AM,1,1,0
11/03/2017 04:00:00 AM,1,0,1
11/03/2017 05:00:00 AM,4,1,3
11/03/2017 06:00:00 AM,19,8,11
11/03/2017 07:00:00 AM,41,19,22
11/03/2017 08:00:00 AM,66,37,29
11/03/2017 09:00:00 AM,42,23,19
11/03/2017 10:00:00 AM,21,11,10
11/03/2017 11:00:00 AM,21,11,10
11/03/2017 12:00:00 PM,19,10,9
11/03/2017 01:00:00 PM,16,7,9
11/03/2017 02:00:00 PM,17,12,5
11/03/2017 03:00:00 PM,35,21,14
11/03/2017 04:00:00 PM,63,43,20
11/03/2017 05:00:00 PM,82,58,24
11/03/2017 06:00:00 PM,36,24,12
11/03/2017 07:00:00 PM,15,8,7
11/03/2017 08:00:00 PM,1,1,0
11/03/2017 09:00:00 PM,2,2,0
11/03/2017 10:00:00 PM,2,2,0
11/03/2017 11:00:00 PM,1,1,0
11/04/2017 12:00:00 AM,2,2,0
11/04/2017 01:00:00 AM,3,1,2
11/04/2017 02:00:00 AM,1,1,0
11/04/2017 03:00:00 AM,1,1,0
11/04/2017 04:00:00 AM,0,0,0
11/04/2017 05:00:00 AM,2,1,1
11/04/2017 06:00:00 AM,2,2,0
11/04/2017 07:00:00 AM,2,1,1
11/04/2017 08:00:00 AM,5,1,4
11/04/2017 09:00:00 AM,6,2,4
11/04/2017 10:00:00 AM,7,4,3
11/04/2017 11:00:00 AM,13,9,4
11/04/2017 12:00:00 PM,10,2,8
11/04/2017 01:00:00 PM,14,9,5
11/04/2017 02:00:00 PM,18,3,15
11/04/2017 03:00:00 PM,19,11,8
11/04/2017 04:00:00 PM,11,8,3
11/04/2017 05:00:00 PM,9,4,5
11/04/2017 06:00:00 PM,11,6,5
11/04/2017 07:00:00 PM,4,2,2
11/04/2017 08:00:00 PM,2,1,1
11/04/2017 09:00:00 PM,3,2,1
11/04/2017 10:00:00 PM,5,3,2
11/04/2017 11:00:00 PM,3,3,0
11/05/2017 12:00:00 AM,3,3,0
11/05/2017 01:00:00 AM,2,0,2
11/05/2017 02:00:00 AM,0,0,0
11/05/2017 03:00:00 AM,0,0,0
11/05/2017 04:00:00 AM,0,0,0
11/05/2017 05:00:00 AM,1,1,0
11/05/2017 06:00:00 AM,2,1,1
11/05/2017 07:00:00 AM,3,2,1
11/05/2017 08:00:00 AM,6,2,4
11/05/2017 09:00:00 AM,2,1,1
11/05/2017 10:00:00 AM,13,6,7
11/05/2017 11:00:00 AM,8,7,1
11/05/2017 12:00:00 PM,12,8,4
11/05/2017 01:00:00 PM,12,8,4
11/05/2017 02:00:00 PM,3,1,2
11/05/2017 03:00:00 PM,7,5,2
11/05/2017 04:00:00 PM,12,2,10
11/05/2017 05:00:00 PM,21,6,15
11/05/2017 06:00:00 PM,6,3,3
11/05/2017 07:00:00 PM,4,3,1
11/05/2017 08:00:00 PM,5,1,4
11/05/2017 09:00:00 PM,5,5,0
11/05/2017 10:00:00 PM,0,0,0
11/05/2017 11:00:00 PM,0,0,0
11/06/2017 12:00:00 AM,4,2,2
11/06/2017 01:00:00 AM,0,0,0
11/06/2017 02:00:00 AM,0,0,0
11/06/2017 03:00:00 AM,1,0,1
11/06/2017 04:00:00 AM,1,1,0
11/06/2017 05:00:00 AM,14,6,8
11/06/2017 06:00:00 AM,28,12,16
11/06/2017 07:00:00 AM,62,33,29
11/06/2017 08:00:00 AM,96,50,46
11/06/2017 09:00:00 AM,44,22,22
11/06/2017 10:00:00 AM,23,9,14
11/06/2017 11:00:00 AM,26,10,16
11/06/2017 12:00:00 PM,28,9,19
11/06/2017 01:00:00 PM,30,15,15
11/06/2017 02:00:00 PM,32,18,14
11/06/2017 03:00:00 PM,41,29,12
11/06/2017 04:00:00 PM,98,68,30
11/06/2017 05:00:00 PM,128,95,33
11/06/2017 06:00:00 PM,59,41,18
11/06/2017 07:00:00 PM,18,10,8
11/06/2017 08:00:00 PM,11,5,6
11/06/2017 09:00:00 PM,5,2,3
11/06/2017 10:00:00 PM,6,2,4
11/06/2017 11:00:00 PM,3,2,1
11/07/2017 12:00:00 AM,0,0,0
11/07/2017 01:00:00 AM,0,0,0
11/07/2017 02:00:00 AM,2,0,2
11/07/2017 03:00:00 AM,0,0,0
11/07/2017 04:00:00 AM,0,0,0
11/07/2017 05:00:00 AM,1,0,1
11/07/2017 06:00:00 AM,48,22,26
11/07/2017 07:00:00 AM,75,41,34
11/07/2017 08:00:00 AM,83,50,33
11/07/2017 09:00:00 AM,61,33,28
11/07/2017 10:00:00 AM,23,9,14
11/07/2017 11:00:00 AM,16,7,9
11/07/2017 12:00:00 PM,19,10,9
11/07/2017 01:00:00 PM,27,11,16
11/07/2017 02:00:00 PM,22,13,9
11/07/2017 03:00:00 PM,46,32,14
11/07/2017 04:00:00 PM,111,82,29
11/07/2017 05:00:00 PM,145,99,46
11/07/2017 06:00:00 PM,64,41,23
11/07/2017 07:00:00 PM,23,12,11
11/07/2017 08:00:00 PM,7,3,4
11/07/2017 09:00:00 PM,13,6,7
11/07/2017 10:00:00 PM,3,0,3
11/07/2017 11:00:00 PM,7,3,4
11/08/2017 12:00:00 AM,3,2,1
11/08/2017 01:00:00 AM,1,1,0
11/08/2017 02:00:00 AM,1,1,0
11/08/2017 03:00:00 AM,1,0,1
11/08/2017 04:00:00 AM,3,3,0
11/08/2017 05:00:00 AM,9,4,5
11/08/2017 06:00:00 AM,27,14,13
11/08/2017 07:00:00 AM,63,31,32
11/08/2017 08:00:00 AM,94,46,48
11/08/2017 09:00:00 AM,67,33,34
11/08/2017 10:00:00 AM,29,12,17
11/08/2017 11:00:00 AM,24,9,15
11/08/2017 12:00:00 PM,25,14,11
11/08/2017 01:00:00 PM,26,13,13
11/08/2017 02:00:00 PM,28,17,11
11/08/2017 03:00:00 PM,37,28,9
11/08/2017 04:00:00 PM,90,66,24
11/08/2017 05:00:00 PM,102,71,31
11/08/2017 06:00:00 PM,50,32,18
11/08/2017 07:00:00 PM,15,10,5
11/08/2017 08:00:00 PM,8,6,2
11/08/2017 09:00:00 PM,7,4,3
11/08/2017 10:00:00 PM,2,2,0
11/08/2017 11:00:00 PM,0,0,0
11/09/2017 12:00:00 AM,5,3,2
11/09/2017 01:00:00 AM,1,0,1
11/09/2017 02:00:00 AM,1,0,1
11/09/2017 03:00:00 AM,0,0,0
11/09/2017 04:00:00 AM,1,1,0
11/09/2017 05:00:00 AM,10,5,5
11/09/2017 06:00:00 AM,20,10,10
11/09/2017 07:00:00 AM,38,16,22
11/09/2017 08:00:00 AM,64,37,27
11/09/2017 09:00:00 AM,41,21,20
11/09/2017 10:00:00 AM,16,7,9
11/09/2017 11:00:00 AM,17,6,11
11/09/2017 12:00:00 PM,10,6,4
11/09/2017 01:00:00 PM,17,11,6
11/09/2017 02:00:00 PM,16,9,7
11/09/2017 03:00:00 PM,38,30,8
11/09/2017 04:00:00 PM,70,47,23
11/09/2017 05:00:00 PM,80,50,30
11/09/2017 06:00:00 PM,44,32,12
11/09/2017 07:00:00 PM,12,7,5
11/09/2017 08:00:00 PM,10,3,7
11/09/2017 09:00:00 PM,9,3,6
11/09/2017 10:00:00 PM,3,2,1
11/09/2017 11:00:00 PM,6,4,2
11/10/2017 12:00:00 AM,1,1,0
11/10/2017 01:00:00 AM,0,0,0
11/10/2017 02:00:00 AM,1,1,0
11/10/2017 03:00:00 AM,0,0,0
11/10/2017 04:00:00 AM,1,1,0
11/10/2017 05:00:00 AM,12,7,5
11/10/2017 06:00:00 AM,29,10,19
11/10/2017 07:00:00 AM,51,20,31
11/10/2017 08:00:00 AM,60,28,32
11/10/2017 09:00:00 AM,47,22,25
11/10/2017 10:00:00 AM,33,18,15
11/10/2017 11:00:00 AM,29,11,18
11/10/2017 12:00:00 PM,22,12,10
11/10/2017 01:00:00 PM,44,21,23
11/10/2017 02:00:00 PM,34,21,13
11/10/2017 03:00:00 PM,53,33,20
11/10/2017 04:00:00 PM,83,58,25
11/10/2017 05:00:00 PM,97,68,29
11/10/2017 06:00:00 PM,60,38,22
11/10/2017 07:00:00 PM,21,16,5
11/10/2017 08:00:00 PM,7,5,2
11/10/2017 09:00:00 PM,5,4,1
11/10/2017 10:00:00 PM,3,2,1
11/10/2017 11:00:00 PM,6,4,2
11/11/2017 12:00:00 AM,1,0,1
11/11/2017 01:00:00 AM,1,1,0
11/11/2017 02:00:00 AM,0,0,0
11/11/2017 03:00:00 AM,0,0,0
11/11/2017 04:00:00 AM,0,0,0
11/11/2017 05:00:00 AM,3,1,2
11/11/2017 06:00:00 AM,3,1,2
11/11/2017 07:00:00 AM,4,1,3
11/11/2017 08:00:00 AM,6,2,4
11/11/2017 09:00:00 AM,5,2,3
11/11/2017 10:00:00 AM,8,4,4
11/11/2017 11:00:00 AM,5,3,2
11/11/2017 12:00:00 PM,4,1,3
11/11/2017 01:00:00 PM,7,4,3
11/11/2017 02:00:00 PM,15,11,4
11/11/2017 03:00:00 PM,6,5,1
11/11/2017 04:00:00 PM,1,1,0
11/11/2017 05:00:00 PM,6,3,3
11/11/2017 06:00:00 PM,5,3,2
11/11/2017 07:00:00 PM,1,0,1
11/11/2017 08:00:00 PM,1,0,1
11/11/2017 09:00:00 PM,0,0,0
11/11/2017 10:00:00 PM,4,2,2
11/11/2017 11:00:00 PM,1,1,0
11/12/2017 12:00:00 AM,0,0,0
11/12/2017 01:00:00 AM,0,0,0
11/12/2017 02:00:00 AM,2,1,1
11/12/2017 03:00:00 AM,1,0,1
11/12/2017 04:00:00 AM,1,1,0
11/12/2017 05:00:00 AM,1,1,0
11/12/2017 06:00:00 AM,2,2,0
11/12/2017 07:00:00 AM,3,1,2
11/12/2017 08:00:00 AM,6,2,4
11/12/2017 09:00:00 AM,7,4,3
11/12/2017 10:00:00 AM,10,4,6
11/12/2017 11:00:00 AM,12,6,6
11/12/2017 12:00:00 PM,6,2,4
11/12/2017 01:00:00 PM,17,6,11
11/12/2017 02:00:00 PM,6,2,4
11/12/2017 03:00:00 PM,7,4,3
11/12/2017 04:00:00 PM,6,4,2
11/12/2017 05:00:00 PM,6,2,4
11/12/2017 06:00:00 PM,5,4,1
11/12/2017 07:00:00 PM,6,4,2
11/12/2017 08:00:00 PM,0,0,0
11/12/2017 09:00:00 PM,3,1,2
11/12/2017 10:00:00 PM,4,3,1
11/12/2017 11:00:00 PM,0,0,0
11/13/2017 12:00:00 AM,2,2,0
11/13/2017 01:00:00 AM,2,1,1
11/13/2017 02:00:00 AM,1,0,1
11/13/2017 03:00:00 AM,0,0,0
11/13/2017 04:00:00 AM,3,1,2
11/13/2017 05:00:00 AM,5,1,4
11/13/2017 06:00:00 AM,16,9,7
11/13/2017 07:00:00 AM,32,13,19
11/13/2017 08:00:00 AM,72,37,35
11/13/2017 09:00:00 AM,41,21,20
11/13/2017 10:00:00 AM,28,18,10
11/13/2017 11:00:00 AM,16,5,11
11/13/2017 12:00:00 PM,21,7,14
11/13/2017 01:00:00 PM,16,7,9
11/13/2017 02:00:00 PM,21,10,11
11/13/2017 03:00:00 PM,28,21,7
11/13/2017 04:00:00 PM,35,23,12
11/13/2017 05:00:00 PM,57,38,19
11/13/2017 06:00:00 PM,42,27,15
11/13/2017 07:00:00 PM,6,3,3
11/13/2017 08:00:00 PM,6,3,3
11/13/2017 09:00:00 PM,2,1,1
11/13/2017 10:00:00 PM,5,5,0
11/13/2017 11:00:00 PM,3,2,1
11/14/2017 12:00:00 AM,1,0,1
11/14/2017 01:00:00 AM,1,0,1
11/14/2017 02:00:00 AM,3,1,2
11/14/2017 03:00:00 AM,0,0,0
11/14/2017 04:00:00 AM,1,1,0
11/14/2017 05:00:00 AM,10,5,5
11/14/2017 06:00:00 AM,20,10,10
11/14/2017 07:00:00 AM,40,16,24
11/14/2017 08:00:00 AM,75,45,30
11/14/2017 09:00:00 AM,38,18,20
11/14/2017 10:00:00 AM,20,14,6
11/14/2017 11:00:00 AM,25,9,16
11/14/2017 12:00:00 PM,23,12,11
11/14/2017 01:00:00 PM,20,9,11
11/14/2017 02:00:00 PM,25,15,10
11/14/2017 03:00:00 PM,36,24,12
11/14/2017 04:00:00 PM,72,45,27
11/14/2017 05:00:00 PM,109,75,34
11/14/2017 06:00:00 PM,46,27,19
11/14/2017 07:00:00 PM,34,17,17
11/14/2017 08:00:00 PM,2,2,0
11/14/2017 09:00:00 PM,5,3,2
11/14/2017 10:00:00 PM,8,5,3
11/14/2017 11:00:00 PM,1,0,1
11/15/2017 12:00:00 AM,2,0,2
11/15/2017 01:00:00 AM,0,0,0
11/15/2017 02:00:00 AM,1,0,1
11/15/2017 03:00:00 AM,0,0,0
11/15/2017 04:00:00 AM,2,1,1
11/15/2017 05:00:00 AM,9,3,6
11/15/2017 06:00:00 AM,25,12,13
11/15/2017 07:00:00 AM,43,22,21
11/15/2017 08:00:00 AM,63,36,27
11/15/2017 09:00:00 AM,39,18,21
11/15/2017 10:00:00 AM,13,7,6
11/15/2017 11:00:00 AM,19,12,7
11/15/2017 12:00:00 PM,19,7,12
11/15/2017 01:00:00 PM,23,14,9
11/15/2017 02:00:00 PM,18,12,6
11/15/2017 03:00:00 PM,38,28,10
11/15/2017 04:00:00 PM,71,54,17
11/15/2017 05:00:00 PM,99,65,34
11/15/2017 06:00:00 PM,55,31,24
11/15/2017 07:00:00 PM,19,7,12
11/15/2017 08:00:00 PM,8,3,5
11/15/2017 09:00:00 PM,5,3,2
11/15/2017 10:00:00 PM,7,4,3
11/15/2017 11:00:00 PM,2,1,1
11/16/2017 12:00:00 AM,3,2,1
11/16/2017 01:00:00 AM,0,0,0
11/16/2017 02:00:00 AM,0,0,0
11/16/2017 03:00:00 AM,1,0,1
11/16/2017 04:00:00 AM,2,1,1
11/16/2017 05:00:00 AM,12,5,7
11/16/2017 06:00:00 AM,21,9,12
11/16/2017 07:00:00 AM,36,19,17
11/16/2017 08:00:00 AM,87,47,40
11/16/2017 09:00:00 AM,50,31,19
11/16/2017 10:00:00 AM,31,16,15
11/16/2017 11:00:00 AM,30,13,17
11/16/2017 12:00:00 PM,17,8,9
11/16/2017 01:00:00 PM,15,4,11
11/16/2017 02:00:00 PM,14,5,9
11/16/2017 03:00:00 PM,43,28,15
11/16/2017 04:00:00 PM,72,49,23
11/16/2017 05:00:00 PM,117,80,37
11/16/2017 06:00:00 PM,67,46,21
11/16/2017 07:00:00 PM,26,13,13
11/16/2017 08:00:00 PM,5,2,3
11/16/2017 09:00:00 PM,6,3,3
11/16/2017 10:00:00 PM,4,1,3
11/16/2017 11:00:00 PM,2,1,1
11/17/2017 12:00:00 AM,2,0,2
11/17/2017 01:00:00 AM,1,0,1
11/17/2017 02:00:00 AM,1,1,0
11/17/2017 03:00:00 AM,0,0,0
11/17/2017 04:00:00 AM,1,0,1
11/17/2017 05:00:00 AM,12,6,6
11/17/2017 06:00:00 AM,20,8,12
11/17/2017 07:00:00 AM,47,22,25
11/17/2017 08:00:00 AM,95,51,44
11/17/2017 09:00:00 AM,47,24,23
11/17/2017 10:00:00 AM,30,12,18
11/17/2017 11:00:00 AM,25,11,14
11/17/2017 12:00:00 PM,27,12,15
11/17/2017 01:00:00 PM,27,18,9
11/17/2017 02:00:00 PM,38,21,17
11/17/2017 03:00:00 PM,58,42,16
11/17/2017 04:00:00 PM,87,58,29
11/17/2017 05:00:00 PM,104,61,43
11/17/2017 06:00:00 PM,43,28,15
11/17/2017 07:00:00 PM,27,16,11
11/17/2017 08:00:00 PM,11,3,8
11/17/2017 09:00:00 PM,5,2,3
11/17/2017 10:00:00 PM,5,5,0
11/17/2017 11:00:00 PM,7,5,2
11/18/2017 12:00:00 AM,1,0,1
11/18/2017 01:00:00 AM,0,0,0
11/18/2017 02:00:00 AM,1,0,1
11/18/2017 03:00:00 AM,1,1,0
11/18/2017 04:00:00 AM,0,0,0
11/18/2017 05:00:00 AM,4,2,2
11/18/2017 06:00:00 AM,3,2,1
11/18/2017 07:00:00 AM,6,3,3
11/18/2017 08:00:00 AM,10,4,6
11/18/2017 09:00:00 AM,18,11,7
11/18/2017 10:00:00 AM,32,27,5
11/18/2017 11:00:00 AM,39,13,26
11/18/2017 12:00:00 PM,26,16,10
11/18/2017 01:00:00 PM,26,17,9
11/18/2017 02:00:00 PM,26,13,13
11/18/2017 03:00:00 PM,27,14,13
11/18/2017 04:00:00 PM,22,8,14
11/18/2017 05:00:00 PM,14,5,9
11/18/2017 06:00:00 PM,15,10,5
11/18/2017 07:00:00 PM,10,8,2
11/18/2017 08:00:00 PM,8,4,4
11/18/2017 09:00:00 PM,2,1,1
11/18/2017 10:00:00 PM,4,2,2
11/18/2017 11:00:00 PM,2,0,2
11/19/2017 12:00:00 AM,3,2,1
11/19/2017 01:00:00 AM,6,3,3
11/19/2017 02:00:00 AM,1,1,0
11/19/2017 03:00:00 AM,0,0,0
11/19/2017 04:00:00 AM,0,0,0
11/19/2017 05:00:00 AM,2,2,0
11/19/2017 06:00:00 AM,1,1,0
11/19/2017 07:00:00 AM,3,2,1
11/19/2017 08:00:00 AM,6,4,2
11/19/2017 09:00:00 AM,6,4,2
11/19/2017 10:00:00 AM,5,1,4
11/19/2017 11:00:00 AM,8,3,5
11/19/2017 12:00:00 PM,4,1,3
11/19/2017 01:00:00 PM,10,2,8
11/19/2017 02:00:00 PM,5,2,3
11/19/2017 03:00:00 PM,8,4,4
11/19/2017 04:00:00 PM,8,5,3
11/19/2017 05:00:00 PM,2,1,1
11/19/2017 06:00:00 PM,4,2,2
11/19/2017 07:00:00 PM,2,1,1
11/19/2017 08:00:00 PM,1,0,1
11/19/2017 09:00:00 PM,0,0,0
11/19/2017 10:00:00 PM,0,0,0
11/19/2017 11:00:00 PM,0,0,0
11/20/2017 12:00:00 AM,1,0,1
11/20/2017 01:00:00 AM,0,0,0
11/20/2017 02:00:00 AM,1,0,1
11/20/2017 03:00:00 AM,0,0,0
11/20/2017 04:00:00 AM,2,1,1
11/20/2017 05:00:00 AM,10,3,7
11/20/2017 06:00:00 AM,23,10,13
11/20/2017 07:00:00 AM,27,11,16
11/20/2017 08:00:00 AM,47,26,21
11/20/2017 09:00:00 AM,34,11,23
11/20/2017 10:00:00 AM,24,15,9
11/20/2017 11:00:00 AM,17,7,10
11/20/2017 12:00:00 PM,18,9,9
11/20/2017 01:00:00 PM,19,6,13
11/20/2017 02:00:00 PM,30,22,8
11/20/2017 03:00:00 PM,39,26,13
11/20/2017 04:00:00 PM,105,75,30
11/20/2017 05:00:00 PM,95,71,24
11/20/2017 06:00:00 PM,46,30,16
11/20/2017 07:00:00 PM,16,10,6
11/20/2017 08:00:00 PM,15,10,5
11/20/2017 09:00:00 PM,35,14,21
11/20/2017 10:00:00 PM,3,2,1
11/20/2017 11:00:00 PM,3,1,2
11/21/2017 12:00:00 AM,1,0,1
11/21/2017 01:00:00 AM,2,0,2
11/21/2017 02:00:00 AM,1,0,1
11/21/2017 03:00:00 AM,0,0,0
11/21/2017 04:00:00 AM,1,0,1
11/21/2017 05:00:00 AM,8,3,5
11/21/2017 06:00:00 AM,18,7,11
11/21/2017 07:00:00 AM,30,14,16
11/21/2017 08:00:00 AM,51,28,23
11/21/2017 09:00:00 AM,35,18,17
11/21/2017 10:00:00 AM,18,9,9
11/21/2017 11:00:00 AM,13,8,5
11/21/2017 12:00:00 PM,11,6,5
11/21/2017 01:00:00 PM,15,7,8
11/21/2017 02:00:00 PM,18,12,6
11/21/2017 03:00:00 PM,33,24,9
11/21/2017 04:00:00 PM,53,37,16
11/21/2017 05:00:00 PM,84,57,27
11/21/2017 06:00:00 PM,27,14,13
11/21/2017 07:00:00 PM,10,5,5
11/21/2017 08:00:00 PM,4,2,2
11/21/2017 09:00:00 PM,2,1,1
11/21/2017 10:00:00 PM,3,1,2
11/21/2017 11:00:00 PM,2,0,2
11/22/2017 12:00:00 AM,2,2,0
11/22/2017 01:00:00 AM,1,0,1
11/22/2017 02:00:00 AM,2,1,1
11/22/2017 03:00:00 AM,1,1,0
11/22/2017 04:00:00 AM,2,1,1
11/22/2017 05:00:00 AM,6,2,4
11/22/2017 06:00:00 AM,20,8,12
11/22/2017 07:00:00 AM,30,13,17
11/22/2017 08:00:00 AM,48,24,24
11/22/2017 09:00:00 AM,31,16,15
11/22/2017 10:00:00 AM,17,8,9
11/22/2017 11:00:00 AM,20,10,10
11/22/2017 12:00:00 PM,20,12,8
11/22/2017 01:00:00 PM,21,7,14
11/22/2017 02:00:00 PM,36,24,12
11/22/2017 03:00:00 PM,53,37,16
11/22/2017 04:00:00 PM,69,47,22
11/22/2017 05:00:00 PM,51,28,23
11/22/2017 06:00:00 PM,31,17,14
11/22/2017 07:00:00 PM,16,13,3
11/22/2017 08:00:00 PM,13,7,6
11/22/2017 09:00:00 PM,2,0,2
11/22/2017 10:00:00 PM,1,1,0
11/22/2017 11:00:00 PM,3,2,1
11/23/2017 12:00:00 AM,0,0,0
11/23/2017 01:00:00 AM,3,1,2
11/23/2017 02:00:00 AM,2,0,2
11/23/2017 03:00:00 AM,3,1,2
11/23/2017 04:00:00 AM,0,0,0
11/23/2017 05:00:00 AM,0,0,0
11/23/2017 06:00:00 AM,2,1,1
11/23/2017 07:00:00 AM,3,0,3
11/23/2017 08:00:00 AM,6,3,3
11/23/2017 09:00:00 AM,1,0,1
11/23/2017 10:00:00 AM,5,4,1
11/23/2017 11:00:00 AM,3,0,3
11/23/2017 12:00:00 PM,8,5,3
11/23/2017 01:00:00 PM,4,1,3
11/23/2017 02:00:00 PM,1,0,1
11/23/2017 03:00:00 PM,8,3,5
11/23/2017 04:00:00 PM,3,1,2
11/23/2017 05:00:00 PM,5,0,5
11/23/2017 06:00:00 PM,1,0,1
11/23/2017 07:00:00 PM,1,0,1
11/23/2017 08:00:00 PM,4,1,3
11/23/2017 09:00:00 PM,10,6,4
11/23/2017 10:00:00 PM,0,0,0
11/23/2017 11:00:00 PM,3,1,2
11/24/2017 12:00:00 AM,0,0,0
11/24/2017 01:00:00 AM,3,2,1
11/24/2017 02:00:00 AM,3,1,2
11/24/2017 03:00:00 AM,0,0,0
11/24/2017 04:00:00 AM,1,0,1
11/24/2017 05:00:00 AM,1,0,1
11/24/2017 06:00:00 AM,4,3,1
11/24/2017 07:00:00 AM,9,4,5
11/24/2017 08:00:00 AM,12,5,7
11/24/2017 09:00:00 AM,8,2,6
11/24/2017 10:00:00 AM,11,2,9
11/24/2017 11:00:00 AM,15,4,11
11/24/2017 12:00:00 PM,15,8,7
11/24/2017 01:00:00 PM,13,5,8
11/24/2017 02:00:00 PM,22,8,14
11/24/2017 03:00:00 PM,16,10,6
11/24/2017 04:00:00 PM,15,8,7
11/24/2017 05:00:00 PM,14,10,4
11/24/2017 06:00:00 PM,6,2,4
11/24/2017 07:00:00 PM,9,5,4
11/24/2017 08:00:00 PM,4,2,2
11/24/2017 09:00:00 PM,5,4,1
11/24/2017 10:00:00 PM,6,3,3
11/24/2017 11:00:00 PM,7,5,2
11/25/2017 12:00:00 AM,0,0,0
11/25/2017 01:00:00 AM,3,2,1
11/25/2017 02:00:00 AM,0,0,0
11/25/2017 03:00:00 AM,1,0,1
11/25/2017 04:00:00 AM,0,0,0
11/25/2017 05:00:00 AM,3,3,0
11/25/2017 06:00:00 AM,0,0,0
11/25/2017 07:00:00 AM,5,2,3
11/25/2017 08:00:00 AM,9,3,6
11/25/2017 09:00:00 AM,10,7,3
11/25/2017 10:00:00 AM,15,5,10
11/25/2017 11:00:00 AM,8,7,1
11/25/2017 12:00:00 PM,13,7,6
11/25/2017 01:00:00 PM,25,12,13
11/25/2017 02:00:00 PM,12,4,8
11/25/2017 03:00:00 PM,15,11,4
11/25/2017 04:00:00 PM,13,4,9
11/25/2017 05:00:00 PM,2,1,1
11/25/2017 06:00:00 PM,10,5,5
11/25/2017 07:00:00 PM,5,4,1
11/25/2017 08:00:00 PM,0,0,0
11/25/2017 09:00:00 PM,1,1,0
11/25/2017 10:00:00 PM,2,2,0
11/25/2017 11:00:00 PM,1,1,0
11/26/2017 12:00:00 AM,1,0,1
11/26/2017 01:00:00 AM,1,1,0
11/26/2017 02:00:00 AM,1,1,0
11/26/2017 03:00:00 AM,2,1,1
11/26/2017 04:00:00 AM,1,1,0
11/26/2017 05:00:00 AM,1,1,0
11/26/2017 06:00:00 AM,0,0,0
11/26/2017 07:00:00 AM,2,1,1
11/26/2017 08:00:00 AM,3,1,2
11/26/2017 09:00:00 AM,3,2,1
11/26/2017 10:00:00 AM,12,2,10
11/26/2017 11:00:00 AM,2,2,0
11/26/2017 12:00:00 PM,3,2,1
11/26/2017 01:00:00 PM,2,0,2
11/26/2017 02:00:00 PM,7,3,4
11/26/2017 03:00:00 PM,4,3,1
11/26/2017 04:00:00 PM,10,3,7
11/26/2017 05:00:00 PM,8,4,4
11/26/2017 06:00:00 PM,6,5,1
11/26/2017 07:00:00 PM,3,2,1
11/26/2017 08:00:00 PM,3,2,1
11/26/2017 09:00:00 PM,3,1,2
11/26/2017 10:00:00 PM,0,0,0
11/26/2017 11:00:00 PM,2,2,0
11/27/2017 12:00:00 AM,0,0,0
11/27/2017 01:00:00 AM,0,0,0
11/27/2017 02:00:00 AM,0,0,0
11/27/2017 03:00:00 AM,1,1,0
11/27/2017 04:00:00 AM,1,0,1
11/27/2017 05:00:00 AM,7,3,4
11/27/2017 06:00:00 AM,35,13,22
11/27/2017 07:00:00 AM,58,28,30
11/27/2017 08:00:00 AM,108,57,51
11/27/2017 09:00:00 AM,61,29,32
11/27/2017 10:00:00 AM,21,11,10
11/27/2017 11:00:00 AM,21,11,10
11/27/2017 12:00:00 PM,22,12,10
11/27/2017 01:00:00 PM,21,8,13
11/27/2017 02:00:00 PM,30,16,14
11/27/2017 03:00:00 PM,49,33,16
11/27/2017 04:00:00 PM,115,84,31
11/27/2017 05:00:00 PM,131,96,35
11/27/2017 06:00:00 PM,68,41,27
11/27/2017 07:00:00 PM,29,21,8
11/27/2017 08:00:00 PM,14,8,6
11/27/2017 09:00:00 PM,2,1,1
11/27/2017 10:00:00 PM,2,1,1
11/27/2017 11:00:00 PM,1,0,1
11/28/2017 12:00:00 AM,1,1,0
11/28/2017 01:00:00 AM,1,1,0
11/28/2017 02:00:00 AM,2,1,1
11/28/2017 03:00:00 AM,0,0,0
11/28/2017 04:00:00 AM,3,1,2
11/28/2017 05:00:00 AM,10,3,7
11/28/2017 06:00:00 AM,26,15,11
11/28/2017 07:00:00 AM,38,20,18
11/28/2017 08:00:00 AM,83,48,35
11/28/2017 09:00:00 AM,46,20,26
11/28/2017 10:00:00 AM,12,5,7
11/28/2017 11:00:00 AM,15,10,5
11/28/2017 12:00:00 PM,10,4,6
11/28/2017 01:00:00 PM,8,2,6
11/28/2017 02:00:00 PM,16,12,4
11/28/2017 03:00:00 PM,25,17,8
11/28/2017 04:00:00 PM,76,56,20
11/28/2017 05:00:00 PM,103,73,30
11/28/2017 06:00:00 PM,60,34,26
11/28/2017 07:00:00 PM,21,15,6
11/28/2017 08:00:00 PM,10,5,5
11/28/2017 09:00:00 PM,5,2,3
11/28/2017 10:00:00 PM,5,2,3
11/28/2017 11:00:00 PM,2,0,2
11/29/2017 12:00:00 AM,3,1,2
11/29/2017 01:00:00 AM,3,1,2
11/29/2017 02:00:00 AM,1,0,1
11/29/2017 03:00:00 AM,1,1,0
11/29/2017 04:00:00 AM,2,1,1
11/29/2017 05:00:00 AM,9,3,6
11/29/2017 06:00:00 AM,36,14,22
11/29/2017 07:00:00 AM,46,23,23
11/29/2017 08:00:00 AM,88,45,43
11/29/2017 09:00:00 AM,62,34,28
11/29/2017 10:00:00 AM,25,17,8
11/29/2017 11:00:00 AM,15,6,9
11/29/2017 12:00:00 PM,31,16,15
11/29/2017 01:00:00 PM,39,13,26
11/29/2017 02:00:00 PM,37,16,21
11/29/2017 03:00:00 PM,49,38,11
11/29/2017 04:00:00 PM,102,69,33
11/29/2017 05:00:00 PM,118,75,43
11/29/2017 06:00:00 PM,83,52,31
11/29/2017 07:00:00 PM,31,21,10
11/29/2017 08:00:00 PM,13,12,1
11/29/2017 09:00:00 PM,16,6,10
11/29/2017 10:00:00 PM,6,4,2
11/29/2017 11:00:00 PM,5,1,4
11/30/2017 12:00:00 AM,2,0,2
11/30/2017 01:00:00 AM,1,0,1
11/30/2017 02:00:00 AM,0,0,0
11/30/2017 03:00:00 AM,1,0,1
11/30/2017 04:00:00 AM,3,2,1
11/30/2017 05:00:00 AM,10,4,6
11/30/2017 06:00:00 AM,21,7,14
11/30/2017 07:00:00 AM,37,13,24
11/30/2017 08:00:00 AM,58,37,21
11/30/2017 09:00:00 AM,35,18,17
11/30/2017 10:00:00 AM,17,7,10
11/30/2017 11:00:00 AM,27,12,15
11/30/2017 12:00:00 PM,17,9,8
11/30/2017 01:00:00 PM,18,9,9
11/30/2017 02:00:00 PM,19,8,11
11/30/2017 03:00:00 PM,39,26,13
11/30/2017 04:00:00 PM,94,62,32
11/30/2017 05:00:00 PM,108,78,30
11/30/2017 06:00:00 PM,83,64,19
11/30/2017 07:00:00 PM,41,29,12
11/30/2017 08:00:00 PM,10,8,2
11/30/2017 09:00:00 PM,13,1,12
11/30/2017 10:00:00 PM,32,10,22
11/30/2017 11:00:00 PM,4,2,2
12/01/2017 12:00:00 AM,4,2,2
12/01/2017 01:00:00 AM,1,0,1
12/01/2017 02:00:00 AM,2,1,1
12/01/2017 03:00:00 AM,1,0,1
12/01/2017 04:00:00 AM,3,0,3
12/01/2017 05:00:00 AM,7,3,4
12/01/2017 06:00:00 AM,25,10,15
12/01/2017 07:00:00 AM,40,22,18
12/01/2017 08:00:00 AM,72,40,32
12/01/2017 09:00:00 AM,42,20,22
12/01/2017 10:00:00 AM,21,15,6
12/01/2017 11:00:00 AM,31,13,18
12/01/2017 12:00:00 PM,31,12,19
12/01/2017 01:00:00 PM,24,13,11
12/01/2017 02:00:00 PM,22,10,12
12/01/2017 03:00:00 PM,37,24,13
12/01/2017 04:00:00 PM,74,47,27
12/01/2017 05:00:00 PM,79,56,23
12/01/2017 06:00:00 PM,47,24,23
12/01/2017 07:00:00 PM,18,13,5
12/01/2017 08:00:00 PM,12,3,9
12/01/2017 09:00:00 PM,6,4,2
12/01/2017 10:00:00 PM,1,0,1
12/01/2017 11:00:00 PM,3,3,0
12/02/2017 12:00:00 AM,4,3,1
12/02/2017 01:00:00 AM,1,1,0
12/02/2017 02:00:00 AM,2,2,0
12/02/2017 03:00:00 AM,0,0,0
12/02/2017 04:00:00 AM,0,0,0
12/02/2017 05:00:00 AM,2,1,1
12/02/2017 06:00:00 AM,1,1,0
12/02/2017 07:00:00 AM,2,0,2
12/02/2017 08:00:00 AM,5,0,5
12/02/2017 09:00:00 AM,6,3,3
12/02/2017 10:00:00 AM,7,4,3
12/02/2017 11:00:00 AM,1,1,0
12/02/2017 12:00:00 PM,6,3,3
12/02/2017 01:00:00 PM,2,0,2
12/02/2017 02:00:00 PM,15,5,10
12/02/2017 03:00:00 PM,7,5,2
12/02/2017 04:00:00 PM,6,3,3
12/02/2017 05:00:00 PM,3,2,1
12/02/2017 06:00:00 PM,8,6,2
12/02/2017 07:00:00 PM,1,1,0
12/02/2017 08:00:00 PM,0,0,0
12/02/2017 09:00:00 PM,1,0,1
12/02/2017 10:00:00 PM,2,1,1
12/02/2017 11:00:00 PM,4,2,2
12/03/2017 12:00:00 AM,0,0,0
12/03/2017 01:00:00 AM,0,0,0
12/03/2017 02:00:00 AM,2,1,1
12/03/2017 03:00:00 AM,1,1,0
12/03/2017 04:00:00 AM,0,0,0
12/03/2017 05:00:00 AM,1,1,0
12/03/2017 06:00:00 AM,0,0,0
12/03/2017 07:00:00 AM,3,1,2
12/03/2017 08:00:00 AM,6,3,3
12/03/2017 09:00:00 AM,12,8,4
12/03/2017 10:00:00 AM,14,5,9
12/03/2017 11:00:00 AM,24,16,8
12/03/2017 12:00:00 PM,19,9,10
12/03/2017 01:00:00 PM,28,15,13
12/03/2017 02:00:00 PM,20,12,8
12/03/2017 03:00:00 PM,22,14,8
12/03/2017 04:00:00 PM,27,18,9
12/03/2017 05:00:00 PM,12,8,4
12/03/2017 06:00:00 PM,13,9,4
12/03/2017 07:00:00 PM,6,3,3
12/03/2017 08:00:00 PM,12,3,9
12/03/2017 09:00:00 PM,19,9,10
12/03/2017 10:00:00 PM,4,2,2
12/03/2017 11:00:00 PM,8,5,3
12/04/2017 12:00:00 AM,2,1,1
12/04/2017 01:00:00 AM,0,0,0
12/04/2017 02:00:00 AM,1,0,1
12/04/2017 03:00:00 AM,0,0,0
12/04/2017 04:00:00 AM,2,0,2
12/04/2017 05:00:00 AM,8,4,4
12/04/2017 06:00:00 AM,40,17,23
12/04/2017 07:00:00 AM,56,24,32
12/04/2017 08:00:00 AM,101,51,50
12/04/2017 09:00:00 AM,49,25,24
12/04/2017 10:00:00 AM,18,12,6
12/04/2017 11:00:00 AM,14,5,9
12/04/2017 12:00:00 PM,23,8,15
12/04/2017 01:00:00 PM,17,10,7
12/04/2017 02:00:00 PM,21,12,9
12/04/2017 03:00:00 PM,52,37,15
12/04/2017 04:00:00 PM,93,60,33
12/04/2017 05:00:00 PM,128,93,35
12/04/2017 06:00:00 PM,59,38,21
12/04/2017 07:00:00 PM,31,18,13
12/04/2017 08:00:00 PM,10,7,3
12/04/2017 09:00:00 PM,4,2,2
12/04/2017 10:00:00 PM,5,4,1
12/04/2017 11:00:00 PM,4,1,3
12/05/2017 12:00:00 AM,1,0,1
12/05/2017 01:00:00 AM,0,0,0
12/05/2017 02:00:00 AM,1,0,1
12/05/2017 03:00:00 AM,0,0,0
12/05/2017 04:00:00 AM,2,1,1
12/05/2017 05:00:00 AM,17,6,11
12/05/2017 06:00:00 AM,26,11,15
12/05/2017 07:00:00 AM,55,30,25
12/05/2017 08:00:00 AM,94,61,33
12/05/2017 09:00:00 AM,67,34,33
12/05/2017 10:00:00 AM,22,10,12
12/05/2017 11:00:00 AM,19,10,9
12/05/2017 12:00:00 PM,20,6,14
12/05/2017 01:00:00 PM,24,15,9
12/05/2017 02:00:00 PM,35,19,16
12/05/2017 03:00:00 PM,53,37,16
12/05/2017 04:00:00 PM,95,67,28
12/05/2017 05:00:00 PM,131,89,42
12/05/2017 06:00:00 PM,73,47,26
12/05/2017 07:00:00 PM,24,11,13
12/05/2017 08:00:00 PM,10,5,5
12/05/2017 09:00:00 PM,6,2,4
12/05/2017 10:00:00 PM,8,7,1
12/05/2017 11:00:00 PM,1,0,1
12/06/2017 12:00:00 AM,1,1,0
12/06/2017 01:00:00 AM,0,0,0
12/06/2017 02:00:00 AM,1,0,1
12/06/2017 03:00:00 AM,0,0,0
12/06/2017 04:00:00 AM,2,0,2
12/06/2017 05:00:00 AM,10,3,7
12/06/2017 06:00:00 AM,32,11,21
12/06/2017 07:00:00 AM,52,27,25
12/06/2017 08:00:00 AM,82,46,36
12/06/2017 09:00:00 AM,62,32,30
12/06/2017 10:00:00 AM,31,13,18
12/06/2017 11:00:00 AM,15,7,8
12/06/2017 12:00:00 PM,32,14,18
12/06/2017 01:00:00 PM,28,17,11
12/06/2017 02:00:00 PM,21,11,10
12/06/2017 03:00:00 PM,45,30,15
12/06/2017 04:00:00 PM,85,56,29
12/06/2017 05:00:00 PM,116,77,39
12/06/2017 06:00:00 PM,71,49,22
12/06/2017 07:00:00 PM,22,17,5
12/06/2017 08:00:00 PM,10,6,4
12/06/2017 09:00:00 PM,11,6,5
12/06/2017 10:00:00 PM,17,10,7
12/06/2017 11:00:00 PM,2,1,1
12/07/2017 12:00:00 AM,1,1,0
12/07/2017 01:00:00 AM,0,0,0
12/07/2017 02:00:00 AM,0,0,0
12/07/2017 03:00:00 AM,0,0,0
12/07/2017 04:00:00 AM,1,0,1
12/07/2017 05:00:00 AM,11,5,6
12/07/2017 06:00:00 AM,22,13,9
12/07/2017 07:00:00 AM,50,26,24
12/07/2017 08:00:00 AM,83,53,30
12/07/2017 09:00:00 AM,51,29,22
12/07/2017 10:00:00 AM,20,12,8
12/07/2017 11:00:00 AM,34,18,16
12/07/2017 12:00:00 PM,21,10,11
12/07/2017 01:00:00 PM,24,9,15
12/07/2017 02:00:00 PM,29,14,15
12/07/2017 03:00:00 PM,50,35,15
12/07/2017 04:00:00 PM,83,53,30
12/07/2017 05:00:00 PM,106,71,35
12/07/2017 06:00:00 PM,77,52,25
12/07/2017 07:00:00 PM,41,23,18
12/07/2017 08:00:00 PM,10,1,9
12/07/2017 09:00:00 PM,16,9,7
12/07/2017 10:00:00 PM,11,6,5
12/07/2017 11:00:00 PM,6,3,3
12/08/2017 12:00:00 AM,2,1,1
12/08/2017 01:00:00 AM,2,2,0
12/08/2017 02:00:00 AM,1,1,0
12/08/2017 03:00:00 AM,1,1,0
12/08/2017 04:00:00 AM,0,0,0
12/08/2017 05:00:00 AM,4,1,3
12/08/2017 06:00:00 AM,22,9,13
12/08/2017 07:00:00 AM,30,14,16
12/08/2017 08:00:00 AM,54,34,20
12/08/2017 09:00:00 AM,50,32,18
12/08/2017 10:00:00 AM,24,12,12
12/08/2017 11:00:00 AM,28,12,16
12/08/2017 12:00:00 PM,41,23,18
12/08/2017 01:00:00 PM,40,18,22
12/08/2017 02:00:00 PM,32,12,20
12/08/2017 03:00:00 PM,53,34,19
12/08/2017 04:00:00 PM,92,54,38
12/08/2017 05:00:00 PM,69,50,19
12/08/2017 06:00:00 PM,48,22,26
12/08/2017 07:00:00 PM,19,9,10
12/08/2017 08:00:00 PM,11,7,4
12/08/2017 09:00:00 PM,7,3,4
12/08/2017 10:00:00 PM,7,7,0
12/08/2017 11:00:00 PM,5,3,2
12/09/2017 12:00:00 AM,0,0,0
12/09/2017 01:00:00 AM,2,2,0
12/09/2017 02:00:00 AM,0,0,0
12/09/2017 03:00:00 AM,1,0,1
12/09/2017 04:00:00 AM,0,0,0
12/09/2017 05:00:00 AM,1,0,1
12/09/2017 06:00:00 AM,3,3,0
12/09/2017 07:00:00 AM,2,0,2
12/09/2017 08:00:00 AM,3,0,3
12/09/2017 09:00:00 AM,4,1,3
12/09/2017 10:00:00 AM,15,4,11
12/09/2017 11:00:00 AM,13,10,3
12/09/2017 12:00:00 PM,27,16,11
12/09/2017 01:00:00 PM,22,13,9
12/09/2017 02:00:00 PM,16,10,6
12/09/2017 03:00:00 PM,15,4,11
12/09/2017 04:00:00 PM,16,6,10
12/09/2017 05:00:00 PM,9,7,2
12/09/2017 06:00:00 PM,12,10,2
12/09/2017 07:00:00 PM,18,10,8
12/09/2017 08:00:00 PM,2,2,0
12/09/2017 09:00:00 PM,3,2,1
12/09/2017 10:00:00 PM,0,0,0
12/09/2017 11:00:00 PM,0,0,0
12/10/2017 12:00:00 AM,0,0,0
12/10/2017 01:00:00 AM,3,3,0
12/10/2017 02:00:00 AM,0,0,0
12/10/2017 03:00:00 AM,2,1,1
12/10/2017 04:00:00 AM,0,0,0
12/10/2017 05:00:00 AM,1,1,0
12/10/2017 06:00:00 AM,1,0,1
12/10/2017 07:00:00 AM,1,0,1
12/10/2017 08:00:00 AM,4,1,3
12/10/2017 09:00:00 AM,4,0,4
12/10/2017 10:00:00 AM,8,2,6
12/10/2017 11:00:00 AM,7,3,4
12/10/2017 12:00:00 PM,13,7,6
12/10/2017 01:00:00 PM,15,5,10
12/10/2017 02:00:00 PM,10,6,4
12/10/2017 03:00:00 PM,7,5,2
12/10/2017 04:00:00 PM,11,6,5
12/10/2017 05:00:00 PM,7,3,4
12/10/2017 06:00:00 PM,7,2,5
12/10/2017 07:00:00 PM,6,4,2
12/10/2017 08:00:00 PM,6,2,4
12/10/2017 09:00:00 PM,5,3,2
12/10/2017 10:00:00 PM,0,0,0
12/10/2017 11:00:00 PM,3,2,1
12/11/2017 12:00:00 AM,4,1,3
12/11/2017 01:00:00 AM,6,3,3
12/11/2017 02:00:00 AM,2,0,2
12/11/2017 03:00:00 AM,1,0,1
12/11/2017 04:00:00 AM,1,1,0
12/11/2017 05:00:00 AM,10,5,5
12/11/2017 06:00:00 AM,21,10,11
12/11/2017 07:00:00 AM,53,20,33
12/11/2017 08:00:00 AM,72,41,31
12/11/2017 09:00:00 AM,50,33,17
12/11/2017 10:00:00 AM,26,17,9
12/11/2017 11:00:00 AM,21,9,12
12/11/2017 12:00:00 PM,16,7,9
12/11/2017 01:00:00 PM,17,7,10
12/11/2017 02:00:00 PM,25,16,9
12/11/2017 03:00:00 PM,54,37,17
12/11/2017 04:00:00 PM,79,50,29
12/11/2017 05:00:00 PM,101,60,41
12/11/2017 06:00:00 PM,55,29,26
12/11/2017 07:00:00 PM,24,12,12
12/11/2017 08:00:00 PM,9,7,2
12/11/2017 09:00:00 PM,9,5,4
12/11/2017 10:00:00 PM,2,2,0
12/11/2017 11:00:00 PM,0,0,0
12/12/2017 12:00:00 AM,1,1,0
12/12/2017 01:00:00 AM,1,0,1
12/12/2017 02:00:00 AM,2,1,1
12/12/2017 03:00:00 AM,0,0,0
12/12/2017 04:00:00 AM,2,0,2
12/12/2017 05:00:00 AM,11,3,8
12/12/2017 06:00:00 AM,27,16,11
12/12/2017 07:00:00 AM,56,25,31
12/12/2017 08:00:00 AM,84,48,36
12/12/2017 09:00:00 AM,52,28,24
12/12/2017 10:00:00 AM,24,16,8
12/12/2017 11:00:00 AM,15,6,9
12/12/2017 12:00:00 PM,23,12,11
12/12/2017 01:00:00 PM,25,12,13
12/12/2017 02:00:00 PM,33,15,18
12/12/2017 03:00:00 PM,50,31,19
12/12/2017 04:00:00 PM,100,67,33
12/12/2017 05:00:00 PM,122,78,44
12/12/2017 06:00:00 PM,58,41,17
12/12/2017 07:00:00 PM,26,12,14
12/12/2017 08:00:00 PM,5,2,3
12/12/2017 09:00:00 PM,7,5,2
12/12/2017 10:00:00 PM,6,5,1
12/12/2017 11:00:00 PM,0,0,0
12/13/2017 12:00:00 AM,0,0,0
12/13/2017 01:00:00 AM,2,0,2
12/13/2017 02:00:00 AM,0,0,0
12/13/2017 03:00:00 AM,0,0,0
12/13/2017 04:00:00 AM,1,1,0
12/13/2017 05:00:00 AM,12,5,7
12/13/2017 06:00:00 AM,26,12,14
12/13/2017 07:00:00 AM,49,23,26
12/13/2017 08:00:00 AM,101,54,47
12/13/2017 09:00:00 AM,53,30,23
12/13/2017 10:00:00 AM,25,11,14
12/13/2017 11:00:00 AM,28,18,10
12/13/2017 12:00:00 PM,38,20,18
12/13/2017 01:00:00 PM,28,12,16
12/13/2017 02:00:00 PM,33,16,17
12/13/2017 03:00:00 PM,47,30,17
12/13/2017 04:00:00 PM,105,72,33
12/13/2017 05:00:00 PM,128,78,50
12/13/2017 06:00:00 PM,65,41,24
12/13/2017 07:00:00 PM,27,18,9
12/13/2017 08:00:00 PM,22,14,8
12/13/2017 09:00:00 PM,6,3,3
12/13/2017 10:00:00 PM,4,2,2
12/13/2017 11:00:00 PM,6,5,1
12/14/2017 12:00:00 AM,2,0,2
12/14/2017 01:00:00 AM,0,0,0
12/14/2017 02:00:00 AM,1,0,1
12/14/2017 03:00:00 AM,1,0,1
12/14/2017 04:00:00 AM,3,1,2
12/14/2017 05:00:00 AM,11,5,6
12/14/2017 06:00:00 AM,27,13,14
12/14/2017 07:00:00 AM,42,19,23
12/14/2017 08:00:00 AM,80,43,37
12/14/2017 09:00:00 AM,47,31,16
12/14/2017 10:00:00 AM,21,10,11
12/14/2017 11:00:00 AM,30,12,18
12/14/2017 12:00:00 PM,32,15,17
12/14/2017 01:00:00 PM,29,18,11
12/14/2017 02:00:00 PM,32,18,14
12/14/2017 03:00:00 PM,59,43,16
12/14/2017 04:00:00 PM,75,44,31
12/14/2017 05:00:00 PM,111,79,32
12/14/2017 06:00:00 PM,57,33,24
12/14/2017 07:00:00 PM,30,16,14
12/14/2017 08:00:00 PM,18,9,9
12/14/2017 09:00:00 PM,10,6,4
12/14/2017 10:00:00 PM,5,3,2
12/14/2017 11:00:00 PM,1,1,0
12/15/2017 12:00:00 AM,2,1,1
12/15/2017 01:00:00 AM,2,2,0
12/15/2017 02:00:00 AM,2,0,2
12/15/2017 03:00:00 AM,0,0,0
12/15/2017 04:00:00 AM,3,2,1
12/15/2017 05:00:00 AM,8,3,5
12/15/2017 06:00:00 AM,21,5,16
12/15/2017 07:00:00 AM,34,19,15
12/15/2017 08:00:00 AM,65,43,22
12/15/2017 09:00:00 AM,45,24,21
12/15/2017 10:00:00 AM,27,11,16
12/15/2017 11:00:00 AM,21,10,11
12/15/2017 12:00:00 PM,34,22,12
12/15/2017 01:00:00 PM,21,7,14
12/15/2017 02:00:00 PM,34,13,21
12/15/2017 03:00:00 PM,57,32,25
12/15/2017 04:00:00 PM,72,43,29
12/15/2017 05:00:00 PM,91,55,36
12/15/2017 06:00:00 PM,37,18,19
12/15/2017 07:00:00 PM,24,15,9
12/15/2017 08:00:00 PM,10,5,5
12/15/2017 09:00:00 PM,4,3,1
12/15/2017 10:00:00 PM,4,3,1
12/15/2017 11:00:00 PM,3,2,1
12/16/2017 12:00:00 AM,2,1,1
12/16/2017 01:00:00 AM,4,3,1
12/16/2017 02:00:00 AM,1,0,1
12/16/2017 03:00:00 AM,0,0,0
12/16/2017 04:00:00 AM,0,0,0
12/16/2017 05:00:00 AM,1,1,0
12/16/2017 06:00:00 AM,0,0,0
12/16/2017 07:00:00 AM,9,2,7
12/16/2017 08:00:00 AM,4,1,3
12/16/2017 09:00:00 AM,6,1,5
12/16/2017 10:00:00 AM,7,2,5
12/16/2017 11:00:00 AM,16,7,9
12/16/2017 12:00:00 PM,15,7,8
12/16/2017 01:00:00 PM,20,9,11
12/16/2017 02:00:00 PM,21,10,11
12/16/2017 03:00:00 PM,9,5,4
12/16/2017 04:00:00 PM,13,3,10
12/16/2017 05:00:00 PM,17,11,6
12/16/2017 06:00:00 PM,12,5,7
12/16/2017 07:00:00 PM,11,9,2
12/16/2017 08:00:00 PM,8,4,4
12/16/2017 09:00:00 PM,5,2,3
12/16/2017 10:00:00 PM,3,2,1
12/16/2017 11:00:00 PM,1,1,0
12/17/2017 12:00:00 AM,4,2,2
12/17/2017 01:00:00 AM,0,0,0
12/17/2017 02:00:00 AM,2,0,2
12/17/2017 03:00:00 AM,2,0,2
12/17/2017 04:00:00 AM,0,0,0
12/17/2017 05:00:00 AM,1,1,0
12/17/2017 06:00:00 AM,0,0,0
12/17/2017 07:00:00 AM,5,3,2
12/17/2017 08:00:00 AM,5,3,2
12/17/2017 09:00:00 AM,5,3,2
12/17/2017 10:00:00 AM,8,7,1
12/17/2017 11:00:00 AM,18,12,6
12/17/2017 12:00:00 PM,43,28,15
12/17/2017 01:00:00 PM,7,4,3
12/17/2017 02:00:00 PM,7,3,4
12/17/2017 03:00:00 PM,15,6,9
12/17/2017 04:00:00 PM,25,6,19
12/17/2017 05:00:00 PM,18,6,12
12/17/2017 06:00:00 PM,5,4,1
12/17/2017 07:00:00 PM,2,1,1
12/17/2017 08:00:00 PM,2,1,1
12/17/2017 09:00:00 PM,3,1,2
12/17/2017 10:00:00 PM,1,0,1
12/17/2017 11:00:00 PM,4,2,2
12/18/2017 12:00:00 AM,2,0,2
12/18/2017 01:00:00 AM,0,0,0
12/18/2017 02:00:00 AM,2,2,0
12/18/2017 03:00:00 AM,0,0,0
12/18/2017 04:00:00 AM,0,0,0
12/18/2017 05:00:00 AM,9,3,6
12/18/2017 06:00:00 AM,21,8,13
12/18/2017 07:00:00 AM,31,14,17
12/18/2017 08:00:00 AM,56,26,30
12/18/2017 09:00:00 AM,25,13,12
12/18/2017 10:00:00 AM,18,10,8
12/18/2017 11:00:00 AM,14,6,8
12/18/2017 12:00:00 PM,15,5,10
12/18/2017 01:00:00 PM,23,12,11
12/18/2017 02:00:00 PM,22,13,9
12/18/2017 03:00:00 PM,33,27,6
12/18/2017 04:00:00 PM,52,31,21
12/18/2017 05:00:00 PM,71,53,18
12/18/2017 06:00:00 PM,41,31,10
12/18/2017 07:00:00 PM,17,10,7
12/18/2017 08:00:00 PM,8,3,5
12/18/2017 09:00:00 PM,1,1,0
12/18/2017 10:00:00 PM,3,1,2
12/18/2017 11:00:00 PM,0,0,0
12/19/2017 12:00:00 AM,0,0,0
12/19/2017 01:00:00 AM,2,1,1
12/19/2017 02:00:00 AM,1,0,1
12/19/2017 03:00:00 AM,0,0,0
12/19/2017 04:00:00 AM,0,0,0
12/19/2017 05:00:00 AM,7,2,5
12/19/2017 06:00:00 AM,18,7,11
12/19/2017 07:00:00 AM,26,13,13
12/19/2017 08:00:00 AM,31,18,13
12/19/2017 09:00:00 AM,29,14,15
12/19/2017 10:00:00 AM,13,7,6
12/19/2017 11:00:00 AM,10,3,7
12/19/2017 12:00:00 PM,23,11,12
12/19/2017 01:00:00 PM,9,4,5
12/19/2017 02:00:00 PM,25,12,13
12/19/2017 03:00:00 PM,33,23,10
12/19/2017 04:00:00 PM,61,43,18
12/19/2017 05:00:00 PM,88,52,36
12/19/2017 06:00:00 PM,30,18,12
12/19/2017 07:00:00 PM,12,4,8
12/19/2017 08:00:00 PM,9,6,3
12/19/2017 09:00:00 PM,8,5,3
12/19/2017 10:00:00 PM,8,5,3
12/19/2017 11:00:00 PM,0,0,0
12/20/2017 12:00:00 AM,2,1,1
12/20/2017 01:00:00 AM,0,0,0
12/20/2017 02:00:00 AM,1,0,1
12/20/2017 03:00:00 AM,0,0,0
12/20/2017 04:00:00 AM,1,0,1
12/20/2017 05:00:00 AM,10,5,5
12/20/2017 06:00:00 AM,22,10,12
12/20/2017 07:00:00 AM,38,15,23
12/20/2017 08:00:00 AM,69,40,29
12/20/2017 09:00:00 AM,46,21,25
12/20/2017 10:00:00 AM,29,13,16
12/20/2017 11:00:00 AM,23,12,11
12/20/2017 12:00:00 PM,29,13,16
12/20/2017 01:00:00 PM,29,14,15
12/20/2017 02:00:00 PM,33,16,17
12/20/2017 03:00:00 PM,46,31,15
12/20/2017 04:00:00 PM,86,58,28
12/20/2017 05:00:00 PM,80,48,32
12/20/2017 06:00:00 PM,50,34,16
12/20/2017 07:00:00 PM,22,14,8
12/20/2017 08:00:00 PM,6,1,5
12/20/2017 09:00:00 PM,7,0,7
12/20/2017 10:00:00 PM,7,3,4
12/20/2017 11:00:00 PM,3,2,1
12/21/2017 12:00:00 AM,3,0,3
12/21/2017 01:00:00 AM,0,0,0
12/21/2017 02:00:00 AM,1,0,1
12/21/2017 03:00:00 AM,0,0,0
12/21/2017 04:00:00 AM,1,0,1
12/21/2017 05:00:00 AM,10,4,6
12/21/2017 06:00:00 AM,24,13,11
12/21/2017 07:00:00 AM,26,15,11
12/21/2017 08:00:00 AM,39,25,14
12/21/2017 09:00:00 AM,33,18,15
12/21/2017 10:00:00 AM,23,11,12
12/21/2017 11:00:00 AM,22,11,11
12/21/2017 12:00:00 PM,29,12,17
12/21/2017 01:00:00 PM,26,12,14
12/21/2017 02:00:00 PM,17,11,6
12/21/2017 03:00:00 PM,44,24,20
12/21/2017 04:00:00 PM,75,50,25
12/21/2017 05:00:00 PM,70,44,26
12/21/2017 06:00:00 PM,42,29,13
12/21/2017 07:00:00 PM,12,4,8
12/21/2017 08:00:00 PM,9,4,5
12/21/2017 09:00:00 PM,8,2,6
12/21/2017 10:00:00 PM,3,2,1
12/21/2017 11:00:00 PM,2,1,1
12/22/2017 12:00:00 AM,1,0,1
12/22/2017 01:00:00 AM,0,0,0
12/22/2017 02:00:00 AM,0,0,0
12/22/2017 03:00:00 AM,0,0,0
12/22/2017 04:00:00 AM,1,1,0
12/22/2017 05:00:00 AM,6,2,4
12/22/2017 06:00:00 AM,15,8,7
12/22/2017 07:00:00 AM,18,10,8
12/22/2017 08:00:00 AM,25,12,13
12/22/2017 09:00:00 AM,21,13,8
12/22/2017 10:00:00 AM,12,6,6
12/22/2017 11:00:00 AM,11,6,5
12/22/2017 12:00:00 PM,27,10,17
12/22/2017 01:00:00 PM,25,11,14
12/22/2017 02:00:00 PM,29,15,14
12/22/2017 03:00:00 PM,31,20,11
12/22/2017 04:00:00 PM,32,25,7
12/22/2017 05:00:00 PM,39,20,19
12/22/2017 06:00:00 PM,20,11,9
12/22/2017 07:00:00 PM,9,6,3
12/22/2017 08:00:00 PM,6,6,0
12/22/2017 09:00:00 PM,7,3,4
12/22/2017 10:00:00 PM,4,3,1
12/22/2017 11:00:00 PM,3,2,1
12/23/2017 12:00:00 AM,2,2,0
12/23/2017 01:00:00 AM,0,0,0
12/23/2017 02:00:00 AM,2,1,1
12/23/2017 03:00:00 AM,0,0,0
12/23/2017 04:00:00 AM,0,0,0
12/23/2017 05:00:00 AM,3,2,1
12/23/2017 06:00:00 AM,2,1,1
12/23/2017 07:00:00 AM,3,0,3
12/23/2017 08:00:00 AM,5,1,4
12/23/2017 09:00:00 AM,6,1,5
12/23/2017 10:00:00 AM,5,3,2
12/23/2017 11:00:00 AM,4,1,3
12/23/2017 12:00:00 PM,13,7,6
12/23/2017 01:00:00 PM,12,7,5
12/23/2017 02:00:00 PM,14,8,6
12/23/2017 03:00:00 PM,11,7,4
12/23/2017 04:00:00 PM,19,8,11
12/23/2017 05:00:00 PM,11,6,5
12/23/2017 06:00:00 PM,10,5,5
12/23/2017 07:00:00 PM,5,3,2
12/23/2017 08:00:00 PM,1,1,0
12/23/2017 09:00:00 PM,2,2,0
12/23/2017 10:00:00 PM,2,1,1
12/23/2017 11:00:00 PM,9,7,2
12/24/2017 12:00:00 AM,1,0,1
12/24/2017 01:00:00 AM,2,2,0
12/24/2017 02:00:00 AM,1,1,0
12/24/2017 03:00:00 AM,1,0,1
12/24/2017 04:00:00 AM,1,0,1
12/24/2017 05:00:00 AM,1,1,0
12/24/2017 06:00:00 AM,2,0,2
12/24/2017 07:00:00 AM,0,0,0
12/24/2017 08:00:00 AM,0,0,0
12/24/2017 09:00:00 AM,2,2,0
12/24/2017 10:00:00 AM,11,3,8
12/24/2017 11:00:00 AM,4,1,3
12/24/2017 12:00:00 PM,9,5,4
12/24/2017 01:00:00 PM,4,3,1
12/24/2017 02:00:00 PM,5,4,1
12/24/2017 03:00:00 PM,10,6,4
12/24/2017 04:00:00 PM,3,3,0
12/24/2017 05:00:00 PM,2,1,1
12/24/2017 06:00:00 PM,3,1,2
12/24/2017 07:00:00 PM,1,0,1
12/24/2017 08:00:00 PM,0,0,0
12/24/2017 09:00:00 PM,0,0,0
12/24/2017 10:00:00 PM,0,0,0
12/24/2017 11:00:00 PM,1,1,0
12/25/2017 12:00:00 AM,0,0,0
12/25/2017 01:00:00 AM,0,0,0
12/25/2017 02:00:00 AM,0,0,0
12/25/2017 03:00:00 AM,0,0,0
12/25/2017 04:00:00 AM,0,0,0
12/25/2017 05:00:00 AM,1,1,0
12/25/2017 06:00:00 AM,0,0,0
12/25/2017 07:00:00 AM,0,0,0
12/25/2017 08:00:00 AM,0,0,0
12/25/2017 09:00:00 AM,1,0,1
12/25/2017 10:00:00 AM,4,1,3
12/25/2017 11:00:00 AM,4,0,4
12/25/2017 12:00:00 PM,1,1,0
12/25/2017 01:00:00 PM,1,0,1
12/25/2017 02:00:00 PM,2,1,1
12/25/2017 03:00:00 PM,4,4,0
12/25/2017 04:00:00 PM,2,0,2
12/25/2017 05:00:00 PM,1,1,0
12/25/2017 06:00:00 PM,0,0,0
12/25/2017 07:00:00 PM,1,0,1
12/25/2017 08:00:00 PM,0,0,0
12/25/2017 09:00:00 PM,0,0,0
12/25/2017 10:00:00 PM,1,0,1
12/25/2017 11:00:00 PM,2,1,1
12/26/2017 12:00:00 AM,1,0,1
12/26/2017 01:00:00 AM,0,0,0
12/26/2017 02:00:00 AM,0,0,0
12/26/2017 03:00:00 AM,1,0,1
12/26/2017 04:00:00 AM,0,0,0
12/26/2017 05:00:00 AM,6,2,4
12/26/2017 06:00:00 AM,10,4,6
12/26/2017 07:00:00 AM,3,0,3
12/26/2017 08:00:00 AM,4,2,2
12/26/2017 09:00:00 AM,8,4,4
12/26/2017 10:00:00 AM,8,3,5
12/26/2017 11:00:00 AM,7,2,5
12/26/2017 12:00:00 PM,10,4,6
12/26/2017 01:00:00 PM,15,9,6
12/26/2017 02:00:00 PM,13,7,6
12/26/2017 03:00:00 PM,19,12,7
12/26/2017 04:00:00 PM,31,17,14
12/26/2017 05:00:00 PM,17,8,9
12/26/2017 06:00:00 PM,11,8,3
12/26/2017 07:00:00 PM,15,8,7
12/26/2017 08:00:00 PM,6,4,2
12/26/2017 09:00:00 PM,2,1,1
12/26/2017 10:00:00 PM,1,0,1
12/26/2017 11:00:00 PM,2,0,2
12/27/2017 12:00:00 AM,0,0,0
12/27/2017 01:00:00 AM,0,0,0
12/27/2017 02:00:00 AM,2,1,1
12/27/2017 03:00:00 AM,0,0,0
12/27/2017 04:00:00 AM,0,0,0
12/27/2017 05:00:00 AM,7,4,3
12/27/2017 06:00:00 AM,13,8,5
12/27/2017 07:00:00 AM,8,4,4
12/27/2017 08:00:00 AM,28,15,13
12/27/2017 09:00:00 AM,18,13,5
12/27/2017 10:00:00 AM,19,12,7
12/27/2017 11:00:00 AM,42,26,16
12/27/2017 12:00:00 PM,13,5,8
12/27/2017 01:00:00 PM,14,10,4
12/27/2017 02:00:00 PM,15,9,6
12/27/2017 03:00:00 PM,29,19,10
12/27/2017 04:00:00 PM,31,20,11
12/27/2017 05:00:00 PM,44,25,19
12/27/2017 06:00:00 PM,19,15,4
12/27/2017 07:00:00 PM,5,5,0
12/27/2017 08:00:00 PM,12,5,7
12/27/2017 09:00:00 PM,5,1,4
12/27/2017 10:00:00 PM,3,3,0
12/27/2017 11:00:00 PM,5,3,2
12/28/2017 12:00:00 AM,1,1,0
12/28/2017 01:00:00 AM,0,0,0
12/28/2017 02:00:00 AM,2,1,1
12/28/2017 03:00:00 AM,1,0,1
12/28/2017 04:00:00 AM,1,1,0
12/28/2017 05:00:00 AM,10,5,5
12/28/2017 06:00:00 AM,11,3,8
12/28/2017 07:00:00 AM,13,6,7
12/28/2017 08:00:00 AM,31,15,16
12/28/2017 09:00:00 AM,31,20,11
12/28/2017 10:00:00 AM,9,4,5
12/28/2017 11:00:00 AM,9,2,7
12/28/2017 12:00:00 PM,23,12,11
12/28/2017 01:00:00 PM,22,8,14
12/28/2017 02:00:00 PM,18,12,6
12/28/2017 03:00:00 PM,25,19,6
12/28/2017 04:00:00 PM,43,26,17
12/28/2017 05:00:00 PM,37,22,15
12/28/2017 06:00:00 PM,17,10,7
12/28/2017 07:00:00 PM,9,2,7
12/28/2017 08:00:00 PM,3,2,1
12/28/2017 09:00:00 PM,5,4,1
12/28/2017 10:00:00 PM,6,3,3
12/28/2017 11:00:00 PM,2,2,0
12/29/2017 12:00:00 AM,0,0,0
12/29/2017 01:00:00 AM,1,0,1
12/29/2017 02:00:00 AM,0,0,0
12/29/2017 03:00:00 AM,0,0,0
12/29/2017 04:00:00 AM,0,0,0
12/29/2017 05:00:00 AM,6,1,5
12/29/2017 06:00:00 AM,10,5,5
12/29/2017 07:00:00 AM,11,4,7
12/29/2017 08:00:00 AM,17,11,6
12/29/2017 09:00:00 AM,10,7,3
12/29/2017 10:00:00 AM,9,4,5
12/29/2017 11:00:00 AM,4,1,3
12/29/2017 12:00:00 PM,10,5,5
12/29/2017 01:00:00 PM,11,5,6
12/29/2017 02:00:00 PM,13,8,5
12/29/2017 03:00:00 PM,15,11,4
12/29/2017 04:00:00 PM,30,17,13
12/29/2017 05:00:00 PM,18,13,5
12/29/2017 06:00:00 PM,17,11,6
12/29/2017 07:00:00 PM,12,6,6
12/29/2017 08:00:00 PM,5,4,1
12/29/2017 09:00:00 PM,5,3,2
12/29/2017 10:00:00 PM,2,1,1
12/29/2017 11:00:00 PM,0,0,0
12/30/2017 12:00:00 AM,2,1,1
12/30/2017 01:00:00 AM,4,2,2
12/30/2017 02:00:00 AM,6,2,4
12/30/2017 03:00:00 AM,0,0,0
12/30/2017 04:00:00 AM,1,1,0
12/30/2017 05:00:00 AM,1,1,0
12/30/2017 06:00:00 AM,3,2,1
12/30/2017 07:00:00 AM,3,1,2
12/30/2017 08:00:00 AM,8,3,5
12/30/2017 09:00:00 AM,3,1,2
12/30/2017 10:00:00 AM,12,5,7
12/30/2017 11:00:00 AM,7,3,4
12/30/2017 12:00:00 PM,13,3,10
12/30/2017 01:00:00 PM,19,9,10
12/30/2017 02:00:00 PM,10,6,4
12/30/2017 03:00:00 PM,19,12,7
12/30/2017 04:00:00 PM,18,9,9
12/30/2017 05:00:00 PM,7,3,4
12/30/2017 06:00:00 PM,5,5,0
12/30/2017 07:00:00 PM,2,2,0
12/30/2017 08:00:00 PM,6,2,4
12/30/2017 09:00:00 PM,3,2,1
12/30/2017 10:00:00 PM,7,7,0
12/30/2017 11:00:00 PM,2,1,1
12/31/2017 12:00:00 AM,2,2,0
12/31/2017 01:00:00 AM,3,2,1
12/31/2017 02:00:00 AM,3,2,1
12/31/2017 03:00:00 AM,2,2,0
12/31/2017 04:00:00 AM,0,0,0
12/31/2017 05:00:00 AM,1,1,0
12/31/2017 06:00:00 AM,0,0,0
12/31/2017 07:00:00 AM,4,3,1
12/31/2017 08:00:00 AM,2,0,2
12/31/2017 09:00:00 AM,7,6,1
12/31/2017 10:00:00 AM,16,9,7
12/31/2017 11:00:00 AM,10,3,7
12/31/2017 12:00:00 PM,31,19,12
12/31/2017 01:00:00 PM,23,15,8
12/31/2017 02:00:00 PM,10,3,7
12/31/2017 03:00:00 PM,10,6,4
12/31/2017 04:00:00 PM,13,2,11
12/31/2017 05:00:00 PM,27,13,14
12/31/2017 06:00:00 PM,10,6,4
12/31/2017 07:00:00 PM,7,6,1
12/31/2017 08:00:00 PM,4,0,4
12/31/2017 09:00:00 PM,10,3,7
12/31/2017 10:00:00 PM,5,3,2
12/31/2017 11:00:00 PM,2,1,1
